Success,Time,Fitness
True,2.57535766591346,0
True,2.75939532225157,0
True,4.21309272410538,0
True,3.4908318608309,0
True,2.66981543281273,0
True,3.10954210259126,0
True,2.76444942319577,0
True,2.73905394231999,0
True,3.5244023624667,0
True,2.27818252248604,0
True,3.16814093892007,0
True,3.47687814678696,0
True,0.868333665380563,0
True,2.6138015899675,0
True,2.81999989772344,0
True,2.9057500874847,0
True,3.28163487168513,0
True,3.93621769704631,0
True,3.46727209852979,0
True,3.29619177794224,0
True,3.00823414491668,0
True,3.1609298364677,0
True,3.69299724008832,0
True,2.95975405378271,0
True,3.44266266703685,0
True,3.2248797778714,0
True,3.32770124447623,0
True,3.34767606684569,0
True,2.58962785324746,0
True,3.1078567784599,0
True,3.44216048914579,0
True,3.6536459027883,0
True,2.7006473325988,0
True,2.85153718865928,0
True,2.80975746529881,0
True,3.26568267886578,0
True,3.23893860070225,0
True,3.29773790196088,0
True,2.6250869537552,0
True,3.45681286430647,0
True,4.42366639520297,0
True,2.73215643370701,0
True,3.03715475208943,0
True,3.32414326977624,0
True,2.63805563293513,0
True,2.4859500322872,0
True,2.79818451663274,0
True,2.71989107596148,0
True,2.74360875850532,0
True,3.48469672750404,0
True,3.31137694627951,0
True,2.43707846212843,0
True,2.97695010263865,0
True,2.36810407106823,0
True,2.5003850163217,0
True,2.42379173966175,0
True,3.01132388051591,0
True,2.3241733823423,0
True,2.58144443824637,0
True,2.2905391056833,0
True,2.57031068804035,0
True,2.63663130831458,0
True,2.82110169181471,0
True,2.99846475068183,0
True,3.68189367233679,0
True,3.53034680153937,0
True,2.75145887438834,0
True,3.10602830280277,0
True,3.94123315699853,0
True,2.886032655697,0
True,0.285985029905522,0
True,2.24385641713425,0
True,3.25097715411261,0
True,2.78465279526257,0
True,3.51262849856852,0
True,3.28849997945933,0
True,3.62416423623494,0
True,3.21437395621233,0
True,2.82490798724724,0
True,4.57434915642398,0
True,3.29483207080683,0
True,3.41420570910847,0
True,3.05592495614747,0
True,4.1169038972274,0
True,3.29002047994799,0
True,2.59040129979169,0
True,3.43966889291271,0
True,2.71288394273252,0
True,3.13409107450401,0
True,2.71562472174437,0
True,3.89837608085954,0
True,3.73008588878836,0
True,2.47822773818387,0
True,3.84457767183716,0
True,2.88106761572574,0
True,3.84108149361201,0
True,3.89417256422716,0
True,2.98839256170203,0
True,4.50815055768852,0
True,3.62948353399214,0
True,3.6953026685679,0
True,2.47286505553825,0
True,4.28323910016039,0
True,2.72570731486292,0
True,2.18686291627127,0
True,0.36589145471805,0
True,3.2152684944973,0
True,3.59676947142882,0
True,2.88515534874518,0
True,3.10601304912496,0
True,1.74380419529778,0
True,3.33299571486409,0
True,2.76383022924689,0
True,3.85474317040765,0
True,4.06535056693856,0
True,3.72440355188095,0
True,2.86389248774783,0
True,2.82566971515737,0
True,0.754666994625261,0
True,3.74875778753691,0
True,2.44922180546022,0
True,3.12288988250411,0
True,3.49666542625396,0
True,2.94419998749966,0
True,2.59728323156832,0
True,2.91516352191725,0
True,3.23447587447273,0
True,3.16365085288347,0
True,3.13153644801427,0
True,4.09666406607318,0
True,3.18636675731134,0
True,3.34553459131926,0
True,3.20568745592971,0
True,3.1733802602123,0
True,2.92718079758474,0
True,3.95816633466756,0
True,3.87854039426412,0
True,2.67701897612362,0
True,2.45640271527203,0
True,3.30802972743795,0
True,2.26912183517314,0
True,3.40479976910931,0
True,3.45308752308652,0
True,3.0578999851067,0
True,2.4266553281086,0
True,2.31528839619308,0
True,3.0361890198694,0
True,2.85302259721755,0
True,2.52013262652282,0
True,2.68520619462454,0
True,2.67719355176673,0
True,2.9221805831924,0
True,2.58630821330681,0
True,2.27622208079832,0
True,3.21752961009061,0
True,3.24748363085284,0
True,4.0983245168586,0
True,3.80829904715688,0
True,2.73451571309635,0
True,4.02417836986396,0
True,3.01862232987698,0
True,3.70977576960236,0
True,3.26874569654074,0
True,2.45665495122747,0
True,2.82829051895274,0
True,3.82442475566357,0
True,4.43366669533324,0
True,3.64681318066739,0
True,3.74845506869699,0
True,2.55653483657601,0
True,2.31965332123357,0
True,0.544742889937275,0
True,2.51192601210993,0
True,2.89364680048891,0
True,3.28681927153941,0
True,3.14630818468273,0
True,3.07023882023105,0
True,2.3360444755814,0
True,2.89037515402854,0
True,2.35327071254354,0
True,4.2538918377696,0
True,2.38033191303522,0
True,2.87987537192729,0
True,3.64783084510331,0
True,2.65591617365329,0
True,2.75911387111063,0
True,3.88311497375862,0
True,2.76338698360062,0
True,2.79957920088624,0
True,3.91306284459678,0
True,3.27921439737876,0
True,2.84626824283683,0
True,3.29369229930613,0
True,3.01434000746845,0
True,3.56562287614636,0
True,2.58304277580246,0
True,2.98852005374344,0
True,3.40094311429579,0
True,2.67643612203928,0
True,2.52020343478656,0
True,2.93559851138159,0
True,3.31785506291411,0
True,2.57696171336091,0
True,2.40753177649439,0
True,3.11645871437496,0
True,3.14610159267251,0
True,3.08055663716717,0
True,3.2941852699055,0
True,0.170518317063124,0
True,3.19944785101358,0
True,2.6150722739378,0
True,3.23627482450058,0
True,3.14420420088305,0
True,3.38106236615138,0
True,2.39523352971682,0
True,2.86784307978527,0
True,3.43129725008175,0
True,2.56461816653692,0
True,2.46819422025673,0
True,2.99025817258381,0
True,2.3656035020137,0
True,3.25981183191513,0
True,3.24891839111786,0
True,2.6310729753802,0
True,2.88779567849054,0
True,2.59771160076983,0
True,3.16497090876588,0
True,3.77712740091644,0
True,3.30331279382898,0
True,3.61017494554744,0
True,2.78740662798825,0
True,2.21796710944242,0
True,2.66971001017694,0
True,3.23579304009573,0
True,2.59420211850376,0
True,2.00481351495206,0
True,2.86883787767704,0
True,4.02051269694069,0
True,3.8628302834439,0
True,2.7084411205351,0
True,2.331391258169,0
True,3.04168755097588,0
True,2.66956582216227,0
True,2.63360199332704,0
True,1.95857560957512,0
True,2.95623305622498,0
True,3.01025961770831,0
True,3.68516926684287,0
True,3.53683589027663,0
True,3.15494871051082,0
True,2.99774500442443,0
True,2.46941058483853,0
True,3.63284488452418,0
True,3.6174949532322,0
True,3.39882735958,0
True,2.94265479293151,0
True,3.52164039629533,0
True,4.03763434965028,0
True,3.37032891413467,0
True,2.55753638444949,0
True,3.24936380262896,0
True,2.79057222858617,0
True,2.83461840295795,0
True,2.73159357133473,0
True,2.47084678996136,0
True,2.73823020431095,0
True,3.22032560222139,0
True,3.24693758789136,0
True,2.57481342488358,0
True,2.6507635155984,0
True,3.06566449520622,0
True,3.06950140150223,0
True,3.03898300577325,0
True,3.56550554368435,0
True,3.88358349698806,0
True,3.07809181208401,0
True,2.83022131158977,0
True,3.99171981239884,0
True,2.91623108246308,0
True,3.74616809439547,0
True,3.87324088392225,0
True,3.76490682443691,0
True,2.98562433299164,0
True,2.61976517347971,0
True,2.67727816497648,0
True,2.83237855949483,0
True,4.05411506108241,0
True,3.40914187554529,0
True,3.4252374383325,0
True,2.93238262341256,0
True,4.45651117004881,0
True,3.81396303354986,0
True,3.27940346713009,0
True,2.23216242586663,0
True,2.72533736195051,0
True,1.75050919627836,0
True,2.7646372501483,0
True,3.37963379393514,0
True,3.02099619753717,0
True,2.71172479753094,0
True,3.9970175796668,0
True,3.17179552929206,0
True,2.93968624248605,0
True,2.95478892897641,0
True,4.19109436556693,0
True,3.02238654479101,0
True,3.75327913271934,0
True,3.27518009092774,0
True,2.7754685096514,0
True,2.52379606442486,0
True,2.61710229885014,0
True,3.49902885757097,0
True,3.0414496686746,0
True,3.18662555050212,0
True,2.45597354547304,0
True,2.36501435738553,0
True,2.58789964593024,0
True,2.51837752469797,0
True,2.48155014509834,0
True,2.23473193227398,0
True,2.68009346145691,0
True,2.51475981908653,0
True,3.06722388036393,0
True,3.42441797537879,0
True,2.90334166364282,0
True,3.98959361198839,0
True,4.18874155406878,0
True,3.44770127233111,0
True,3.93479359818024,0
True,3.02588689077138,0
True,2.9505326846687,0
True,3.1064884363931,0
True,3.13674184831988,0
True,3.52554068712861,0
True,2.36356852703284,0
True,3.72473056258936,0
True,2.79715913758512,0
True,3.17035686012122,0
True,2.96547748917468,0
True,3.03358201045982,0
True,3.51533058991404,0
True,3.40386792293679,0
False,4.92149333954583,4.53003831846096E-05
True,2.76124155418453,0
True,3.3026687952135,0
True,3.55893244569533,0
True,2.52068348510185,0
True,2.62985914329411,0
True,2.82270951576601,0
True,2.73851116491742,0
True,2.11168803085986,0
True,2.36167885172857,0
True,2.47294383946619,0
True,3.58898469092669,0
True,3.03389704517879,0
True,3.39454710129917,0
True,3.29020810746916,0
True,3.11517843721642,0
True,2.91629185527161,0
True,2.90699166039381,0
True,3.5049754834823,0
True,3.10208556232469,0
True,3.3172394681399,0
True,1.98826211733798,0
True,3.10871912737258,0
True,3.0575653862991,0
True,3.43608225426515,0
True,3.43753695540131,0
True,2.59456436752597,0
True,2.74757804608192,0
True,2.62426552631713,0
True,2.11745864189021,0
True,2.80875579510852,0
True,2.82707884212259,0
True,3.45456514650945,0
True,3.10394763910505,0
True,3.66423781048366,0
True,4.06808919360033,0
True,3.74664326457845,0
True,3.03344199486089,0
True,3.49471226908673,0
True,2.17503360030809,0
True,3.41081265939976,0
True,2.77340637493122,0
True,2.31015704093265,0
True,2.44594730251017,0
True,2.19470578282795,0
True,4.18134979917213,0
True,2.96343026562572,0
True,3.76514959386739,0
True,3.53957645139734,0
True,3.36608140656236,0
True,4.06513911891468,0
True,2.52043272875351,0
True,3.84997548464455,0
True,2.71434322644731,0
True,2.71029435129448,0
True,2.44849469575264,0
True,2.86029499370733,0
True,3.31256843517766,0
True,3.05274694124941,0
True,2.62951719894568,0
True,2.33621425368996,0
True,3.48734299498774,0
True,3.08383597559898,0
True,2.85849045868177,0
True,1.66068021660506,0
True,3.53065681144442,0
True,3.52304553268385,0
True,3.15222522583547,0
True,2.81105864901226,0
True,3.35802749125238,0
True,3.38771863697914,0
True,3.50486624919023,0
True,3.9605056482499,0
True,2.59970289378096,0
True,3.74137948192107,0
True,2.71964838161496,0
True,3.18493256910528,0
True,3.55269035892795,0
True,2.95427611851403,0
True,3.73086311898738,0
True,2.34482041210392,0
True,2.62765843056273,0
True,3.30609888517842,0
True,2.95286943358388,0
True,3.71780625839094,0
True,3.50984298418188,0
True,4.06015228889956,0
True,3.24710562180922,0
True,1.94044151488496,0
True,2.40952010841226,0
True,3.7602237967554,0
True,4.01136901225957,0
True,3.5191858641603,0
True,3.16730411652644,0
True,3.16046094683028,0
True,2.85128895357486,0
True,2.86364692623089,0
True,3.75431501250717,0
True,3.64738234280016,0
True,4.0329719852666,0
True,0.792689513502272,0
True,3.75768502605942,0
True,2.20244896308939,0
True,3.27161093124622,0
True,3.35995643328215,0
True,3.47703102536001,0
True,2.20358938234162,0
True,3.06988841178397,0
True,2.8801976731464,0
True,3.56212660056749,0
True,2.80796153597216,0
True,3.02978690114389,0
True,3.2902221330257,0
True,3.41736306290093,0
True,3.90687950885394,0
True,2.54174735105339,0
True,2.46346768277986,0
True,2.81411243212481,0
True,2.65605512563111,0
True,2.99781311438753,0
True,3.88056656797335,0
True,2.52213788492228,0
True,2.97275427042588,0
True,3.26740877226027,0
True,2.84401637464307,0
True,3.60216997028901,0
True,2.52455688251392,0
True,2.82829457869441,0
True,2.91835332194184,0
True,2.9592823504872,0
True,3.34955404412097,0
True,3.98895811978502,0
True,3.21749256745472,0
True,2.99199254593398,0
True,3.3654700135771,0
True,2.97203476884945,0
True,2.5067389574944,0
True,2.78397731815382,0
True,3.23615444436345,0
True,2.13127987637168,0
True,3.17093739513845,0
True,2.81882451345656,0
True,2.98836452187415,0
True,3.0763322758675,0
True,2.59299328722589,0
True,4.51912109955908,0
True,2.80476294395904,0
True,3.21728444749088,0
True,4.232574467702,0
True,2.56171639693172,0
True,2.44184942699481,0
True,3.10932798972622,0
True,2.70590785083461,0
True,3.11265018024294,0
True,2.68445295869049,0
True,3.89843435207004,0
True,2.9100325559271,0
True,2.1207931335396,0
True,3.12470999771529,0
True,3.16812405889816,0
True,3.02627278233448,0
True,3.68483462251419,0
True,2.69135453268634,0
True,3.05069537185465,0
True,3.19283928224752,0
True,3.29627641667789,0
True,3.29215086256448,0
True,2.81699253481025,0
True,2.74111816969501,0
True,3.09059120344696,0
True,3.81854431136993,0
True,2.07228401351457,0
True,2.64286542021489,0
True,3.27818691911743,0
True,2.79934749831946,0
True,2.92713422473395,0
True,2.87783478431273,0
True,2.30566215888802,0
True,3.08051622332158,0
True,3.10377367614679,0
True,2.36710943377719,0
True,2.75849290577826,0
True,3.11085814350406,0
True,3.22686686646536,0
True,2.8397836506452,0
True,2.58610529806064,0
True,2.83410815530776,0
True,4.56218106470891,0
True,2.39013179477567,0
True,3.56944991460302,0
False,4.02381167272102,0.000231299272689727
True,2.92069762324912,0
True,3.70233946438699,0
True,2.28537935231006,0
True,3.48807706629851,0
True,2.72113320189881,0
True,3.28170311996399,0
True,3.48228350966866,0
True,3.11629671698211,0
True,3.68402249451064,0
True,2.65419572786176,0
True,3.02049094992062,0
True,3.33711451964035,0
True,3.1218733662388,0
True,3.17283349431446,0
True,2.54873884519655,0
True,3.69149107275592,0
True,3.16416218692825,0
True,2.51477722693074,0
True,2.15566437532576,0
True,2.86597076904784,0
True,3.2585644098887,0
True,3.68682143784249,0
True,3.42874702037304,0
True,2.56081338974641,0
True,2.96127654029764,0
True,3.60501276247359,0
True,3.28481960539524,0
True,3.4496421979388,0
True,2.86303807525722,0
True,2.30450325841306,0
True,3.48058290517427,0
True,2.3322491179878,0
True,2.69642618984586,0
True,2.75097240476939,0
True,2.24558935372332,0
True,1.9449977242413,0
True,3.02869569371794,0
True,3.04103878089436,0
True,2.66829421119367,0
True,2.61376325339929,0
True,2.62962930666416,0
True,3.31094251570902,0
True,3.38207217578938,0
True,3.43430365783242,0
True,3.74095061787701,0
True,2.95730595314852,0
True,3.62211144883006,0
True,2.26293151134726,0
True,2.00649494294821,0
True,2.77333263535204,0
True,2.62743610310674,0
True,2.93199037871948,0
True,3.5234571395949,0
True,2.60553796764718,0
True,2.79256317270686,0
True,3.64520047812654,0
True,4.09193009016879,0
True,2.87982576799047,0
True,2.9802296738597,0
True,3.24428096667596,0
True,2.84023431114095,0
True,2.96107043602666,0
True,2.45348010911516,0
True,2.66907565771587,0
True,3.28340121020997,0
True,3.29872060386198,0
True,3.87753838075422,0
True,2.96312895167624,0
True,3.41220385305943,0
True,3.39987867130232,0
True,3.10236842525398,0
True,2.96220511346886,0
True,2.74713260852217,0
True,2.62675530165332,0
True,3.08133424776278,0
True,3.72525386349796,0
True,1.64548268416491,0
True,2.84267728043492,0
True,2.70172412338601,0
True,2.87130185578809,0
True,3.51384350411038,0
True,2.80711983563301,0
True,2.88942354564052,0
True,2.42515525158032,0
True,2.4558000390659,0
True,3.24911701041855,0
True,2.71596496245795,0
True,3.94444064328498,0
True,3.94519353172538,0
True,3.45137465883526,0
True,2.4318908997987,0
True,2.79211556757164,0
True,3.37961658769291,0
True,2.85258995224927,0
True,4.12094137353388,0
True,3.80434407890445,0
True,2.58526661839738,0
True,2.61168819604111,0
True,3.72666083872008,0
True,4.03154381046372,0
True,4.51297255202875,0
True,2.85669367366996,0
True,2.88968537257488,0
True,3.00589275653415,0
True,2.84240091736448,0
True,2.96354733537927,0
True,2.50370385943332,0
True,2.74135147091332,0
True,2.92507916559659,0
True,2.80681518724582,0
True,3.40392610003316,0
True,3.04797298812966,0
True,2.15368495874603,0
True,2.95686875998918,0
True,3.12299826489415,0
True,3.25908318760541,0
True,2.88979204891871,0
True,2.21765514450993,0
True,3.72719829446644,0
True,3.73310297412912,0
True,3.44243043434289,0
True,3.08418611403153,0
True,2.40349310064766,0
True,2.67969514048793,0
True,1.82768140031564,0
True,2.9982003070214,0
True,4.1943553197271,0
True,3.21767142945509,0
True,3.01161485002696,0
True,1.75845522059106,0
True,2.97586467413248,0
True,2.67887263817883,0
True,3.03074619976908,0
True,2.98066374935354,0
True,3.88857215533308,0
True,3.26637957394901,0
True,3.44025289128259,0
True,3.43664989041908,0
True,3.82626144456049,0
True,3.09455010983593,0
True,1.40490898977476,0
True,2.90654077866524,0
True,2.91518608093457,0
True,3.37476277533036,0
True,3.10679930636205,0
True,2.04131907192912,0
True,3.22079893019602,0
True,3.57968060861932,0
True,3.33499991219449,0
True,2.98886869115798,0
True,3.91859703072943,0
True,3.46325875896394,0
True,3.01071193725844,0
True,2.95051911170524,0
True,2.09480340668314,0
True,2.19566645358003,0
True,2.15985146090543,0
True,3.11116830437079,0
True,3.2339965576982,0
True,5.4265531527549,0
True,3.57261968968349,0
True,3.30206364879981,0
True,3.31402772312783,0
True,2.18894017890109,0
True,2.86963574313185,0
True,2.5874252071829,0
True,4.00065731648792,0
True,3.21362564715063,0
True,3.18809632364524,0
True,2.9590383299925,0
True,3.01110079273472,0
True,3.2322436010228,0
True,2.64659598673255,0
True,2.91817488677561,0
True,3.8899259409903,0
True,2.5836691554313,0
True,3.80050982964895,0
True,2.89229091730187,0
True,2.85921293154724,0
True,2.66883020024931,0
True,3.18105179489,0
True,3.93424377566056,0
True,2.3956290206372,0
True,2.56004833990757,0
True,3.31407738311178,0
True,1.63818809934903,0
True,3.42906213926996,0
True,3.53178906160383,0
True,3.25863659683141,0
True,4.07369711139339,0
True,0.910382973556815,0
True,2.6058434666365,0
True,2.48829208494305,0
True,2.41186830372933,0
True,3.26452396324666,0
True,2.74784733296036,0
True,3.02755528624401,0
True,3.14134068842857,0
True,3.6938005347094,0
True,3.61343017991267,0
True,3.32621938568134,0
True,0.338295311461717,0
True,2.38216890810915,0
True,2.51930212610108,0
True,2.66747756701123,0
True,3.51454843727127,0
True,3.26050009875102,0
True,2.87546656791725,0
True,3.14166659805149,0
True,3.02169162852673,0
True,2.6472681254094,0
True,3.12760440630173,0
True,3.18739697415451,0
True,2.55705009870698,0
True,3.729521427366,0
True,1.74235541392501,0
True,2.5356412779452,0
True,3.67445838475362,0
True,2.4210825399809,0
True,3.90638992101942,0
True,3.75684822866845,0
True,2.95124755372256,0
True,3.01717411522107,0
True,1.89470205567192,0
True,2.44983050857892,0
True,3.56025126480273,0
True,2.45912589825785,0
True,2.75187529418452,0
True,3.54301259487365,0
True,3.72743876789542,0
True,3.5010514604928,0
True,3.80389082813313,0
True,2.6856787243016,0
True,3.48776647797903,0
True,4.04331311449631,0
True,2.91600968479563,0
True,3.38683973425439,0
True,2.66095523507928,0
True,2.3973888695575,0
True,2.6782622620331,0
True,3.25635978363468,0
True,3.0429865440031,0
True,3.26175561998184,0
True,2.19140791269408,0
True,3.17680156534024,0
True,3.81020587355728,0
True,3.9688619996422,0
True,3.32312440270715,0
True,2.41112122821003,0
True,2.56617923174142,0
True,2.88878587658379,0
True,3.14089828897255,0
True,2.6689041787447,0
True,3.18893368510864,0
True,3.22021832297034,0
True,3.55224296160149,0
True,3.03025859039731,0
True,2.68839655615618,0
True,3.44097432990667,0
True,3.25012197990722,0
True,2.94783989735405,0
True,4.00008548069764,0
True,2.74783607504165,0
True,3.34361260370214,0
True,4.21032669969423,0
True,2.64964919519931,0
True,5.25150344726042,0
True,2.62656193504218,0
True,3.46913088836559,0
True,3.63885293371515,0
True,3.58357221530613,0
True,3.27690556292865,0
True,2.48934701568379,0
True,3.52391355124842,0
True,3.44531118331623,0
True,2.80501300283431,0
True,4.05567261153588,0
True,3.07908992674353,0
True,2.92028117932484,0
True,3.61324631646238,0
True,3.60869139403315,0
True,2.74151349575256,0
True,2.32542450821758,0
True,3.91468845202929,0
True,3.1630962781401,0
True,2.48832534642026,0
True,2.34721245621486,0
True,2.53891525899753,0
True,3.37264027734804,0
True,3.23671724629585,0
True,3.38666584502124,0
True,2.98734438309664,0
True,3.57078010690975,0
True,1.93534850822195,0
True,3.80342264051716,0
True,3.90176521182832,0
True,3.18842869963086,0
True,2.74928128794716,0
True,2.8119275590878,0
True,3.0805150562979,0
True,3.19218973608752,0
True,2.7398874104811,0
True,3.3402106388537,0
True,3.44690139503773,0
True,2.44001311400127,0
True,3.43112339438423,0
True,3.12578847853704,0
True,2.42974429080868,0
True,3.47196486019816,0
True,2.6357309845017,0
True,3.08886669313858,0
True,3.56841249857739,0
True,2.18604074471085,0
True,1.50591503752396,0
True,2.80336768748426,0
True,3.20336953093916,0
True,2.30643473841945,0
True,2.75452958470546,0
True,3.39811612201845,0
True,3.05391199126517,0
True,3.3796546440768,0
True,3.58065506226113,0
True,3.16182675760128,0
True,2.78798542760148,0
True,3.63236489813551,0
True,3.509824628667,0
True,4.18179011268499,0
True,3.66867214971713,0
True,3.43426532052382,0
True,2.99877019974815,0
True,3.17509179859849,0
True,3.38003466465753,0
True,2.37758791051397,0
True,4.03062894780999,0
True,3.05534246995648,0
True,3.81450204803082,0
True,3.06663677815449,0
True,3.82979383389995,0
True,3.11227106352755,0
True,2.94356372812854,0
True,2.57765071595199,0
True,3.19318612800333,0
True,1.1479088736137,0
True,3.07122903310748,0
True,3.32145096691041,0
True,2.88770220760525,0
True,2.33001923970203,0
True,3.09523994917035,0
True,4.21879690587437,0
True,3.2336486386202,0
True,3.68487832386213,0
True,3.58208175463984,0
True,3.28828548751657,0
True,3.13669955682384,0
True,2.89328055442627,0
True,3.03509720026991,0
True,3.27836168924205,0
True,3.19670703130673,0
True,3.28082565873967,0
True,3.50524603552988,0
True,3.21862599683705,0
True,1.86199727618661,0
True,2.1695418214685,0
True,2.57260593652174,0
True,3.10581199311108,0
True,2.17178051312417,0
True,3.19442556406004,0
True,3.33630025226747,0
True,3.10503410439954,0
True,1.17169956925965,0
True,1.93172347203354,0
True,2.59018516740079,0
True,3.36477109775211,0
True,2.37179176114394,0
True,3.43936350893776,0
True,2.32818734005237,0
True,3.55736719169462,0
True,4.15817925168877,0
True,2.78385620704554,0
True,3.19816984570498,0
True,3.05009270065607,0
True,1.97774613856542,0
True,1.6097730287834,0
True,2.84677209761016,0
True,1.96379938095291,0
True,3.24426217379529,0
True,3.64998864389947,0
True,3.22676967663141,0
True,2.99044767795467,0
True,2.88511055150928,0
True,3.4178724230281,0
True,3.44359905068792,0
True,2.73422537652103,0
True,3.16735796996199,0
True,3.2919822182771,0
True,2.62694341230267,0
True,3.26839178162144,0
True,3.99328503672366,0
True,2.96329345223561,0
True,3.29827862319605,0
True,3.88250185583747,0
True,2.75594066796085,0
True,3.30813115612635,0
True,3.33357170024164,0
True,1.31118854008479,0
True,2.35971825738045,0
True,3.76411336956655,0
True,2.92014544180935,0
True,2.56033072253539,0
True,1.27937641389549,0
True,3.11423218989194,0
True,3.00126106468293,0
True,2.68810400524543,0
True,3.03108937257314,0
True,3.21443709489753,0
True,3.4400344833197,0
True,3.19640063521555,0
True,3.07495626711883,0
True,3.63869663466294,0
True,2.80583015576312,0
True,3.91696794345948,0
True,3.08700706733604,0
True,2.32132098752687,0
True,3.32818269951491,0
True,3.17218648725627,0
True,2.93708554347919,0
True,3.3328109255678,0
True,2.60814487888983,0
True,3.03590754817203,0
True,3.23537046888641,0
True,4.21732266626906,0
True,3.15937769400626,0
True,3.23105906843297,0
True,3.93966995713205,0
True,2.64750801241978,0
True,3.23932465953394,0
True,1.02769994177439,0
True,3.19369248325944,0
True,2.49392940430988,0
True,2.71653263433889,0
True,2.25214628000043,0
True,3.20672766575783,0
True,2.92588828335662,0
True,3.22928288593724,0
True,3.74818020151389,0
True,3.45591996700592,0
True,2.95281516245388,0
True,2.86300230419057,0
True,2.8121444840251,0
True,2.0195063681236,0
True,4.01150328114818,0
True,3.49429841573891,0
True,3.94526318558681,0
False,3.53363358568698,1.39553048195994E-05
True,3.59709388106468,0
True,3.80936567147485,0
True,2.88920488458869,0
True,2.44915205750964,0
True,3.30159395256045,0
True,3.60650234466189,0
True,3.33084265906551,0
True,3.0950311896647,0
True,3.04145514528465,0
True,3.16739505336283,0
True,3.41099300700745,0
True,3.90946052474698,0
True,2.73355188405572,0
True,3.45617767726752,0
True,2.91659658862029,0
True,2.91718873081872,0
True,3.1548482462764,0
True,3.41768954790429,0
True,3.29576721454103,0
True,3.45538232423465,0
True,4.16239566336689,0
True,2.61341075900909,0
True,2.40678460421681,0
True,2.7017466954513,0
True,2.94336637829268,0
True,3.47215923548584,0
True,3.74321829403513,0
True,2.64601973779678,0
True,3.33807901542052,0
True,2.76882980546802,0
True,1.12559350045589,0
True,2.88940815640974,0
True,3.13654647743186,0
True,2.98837801130194,0
True,3.14541846745822,0
True,3.4562906456694,0
True,3.71825476812539,0
True,3.38179808424981,0
True,2.86210335970302,0
True,3.1417772429234,0
True,0.807872459739442,0
True,3.3898901129444,0
True,2.64672004102779,0
True,2.84840036117187,0
True,3.37834159862726,0
True,3.10209825297161,0
True,3.05598508854575,0
True,2.96522993440897,0
True,3.36928846041759,0
True,2.81180079245377,0
True,3.81460695397342,0
True,3.08335812461205,0
True,2.76457841883047,0
True,2.73019600824204,0
True,3.1308528406042,0
True,2.43431001850346,0
True,2.9397312990147,0
True,3.06770331835106,0
True,3.42603887568695,0
True,2.15358082575757,0
True,2.69271156017636,0
True,3.62506105554035,0
True,2.70536343069015,0
True,4.24335800643482,0
True,2.31706686875027,0
True,2.44642732981269,0
True,2.80444944240452,0
True,3.68258642725539,0
True,2.49553026865608,0
True,3.11635526966995,0
True,3.09216638399977,0
True,3.2981950300129,0
True,2.38083118467384,0
True,2.98495182791058,0
True,2.64155237239921,0
True,2.63555132239695,0
True,3.25266117396302,0
True,3.71824271212588,0
True,3.25821425119248,0
True,3.27267545124822,0
True,2.7118461288924,0
True,2.78927414245765,0
True,3.24177298534494,0
True,3.28248526910042,0
True,2.64347392006609,0
True,2.91088530259506,0
True,1.81735567305071,0
True,3.85625659443006,0
True,2.64790929700905,0
True,3.14260883096602,0
True,3.00481079900876,0
True,3.39259879764791,0
True,2.50744184070365,0
True,2.73795984415507,0
True,1.8559349573129,0
True,2.79666637912883,0
True,2.52480785371832,0
True,3.1682725622678,0
True,4.05556378171881,0
True,4.47495793435283,0
True,2.47198645780359,0
True,3.27380883284762,0
True,2.55574773244225,0
True,2.0658276445009,0
True,3.12265921367497,0
True,2.36117020817068,0
True,3.71685327005556,0
True,3.5781228160816,0
True,3.42649552528918,0
True,0.51112983317168,0
True,3.22506596403024,0
True,3.047002154018,0
True,3.05308563195159,0
True,2.2782198661197,0
True,2.72703234044074,0
True,2.54317728029261,0
True,2.90962220309541,0
True,3.76901610883518,0
True,3.47690489677747,0
True,3.32704204865453,0
True,3.56054156966328,0
True,4.04422385626642,0
True,3.80477990697411,0
True,2.90622896820477,0
True,3.16776194290271,0
True,3.02327064390961,0
True,3.10933439786413,0
True,2.84437717992898,0
True,3.04343327909051,0
True,3.30835719730575,0
True,2.87480704693987,0
True,3.19915514577212,0
False,4.63988979297799,3.09074961376721E-05
True,2.88891763270357,0
True,3.06429864325659,0
True,4.12708100328102,0
True,3.06650831840972,0
True,2.93093954959124,0
True,2.80897673374269,0
True,3.2161370543338,0
True,0.808984314035226,0
True,3.19780873629367,0
True,3.20851592157746,0
True,3.22191428518337,0
True,3.14135160372017,0
True,4.30342490583882,0
True,4.08325313742818,0
True,2.87268256070998,0
True,3.06554717854601,0
True,3.18127243875098,0
True,3.18007601158762,0
True,2.70479020053061,0
True,3.72116784533144,0
True,2.82029559460674,0
True,3.54896371735368,0
True,3.2155876950289,0
True,3.61117239527212,0
True,3.12573831222131,0
True,2.79935629238285,0
True,3.81778851836071,0
True,4.15118319322569,0
True,3.70498329850341,0
True,1.70045635613948,0
True,3.42044558011411,0
True,3.02405247443316,0
True,3.53549551560634,0
True,3.86367003541077,0
True,3.12612777651763,0
True,3.13266543312365,0
True,2.31079745473413,0
True,3.89028125575254,0
True,3.3158702404742,0
True,3.00368983939685,0
True,3.66985559342493,0
True,3.00973010163898,0
True,2.67984415026236,0
True,3.28629200218954,0
True,3.46825977017432,0
True,2.98276282859167,0
True,3.75506751988696,0
True,3.60963043086242,0
True,3.87739428940813,0
True,0.813149482374585,0
True,2.68022717126238,0
True,3.71848906870413,0
True,3.33676933544617,0
True,3.8669038584233,0
True,3.81137589100975,0
True,3.87124777536872,0
True,3.08876021882984,0
True,2.48890366622144,0
True,2.40626436774825,0
True,3.49953725350581,0
True,3.25849560268544,0
True,3.72916004618064,0
True,3.04551512286439,0
True,3.36652113399635,0
True,3.52717801613019,0
True,2.83628619685385,0
True,3.69492321319321,0
True,0.231322212405535,0
True,2.92634107773523,0
True,4.87025218914877,0
True,3.55203752114421,0
True,2.98071234625867,0
True,2.99767076307633,0
True,2.50522160756466,0
True,3.64178854416152,0
True,3.24539644288138,0
True,3.11997624369849,0
True,3.25238494765271,0
True,3.3381153774238,0
True,2.59525643478944,0
True,3.00020181111566,0
True,3.19048528887518,0
True,2.26873972047436,0
True,2.71113842280385,0
True,2.88790999053802,0
True,3.41458761302987,0
True,3.81173254059688,0
True,3.02318756949269,0
True,2.57884337545215,0
True,3.92562472850695,0
True,3.0562982659563,0
True,3.07519250249944,0
True,3.09149181899396,0
True,3.6377846236055,0
True,2.98191470649071,0
True,2.88113171359155,0
True,4.25503836166046,0
True,3.72231615848968,0
True,3.56515793983609,0
True,3.64449815378365,0
True,2.61311852822719,0
True,3.49663131608916,0
True,3.20260229222621,0
True,2.94094439863784,0
True,2.96236139214098,0
True,2.7320810679957,0
True,2.51764845390944,0
True,2.54825672312601,0
True,3.1209177815803,0
True,2.17091202718582,0
True,2.80715068652589,0
True,3.54122429125348,0
True,2.79891579375547,0
True,2.80355390792815,0
True,3.19216255997794,0
True,4.29513384467562,0
True,4.02729484934929,0
True,3.49396409541358,0
True,2.21974287431219,0
True,4.14746758810876,0
True,3.11468856393407,0
True,1.84890592474161,0
True,2.91225214244318,0
True,3.29990590406887,0
True,4.05958042137462,0
True,2.95076300352952,0
True,3.64641384985108,0
True,2.96541225660094,0
True,3.22172471843984,0
True,3.12286888625616,0
True,2.90606525916545,0
True,3.28299354131662,0
True,3.70883970044368,0
True,3.81332506566263,0
True,2.49124674918808,0
True,3.72399390987194,0
True,1.44338300739606,0
True,3.07846391514106,0
True,2.79821729380975,0
True,1.95716643900133,0
True,2.76773047967606,0
True,2.95631864732563,0
True,3.61658579838691,0
True,4.11217473002128,0
True,2.94200135654819,0
True,3.657103617609,0
True,1.91511581017093,0
True,2.65332246172354,0
True,3.52500466190149,0
True,3.90064420312559,0
True,3.08388680266527,0
True,3.06307760046254,0
True,3.70275258137445,0
True,3.57244917753897,0
True,3.14368436399276,0
True,3.12441675630662,0
True,3.77421974515767,0
True,3.82464266468712,0
True,3.43472629942824,0
True,2.57455231107054,0
True,2.96000844081329,0
True,2.08474108896953,0
True,2.57656068517902,0
True,3.31208306920893,0
True,3.06314955244668,0
True,4.02719601714704,0
True,3.99457760013889,0
True,3.16929155025845,0
True,2.65703897244218,0
True,3.37957235206427,0
True,2.77826991462632,0
True,3.46249035800587,0
True,3.47938523572534,0
True,3.21289994905878,0
True,3.3837685116655,0
True,3.39232589269514,0
True,3.97663312632368,0
True,3.15758672703829,0
True,3.27638872936787,0
True,3.06351013875605,0
True,3.63231171002665,0
True,2.20036410284568,0
True,2.93126165695153,0
True,3.38414945682514,0
True,2.27028141305674,0
True,3.41678011752346,0
True,3.25216233995145,0
True,2.3764783912113,0
True,2.73404467555096,0
True,3.30414717525104,0
True,2.94913838165185,0
True,3.5062823796845,0
True,3.17973618322497,0
True,3.33255962889738,0
True,3.09492013275798,0
True,2.36371394601262,0
True,2.38147929591436,0
True,2.53230054152531,0
True,3.48561643426717,0
True,2.31100446376665,0
True,2.95343203126774,0
True,2.48160527991863,0
True,2.68616726539534,0
True,3.10489043825282,0
True,2.8029048517273,0
True,2.99939917407267,0
True,3.24387614634537,0
True,3.44456072513227,0
True,3.72725561443938,0
True,1.88450858800785,0
False,2.87988946839876,3.53576975640343E-05
True,2.52821531420576,0
True,1.82339606686743,0
True,3.09495559077347,0
True,3.29299293531867,0
True,2.95770337137835,0
True,3.42852744635228,0
True,3.35047452879547,0
True,2.32351097519003,0
True,3.01987660325779,0
True,2.01789047638034,0
True,2.67119998079811,0
True,2.63172859405741,0
True,2.83999063614154,0
True,2.63226478384803,0
True,3.66848714399915,0
True,2.08116536656386,0
True,3.92722096283182,0
True,2.86093860724637,0
True,4.38490443937387,0
True,3.29018581480613,0
True,3.15936226540964,0
True,2.13630405008752,0
True,3.38903591403956,0
True,2.77437733654032,0
True,3.36466396162437,0
True,2.85842157910963,0
True,3.23647535419455,0
True,3.4169905831136,0
True,2.57147037258232,0
True,3.1403243170493,0
True,2.77433894039583,0
True,3.25544408869815,0
True,3.47894207361739,0
True,3.34655602329061,0
True,3.65921403929145,0
True,3.30518067115931,0
True,3.61285693361311,0
True,2.57620092591093,0
True,3.24399231721238,0
True,3.57750595525365,0
True,3.09601362679717,0
True,3.3492002199385,0
True,3.28481393952977,0
True,2.80480260053936,0
True,3.28048461744832,0
True,2.91796661480561,0
True,2.71075965660146,0
True,1.87601145802784,0
True,3.02216060422145,0
True,3.46012153771475,0
True,2.60317603689494,0
True,3.31769687332371,0
True,3.95800458666646,0
True,3.45277453287194,0
True,3.6819222176093,0
True,2.70282717229225,0
True,4.55037917702528,0
True,3.78134688687417,0
True,3.17802184720667,0
True,3.11500580524388,0
True,3.20703839511745,0
True,2.11523324882234,0
True,3.36623135929258,0
True,3.82738974236118,0
True,3.89454446824353,0
True,3.82433304380078,0
True,3.46960031173624,0
True,2.53253204598677,0
True,2.77903374418757,0
True,3.29350530691144,0
True,2.80963388206178,0
True,2.46972293050985,0
True,3.03114327927832,0
True,2.99497931354544,0
True,3.04183463091316,0
True,3.20183537206762,0
True,3.4372341413252,0
True,2.63348624597532,0
True,2.88338229947208,0
True,4.26302659793489,0
True,0.885795717463806,0
True,3.30922470963975,0
True,3.23394862145171,0
True,2.94176851103589,0
True,2.58977171624868,0
True,2.66958466481052,0
True,3.19466989054343,0
True,2.85202386197478,0
False,5.13905502194907,2.64432624292571E-05
True,2.81643397115241,0
True,3.4192134790882,0
True,3.67010118593196,0
True,3.49320920768528,0
True,2.8369468617068,0
True,2.63530763632194,0
True,3.59126168207035,0
True,3.59462755825986,0
True,2.87060515599297,0
True,3.03498744463197,0
True,3.9448502210788,0
True,2.24995542914969,0
True,2.81361255319094,0
True,4.02920209695205,0
True,2.48872377072002,0
True,3.5050456932418,0
True,3.25672341044936,0
True,0.644292641599271,0
True,3.55498891263638,0
True,3.75014748505872,0
True,2.56910634583961,0
True,2.9276551183501,0
True,3.07156924241889,0
True,3.05946053136915,0
True,2.46308992882235,0
True,3.31755295709055,0
True,3.98249424549346,0
True,3.07848029211475,0
True,2.67142839231201,0
True,3.77302796336069,0
True,3.459407283384,0
True,2.66918479911244,0
True,3.11371966585505,0
True,2.67061229149803,0
True,2.80890408413227,0
True,3.37477887436772,0
True,3.41219345034523,0
True,2.98589491302702,0
True,2.71107108231238,0
True,4.15264918457609,0
True,3.51845641586124,0
True,2.23487487444472,0
True,1.92616053666786,0
True,2.74026016710588,0
True,3.46983490541796,0
True,3.5966958464302,0
True,0.866130314497081,0
True,3.15673999946985,0
True,3.50901847994799,0
True,2.86021369956261,0
True,3.7452519997807,0
True,2.98525006556707,0
True,3.97656040432937,0
True,3.5013780155735,0
True,3.34565195617845,0
True,2.59042122627394,0
True,2.4169110072041,0
True,2.70139770944647,0
True,3.64746310302188,0
True,2.85490844365045,0
True,2.8701016251254,0
True,3.08942442524969,0
True,3.29222448203775,0
True,3.49741103098455,0
True,2.72547846193711,0
True,3.94794072101294,0
True,3.986970787245,0
True,3.2223282825917,0
True,3.24124141754018,0
True,3.39895434516361,0
True,2.97787356381155,0
True,3.98810028618074,0
True,3.64092405307984,0
True,3.74504802839005,0
True,2.92353573155386,0
True,0.262864942592492,0
True,3.80941676670301,0
True,3.06368404067389,0
True,3.62079538944982,0
True,4.29617532031539,0
True,3.65948437668585,0
True,3.43973184065355,0
True,2.8612146319365,0
True,2.4771647238376,0
True,2.4635748024854,0
True,2.538844856702,0
True,3.18408842809412,0
True,3.3799912036298,0
True,2.40786914672818,0
True,4.1743931222447,0
True,3.32489944963538,0
True,1.67750209804146,0
True,2.16053249636957,0
True,2.49864338733182,0
True,2.9698542084168,0
True,3.18220367255142,0
True,2.03593956419163,0
True,3.11821755167655,0
True,2.72006965505099,0
True,3.56860153971543,0
True,2.7726724924084,0
True,2.22812169261524,0
True,3.48091500054505,0
True,3.806036875038,0
True,3.31918572637113,0
True,2.77272864882139,0
True,3.20701118370213,0
True,3.31622386226941,0
True,3.01030447711658,0
True,2.62198696021182,0
True,2.38765268629081,0
True,2.67293057680069,0
True,3.0397190921968,0
True,4.13304856132209,0
True,3.54582895917986,0
True,2.91050962735336,0
True,3.34316076817618,0
True,2.30702675627488,0
True,3.2616069670768,0
True,2.9095344339493,0
True,3.40575814851252,0
True,4.37590105362878,0
True,3.33233952746338,0
True,2.4766345228631,0
True,2.98315114287192,0
True,2.57432055918409,0
True,3.3263512181773,0
True,3.81652352774324,0
True,3.97889005887813,0
True,2.42025788443152,0
True,3.68989395859993,0
True,3.16999415066453,0
True,3.70742098611494,0
True,4.04810345742676,0
True,3.9129217749598,0
True,2.68633620033306,0
True,2.413987256588,0
True,3.31799103797213,0
True,3.36253618404822,0
True,2.8728022166768,0
True,4.02589988465857,0
True,2.73683988824174,0
True,2.74663365728148,0
True,3.85537961779003,0
True,3.583584964068,0
True,3.45588319527479,0
True,3.17030201015658,0
True,3.2746142845868,0
True,3.00674183477461,0
True,2.64772697317344,0
True,5.12000726711305,0
True,3.47343871305532,0
True,2.91594249049218,0
True,2.21144365073695,0
True,2.93186423521781,0
True,2.64510303208095,0
True,1.79203731792666,0
True,3.11906462405766,0
True,3.44537908607915,0
True,2.19383805989037,0
True,3.3119129379361,0
True,2.05772043336878,0
True,3.87917897262043,0
True,2.05519428324426,0
True,4.03219352408292,0
True,2.55562964720288,0
True,2.87024389476222,0
True,3.37625186136011,0
True,3.2419236006728,0
True,3.13129447943323,0
True,2.97021835003418,0
True,3.0476879937956,0
True,3.1127930528255,0
True,2.89698286784799,0
True,2.48523158292764,0
True,3.15518991853074,0
True,2.64584150862019,0
True,3.04451997774772,0
True,2.79670226349025,0
True,2.54038924038734,0
True,3.08580474755329,0
True,3.01147686511958,0
True,2.78238361675383,0
True,2.67788964165245,0
True,3.25684189962822,0
True,3.62092147880804,0
True,2.39628017999475,0
True,2.88546642062725,0
True,2.87499692404676,0
True,2.5501296060763,0
True,0.783044681328199,0
True,2.98807895770486,0
True,2.80898010220842,0
True,2.38227898288437,0
True,2.7109421082224,0
True,2.44475043499813,0
True,2.37418691727553,0
True,2.78979569998641,0
True,3.52188278818775,0
True,2.903472730028,0
True,3.85050795982614,0
True,3.03904612332,0
True,3.73240967541314,0
True,2.77235752633369,0
True,0.513062243692482,0
True,3.86439772771059,0
True,3.16753218957187,0
True,3.71800711545986,0
True,3.28569237364153,0
True,4.33532809775202,0
True,3.17309517408147,0
True,2.6445879266613,0
True,3.20246378696523,0
True,2.29453935562503,0
True,2.85629730346946,0
True,3.06987804959837,0
True,3.01939513937009,0
True,3.10381756482399,0
True,3.02987428540367,0
True,2.96923356203102,0
True,2.98630861648619,0
True,3.35198090268687,0
True,2.20077368504235,0
True,4.27610766580283,0
True,2.48954488858335,0
True,3.57786776890317,0
True,3.46739850079648,0
True,3.94147891228014,0
True,3.36762713285867,0
True,2.96406963801492,0
True,2.6261247239093,0
True,2.69776766191297,0
True,3.62126358957387,0
True,2.83407450964472,0
True,2.52978863395068,0
True,3.25741944572479,0
True,3.09153165663979,0
True,2.48929267256984,0
True,1.21831495190941,0
True,3.21987584402681,0
True,3.49108206533648,0
True,2.98058641413197,0
True,3.82671311731682,0
True,2.45675638477376,0
True,2.92124796441975,0
True,3.18241136622171,0
True,2.70943860074316,0
True,3.15134290582424,0
True,1.29738746893633,0
True,3.05777922527849,0
True,2.59441324486564,0
True,2.84722882923581,0
True,3.58780041845385,0
True,2.60114225497388,0
True,3.34881411900002,0
True,3.57933897611642,0
True,3.47065034956786,0
True,3.95127907596623,0
True,3.53273196012263,0
True,3.47630844876695,0
True,2.87555158492536,0
True,3.51411865231113,0
True,3.92082320110379,0
True,2.3912648584011,0
True,2.54372890655976,0
True,3.3760669550314,0
True,3.02138258731481,0
True,3.03383499663406,0
True,3.347454611786,0
True,3.05582158342344,0
True,3.45595782403821,0
True,2.79130348454386,0
True,3.65059816344447,0
True,3.13974966602898,0
True,2.70115754269219,0
True,3.28456146390812,0
True,3.52217305488801,0
True,3.44410551308944,0
True,3.08903716665361,0
True,2.46483003205982,0
True,3.1730430969412,0
True,2.73060735365233,0
True,3.8582093970867,0
True,2.31748196745464,0
True,2.43680327304201,0
True,3.60939369849201,0
True,3.07858067670208,0
True,3.76412715513491,0
True,2.94015458427195,0
True,3.71676441436746,0
True,3.49744168795145,0
True,4.21839890531182,0
True,3.66549997685964,0
True,3.31672441846577,0
True,3.27848311468388,0
True,2.14728124961981,0
True,2.83471104240256,0
True,3.29782820408376,0
True,3.44662829567497,0
True,3.35142884560748,0
True,4.35423161811494,0
True,2.96221340816054,0
True,3.19917951029765,0
True,3.03977382759576,0
True,1.54364506044984,0
True,3.08195808451456,0
True,3.3410231591772,0
True,2.89186845992466,0
True,3.67524184414813,0
True,4.60062240530687,0
True,3.63263059215005,0
True,2.41150768066817,0
True,2.81633639271806,0
True,4.19693749719578,0
True,3.00873554183087,0
True,3.39720469429,0
True,2.35033217141446,0
True,2.03976325249483,0
True,3.06579298551595,0
True,2.79666773475339,0
True,3.09031081650612,0
True,2.5401179911076,0
True,3.05775457901439,0
True,2.6059346179767,0
True,2.57179911698252,0
True,3.86774082355177,0
True,3.60580560270809,0
True,3.78981884513414,0
True,4.05149838092976,0
True,2.91020165156786,0
True,2.90196243567648,0
True,2.24391081105838,0
True,2.17563380442388,0
True,2.83247750384395,0
True,2.82080011694777,0
True,3.49427639667937,0
True,3.2245730359019,0
True,3.2280133790616,0
True,3.46677706356493,0
True,3.24973294494294,0
True,3.10763203399378,0
True,2.26840109248147,0
True,3.16967685795696,0
True,2.99785928110941,0
True,3.72693548079837,0
True,3.39317143114317,0
True,3.78917674376529,0
True,3.64685443087495,0
True,3.64900505610597,0
True,3.1149796003501,0
True,3.1128428559615,0
True,2.54200139787868,0
True,2.96407145954314,0
True,3.97928197134425,0
True,2.86389639729138,0
True,3.37110902157216,0
True,2.52619267780517,0
True,2.4158738606642,0
True,2.42682088661979,0
True,3.3763013762414,0
True,2.64061315554705,0
True,2.8611975964889,0
True,2.8604254159151,0
True,3.09016793733094,0
True,2.31283512118291,0
True,3.81343384171117,0
True,2.95145725732253,0
True,2.501393932441,0
True,2.3051239707754,0
True,3.47161014419671,0
True,2.65070166129401,0
True,3.692520017307,0
True,2.6523281172855,0
True,2.95585582270079,0
True,2.72502724717177,0
True,2.45684567607602,0
True,2.99818789171208,0
True,3.54805001568828,0
True,3.9563408194092,0
True,2.67849058359709,0
True,3.24487391701448,0
True,3.38720656827537,0
True,2.37950768987733,0
True,4.59950942985311,0
True,3.22372468944272,0
True,2.50657583082572,0
True,3.10407172793461,0
True,3.06552245253516,0
True,1.97535876075045,0
True,3.06848965218413,0
True,3.29411132449391,0
True,0.737787458302824,0
True,3.70169365971091,0
True,2.82377632416372,0
True,2.20113266697494,0
True,3.09335836278122,0
True,2.81649122796421,0
True,2.77681108562979,0
True,1.85285215716292,0
True,2.82881530487855,0
True,3.67251315098103,0
True,3.49988576597258,0
True,3.45890856385007,0
True,2.69863175706348,0
True,2.92725143647164,0
True,2.310194250857,0
True,3.17632740440781,0
True,2.99534856909252,0
True,3.07254446162036,0
True,3.09481786462134,0
True,2.44632796182132,0
True,2.50084821520043,0
True,4.01401592588265,0
True,4.25729724844652,0
True,3.69729144585123,0
True,3.41843041478404,0
True,3.59229386017059,0
True,4.01980202217831,0
True,3.45945819547136,0
True,2.99752531359782,0
True,3.72609514815562,0
True,2.90405387961333,0
True,3.76957213209053,0
True,3.95821715532006,0
True,3.82754759199377,0
True,2.97635764039146,0
True,3.3500689482223,0
True,2.39194627357852,0
True,3.05334641636149,0
True,2.40342914638606,0
True,0.875109463007789,0
True,2.80623717852241,0
True,3.1570829687538,0
True,3.13321709777287,0
True,2.97859896283222,0
True,2.66978308899929,0
True,2.86371801669845,0
True,2.78532414464169,0
True,3.75194841800866,0
True,3.18837092193902,0
True,2.42360503242903,0
True,2.51393848619173,0
True,2.77817146591638,0
True,2.6697425051134,0
True,2.15333811974422,0
True,2.3274707010213,0
True,3.23593820894896,0
True,3.04431811386965,0
True,3.05626296791326,0
True,2.54249906866337,0
True,3.84777785137828,0
True,3.58259725358811,0
True,3.22178596230621,0
True,3.61174035744677,0
True,3.21378084933656,0
True,2.58675335018616,0
True,2.90251126056041,0
True,2.59457979219988,0
True,2.6892606103489,0
True,3.73622625513491,0
True,3.55111352161494,0
True,0.401741977057615,0
True,3.45514940441676,0
True,0.802818130153267,0
True,2.91775200520518,0
True,2.67688058226508,0
True,2.24104230193523,0
True,2.74635733753531,0
True,2.70048670774838,0
True,2.07238395878505,0
True,3.70467533502705,0
True,3.52191722615785,0
True,3.76468516552004,0
True,3.36604073151376,0
True,2.8781047796035,0
True,3.139817100212,0
True,2.84087070044253,0
True,3.89973821117783,0
True,2.37100947347226,0
True,2.01105228456055,0
True,2.91647650184442,0
True,3.38244580087902,0
True,3.17118854650281,0
True,2.34376251539954,0
True,3.36703123440828,0
True,2.24471224328767,0
True,2.87117470959033,0
True,2.52443281921263,0
True,3.89810630803383,0
True,3.28393356650316,0
True,2.33771298338897,0
True,3.29706546629978,0
True,2.12216313664124,0
True,3.86798753101712,0
True,3.42452490409869,0
True,3.71353482833271,0
True,2.16158773432996,0
True,2.93069019210149,0
True,3.24549422462603,0
True,1.91027455704044,0
True,2.8170256562268,0
True,3.11192202766822,0
True,3.49003794231262,0
True,3.92644383757971,0
True,2.58038532606033,0
True,3.09775626940431,0
True,3.20276656913602,0
True,2.80123421165732,0
True,2.87865086592876,0
True,3.07729775920123,0
True,2.54862858531827,0
True,3.20406950128694,0
True,2.65844062911106,0
True,2.71619267361679,0
True,3.05135900972018,0
True,2.47660396851187,0
True,3.67085737332652,0
True,2.9237645282681,0
True,3.63076479090102,0
True,3.67712394441107,0
True,3.12451276221759,0
True,3.39582320295366,0
True,3.69680807085825,0
True,2.69140422585126,0
True,2.7718418829845,0
True,2.54389252590694,0
True,1.78798959797356,0
True,2.49619429239194,0
True,3.42077373796743,0
True,3.64722860036003,0
True,4.30055092519219,0
True,3.29508529990016,0
True,3.20060593505355,0
True,4.09593534733141,0
True,2.70131365245004,0
True,3.83448206476777,0
True,2.16031556199689,0
True,3.35137669209204,0
True,3.40880689170868,0
True,2.40285691614514,0
True,4.00207525343856,0
True,3.16914529208883,0
True,2.87959228487183,0
True,2.80472955020097,0
True,3.53789592976467,0
True,4.12159117677021,0
True,2.58097240738909,0
True,3.06411909727448,0
True,2.94288929727567,0
True,2.87471477206911,0
True,4.03602566323802,0
True,4.1427015256187,0
True,2.94569778091974,0
True,2.89642376314211,0
True,2.96853653916478,0
True,2.86748084149625,0
True,2.74072204226437,0
True,3.03240974660113,0
True,2.53671640894422,0
True,2.33832243536214,0
False,3.44787565913371,1.85719275383503E-05
True,2.96196535636488,0
True,3.16911207552917,0
True,3.48031770780188,0
True,3.03462894224641,0
True,2.18684788190502,0
True,2.57165760175602,0
True,2.82468316439158,0
True,2.43356480063261,0
True,2.94022300534494,0
True,2.89786495341033,0
True,2.28142650350304,0
True,2.79292331454461,0
True,4.01212396513215,0
True,2.96362813303249,0
True,3.24779413973362,0
True,2.7603759170171,0
True,3.5748044168803,0
True,2.49880832765734,0
True,2.96493711441177,0
True,2.26186038771494,0
True,3.07571591267428,0
True,3.34282553319815,0
True,3.15093755772497,0
True,2.72822987495215,0
True,4.32377112657706,0
True,3.67873417657099,0
True,2.35517669019341,0
True,2.96999759083332,0
True,2.68778425943886,0
True,3.01149515124252,0
True,4.10295121037038,0
True,2.89583346111115,0
True,2.79166722658851,0
True,2.94640319380121,0
True,3.24109654033933,0
True,3.52086802974011,0
True,2.52924292516122,0
True,2.68175916564808,0
True,2.48925342611535,0
True,3.99057802585365,0
True,2.84666216484562,0
True,3.35922649639442,0
True,3.33661209515848,0
True,2.69945226268718,0
True,2.62490457618853,0
True,3.75595480988267,0
True,2.85117988242313,0
True,3.92001147490097,0
True,3.55785933445391,0
True,3.03772801570079,0
True,3.03128371499066,0
True,2.68060474342778,0
True,2.48744981197509,0
True,3.98810504056819,0
True,2.94640674796588,0
True,1.11916050439801,0
True,3.29283629350549,0
True,3.28858712836125,0
True,2.28461679899124,0
True,3.24057613445791,0
True,3.15367748318418,0
True,2.46128352027655,0
True,2.51044446216154,0
True,2.91876824721242,0
True,3.52926665002883,0
True,3.03206271033272,0
True,2.70973274885838,0
True,2.84392222493867,0
True,3.77034221450742,0
True,3.06390371050028,0
True,3.18326868608057,0
True,1.95551202818768,0
True,3.2654012810899,0
True,2.9713578846225,0
True,2.71933821670275,0
True,3.15371196857081,0
True,2.70110526344148,0
True,3.02855390288179,0
True,3.54082973218674,0
True,3.53503660512399,0
True,3.18287518537979,0
True,2.66879367672945,0
True,3.2102745808148,0
True,2.81849169434994,0
True,2.38721834163422,0
True,0.670696283299776,0
True,3.04305725353074,0
True,3.49623711635411,0
True,3.50500999545459,0
True,4.04538898418882,0
True,3.47966743701272,0
True,0.56462454136265,0
True,3.1072738917303,0
True,3.15677508842773,0
True,2.97046290877613,0
True,2.70236917154838,0
True,3.15380816522095,0
True,3.7920669137887,0
True,3.65036854403359,0
True,2.99141952278521,0
True,2.8309793372286,0
True,3.05246738207243,0
True,4.04976104066774,0
True,3.60181815340138,0
True,2.52223373846011,0
True,3.12020983858413,0
True,2.56177821250681,0
True,2.99922345764006,0
True,2.86274856110177,0
True,2.80361765092371,0
True,2.9982702513786,0
True,3.04732350974478,0
True,4.08776458192134,0
True,2.26306544719254,0
True,2.97662533215087,0
True,2.986359683664,0
True,4.03542416226585,0
True,2.56073562712407,0
True,3.0874444783516,0
True,3.16372541330593,0
True,3.05507157743835,0
True,2.48853764364303,0
True,1.89821842032548,0
True,2.04498756038034,0
True,3.41431308572364,0
True,2.87262343877377,0
True,2.69408322995355,0
True,3.12802427044141,0
True,3.33031136432108,0
True,3.55493598901248,0
True,2.04930715333415,0
True,2.71215874308799,0
True,2.54610603247461,0
True,3.11981974158264,0
True,2.72412745725524,0
True,3.41746735445832,0
True,2.78712826052183,0
True,3.07738487019219,0
True,3.40778148460352,0
True,2.70164454779895,0
True,3.10077808362384,0
True,3.58787986874941,0
True,3.07053652370237,0
True,3.89540423957469,0
True,3.42102790502515,0
True,4.20958268973881,0
True,2.52086531888881,0
True,2.46509844623318,0
True,4.25742779016556,0
True,3.55192646740901,0
True,3.49369747544867,0
True,4.82718317552576,0
True,3.99195103941625,0
True,1.11982730590776,0
True,3.55786005850042,0
True,3.41416558454749,0
True,1.23171254112184,0
True,3.07806450480924,0
True,3.43221139527604,0
True,4.12253129391077,0
True,2.94031741623517,0
True,3.25106864058157,0
True,3.33812083489135,0
True,4.01655495822269,0
True,3.0437800886164,0
True,2.81829880384728,0
True,2.82434376572425,0
True,2.91458277753444,0
True,3.35033314324468,0
True,3.33334401608483,0
True,3.28542996030582,0
True,2.74835800657734,0
True,3.26198030080331,0
True,3.03915243826587,0
True,3.83006458373714,0
True,3.83177904685746,0
True,3.36021871062991,0
True,3.7155445154952,0
True,3.03397806225798,0
True,3.74292584402417,0
True,3.5814153946744,0
True,3.19706929383401,0
True,3.54459431075479,0
True,3.37944318743403,0
True,3.9752907020776,0
True,3.52613076645461,0
True,3.85040511300909,0
True,3.118487147314,0
True,0.355932155666465,0
True,4.16347152184694,0
True,3.66617008342284,0
True,3.5969956546352,0
True,2.68254644590969,0
True,4.17329201079636,0
True,2.7387698300586,0
True,1.68622336691096,0
True,2.88947553797506,0
True,3.61531532734742,0
True,3.79152660241419,0
True,2.72188602232903,0
True,2.81815881772732,0
True,3.10595106055789,0
True,2.77983731381445,0
True,3.7532911470481,0
True,2.55057321219308,0
True,3.73759641061241,0
True,3.33350775747381,0
True,2.75130927364547,0
True,2.97573219382103,0
True,2.96823973207735,0
True,3.16481900901995,0
True,3.8374188997241,0
True,3.19470122637349,0
True,3.64796735574739,0
True,3.64652377997987,0
True,3.13536946451997,0
True,2.28828768887089,0
True,3.38311417593785,0
True,2.7517256218312,0
True,3.37329307546379,0
True,3.27161900856702,0
True,3.26669504029664,0
True,3.09113126479541,0
True,3.86781263797928,0
True,2.51895250025111,0
True,2.72434374349105,0
True,4.42568197020572,0
True,3.4161619875413,0
True,3.09706827758666,0
True,2.95596275181945,0
True,2.28337670282039,0
True,2.28242533231491,0
True,3.70221897190394,0
True,3.74885440186503,0
True,2.50626457686062,0
True,2.84543758889882,0
True,3.17278240897883,0
True,3.69024904926865,0
True,2.51959179225998,0
True,2.42457908887051,0
True,3.50824388584488,0
True,4.90856530851001,0
True,3.01756878794433,0
True,3.08652499977538,0
True,3.44783377379297,0
True,2.98021827175073,0
True,4.05912554956153,0
True,3.31621787546208,0
True,2.79808280912563,0
True,4.21823769184071,0
True,3.13363505093092,0
True,3.3331004138883,0
True,2.90302985842277,0
True,3.81929109154034,0
True,3.52485871721589,0
True,2.53428984142967,0
True,2.89881833209104,0
True,3.42382291186546,0
True,2.38858524856615,0
True,2.73783014082275,0
True,3.5847421223646,0
True,2.85895011351068,0
True,2.4079949090768,0
True,2.6011305649406,0
True,3.3829168986654,0
True,3.47713278086,0
True,3.91187230695516,0
True,3.12948968926633,0
True,2.68777924719792,0
True,2.32425415447838,0
True,1.7553288482482,0
True,2.69740481879675,0
True,3.523317665732,0
True,3.31252254334529,0
True,3.58386277712788,0
True,2.42578956507732,0
True,2.65503817776687,0
True,2.67890598156605,0
True,2.35038233126844,0
True,2.99184283519622,0
True,3.39447851660013,0
True,2.77874999778335,0
True,2.40609544501297,0
True,2.85439724818498,0
True,2.66539524351829,0
True,2.36621827061588,0
True,2.78852388900095,0
True,2.71454678421388,0
True,3.93494420023205,0
True,2.80849059856118,0
True,2.70564000362435,0
True,2.72059152999644,0
True,3.19241068443,0
True,3.00057188021327,0
True,1.9911171927982,0
True,2.84594984595055,0
True,3.06761215970708,0
True,3.63496331835333,0
True,3.50697078706039,0
True,3.06207463499323,0
True,0.588417329970517,0
True,3.45772897875942,0
True,3.08913308776421,0
True,3.76276973628225,0
True,3.69578228480139,0
True,3.39491317146814,0
True,3.05587883434151,0
True,2.60959908848211,0
True,3.75753176572035,0
True,3.91101462535374,0
True,3.19336409161391,0
True,2.87766823179731,0
True,3.53187007537203,0
True,2.54171041690888,0
True,2.82500167104914,0
True,3.49119623558387,0
True,3.90417389626617,0
True,4.84065212324293,0
True,4.08808159686667,0
True,2.88701459027064,0
True,2.46304011140907,0
True,3.30986674984653,0
True,3.59995493951647,0
True,3.354836162128,0
True,3.18055931536506,0
True,1.93392348935211,0
True,2.94492677839293,0
True,3.56796659309976,0
True,2.33228206753348,0
True,2.80180603352473,0
True,3.98355776973622,0
True,3.62359402820463,0
True,4.47284604510026,0
True,3.63793844443144,0
True,3.52362719182437,0
True,3.09620859664322,0
True,2.67613368039764,0
True,3.12448450241539,0
True,2.78077879930494,0
True,3.02832392267711,0
True,3.99950945789852,0
True,3.67224488344086,0
True,0.648676282823206,0
True,2.45191930099075,0
True,3.36690743776633,0
True,2.5184829276622,0
True,3.0217057641367,0
True,2.77048505665981,0
True,3.57401375785437,0
True,2.46375285522655,0
True,3.20521569078943,0
True,3.21016873262494,0
True,2.78629178900864,0
True,2.82288302708564,0
True,2.74909804997917,0
True,3.04974590284191,0
True,4.02937309675128,0
True,2.37040788668472,0
True,1.99386805957746,0
True,3.82354431046623,0
True,2.96855688735298,0
True,2.52296971043154,0
True,2.74403304047915,0
True,3.75205744646032,0
True,2.7754006084994,0
True,4.15566188032716,0
True,2.80821570585045,0
True,3.75754488790872,0
True,2.79225232588552,0
True,2.9891569430601,0
True,2.10747319357032,0
True,2.83290297395712,0
True,2.60190517849091,0
True,3.22404841523989,0
True,4.05396792855806,0
True,4.77530543379393,0
True,4.40410814440541,0
True,2.69878756705997,0
True,3.13739514402759,0
True,3.138733760952,0
True,2.94450966574937,0
True,2.82944573696775,0
True,3.27583540643716,0
True,3.07365482669356,0
True,2.46118340477398,0
True,2.53737636684364,0
True,3.19805131277864,0
True,3.70113347191972,0
True,3.06836690083474,0
True,2.24608616560359,0
True,2.91985710648151,0
True,1.56603518575989,0
True,3.74040320510363,0
True,2.35782194562792,0
True,3.01615463346294,0
True,3.6244668067338,0
True,3.17975477569328,0
True,3.58912530714278,0
True,2.78261178368984,0
True,2.60086159978756,0
True,2.60982877121201,0
True,4.00508085200015,0
True,1.59984780394453,0
True,2.40733470554463,0
True,3.3221233986834,0
True,2.62856173626274,0
True,2.56558748659148,0
True,3.69111196985653,0
True,3.63749521506264,0
True,3.1083852095004,0
True,4.47921263610708,0
True,3.22511626209759,0
True,2.66190759155177,0
True,2.79998474512517,0
True,3.12297547117513,0
True,3.12199195121848,0
True,3.20974993189575,0
True,3.30343501300036,0
True,3.56990291875553,0
True,3.2643857510267,0
True,3.49268681758093,0
True,3.02063631676297,0
True,2.26405459861084,0
True,2.58673199061884,0
True,2.0107637504079,0
True,3.21264473264127,0
True,1.62328791134526,0
True,3.39169421539138,0
True,3.18593315298274,0
True,1.91713589774688,0
True,2.58799191560234,0
True,4.17602955153389,0
True,2.64011533152188,0
True,2.27409957093969,0
True,3.71942076751656,0
True,3.03175488544683,0
True,3.44712273782145,0
True,3.30588852736895,0
True,3.26905958292595,0
True,2.82557873963698,0
True,4.06678214828518,0
True,2.98895266568865,0
True,3.62604925783124,0
True,2.37275715472101,0
True,3.20774477654394,0
True,2.24525502083216,0
True,2.78991459398151,0
True,3.38443987617904,0
True,2.76721497125347,0
True,3.5853321868015,0
True,3.29926194715678,0
True,2.90150547669589,0
True,3.57768191171552,0
True,2.55821506644657,0
True,3.45743274741852,0
True,2.99185330096318,0
True,2.62891667679747,0
True,3.57490513105339,0
True,3.09215452183331,0
True,3.55648088522364,0
True,3.32050918418088,0
True,2.22511287239498,0
True,2.97516084980453,0
True,3.97437975023091,0
True,3.52994539969527,0
True,3.45385682355026,0
True,4.15910717661175,0
True,3.37418243191395,0
True,2.86847079525432,0
True,3.03642805691169,0
True,4.17446434418054,0
True,2.54569545480317,0
True,2.03443167320658,0
True,3.26143233248855,0
True,3.48696376673618,0
True,4.17590804364454,0
True,3.70902107376816,0
True,3.94806164441543,0
True,3.49640775236537,0
True,2.94977151128226,0
True,4.136824792527,0
True,3.11616544003421,0
True,3.67453175794386,0
True,3.61775125296751,0
True,0.347494433088446,0
True,2.2672442981459,0
True,2.52543286099982,0
True,3.29609833423056,0
True,3.14422780607629,0
True,2.92430700190444,0
True,3.14266446429831,0
True,2.28108773732054,0
True,2.23655954599423,0
True,3.30411535857066,0
True,3.46213613417657,0
True,2.15116971712262,0
True,0.873508488889541,0
True,2.06500195904454,0
True,2.87673543079256,0
True,2.9430115784276,0
True,2.7749963475391,0
True,3.06724529796274,0
True,3.2037126142997,0
True,3.30516313179946,0
True,3.14969003331298,0
True,2.81841098830152,0
True,3.51075532957128,0
True,2.96797895007439,0
True,3.63817742122296,0
True,2.45971106457237,0
True,3.10224509531336,0
True,3.5646869300616,0
True,3.25512299036638,0
True,2.67292439197829,0
True,3.43953955981405,0
True,2.29843280852709,0
True,3.50275497999753,0
True,4.74273495615645,0
True,2.81278069864456,0
True,4.70729529024842,0
True,2.82820054333935,0
True,3.02757163483693,0
True,2.81549948305,0
True,1.96602769735142,0
True,3.39670363852119,0
True,2.97836686939825,0
True,2.6715975968327,0
True,3.77649287651374,0
True,3.35306078328134,0
True,3.3490440407708,0
True,3.11384501179336,0
True,3.0273364649311,0
True,3.42608568041958,0
True,3.19629062618056,0
True,3.01330983581986,0
True,2.98168190674139,0
True,2.58990195688119,0
True,2.95998595944028,0
True,1.81962612339399,0
True,3.04373837477534,0
True,3.17493250129626,0
True,2.62682677102322,0
True,3.90706875521076,0
True,3.12139600232775,0
True,3.28780518400841,0
True,3.25198453463918,0
True,2.90648664980706,0
True,3.34553102135774,0
True,3.57794931864245,0
True,4.4718188172012,0
True,3.5259729265008,0
True,3.43248642941278,0
True,3.16896412703388,0
True,3.43825501771962,0
True,2.85989065024715,0
True,3.7045484315847,0
True,2.2239522256248,0
True,2.75314434840361,0
True,3.97812801040123,0
True,3.40273825875442,0
True,2.22386490725672,0
True,2.77996056596835,0
True,2.45261400484303,0
True,2.96619067054223,0
True,3.52962994951675,0
True,3.41676641933129,0
True,3.0783954405105,0
True,1.89257829990124,0
True,3.14114663573916,0
True,2.40450846969501,0
True,3.70219885539049,0
True,2.57133910810942,0
True,3.80674988407468,0
True,3.57558852551051,0
True,2.65061244779863,0
True,3.50674949928228,0
True,2.79003305224361,0
True,3.25009704681761,0
True,4.05072490839215,0
True,3.23900146253895,0
True,3.83155223842986,0
True,3.76138332757272,0
True,2.10899404834984,0
True,2.48519670319646,0
True,3.37531316776186,0
True,3.13785300536501,0
True,3.69776925858929,0
True,2.85005094286869,0
True,2.93934624288551,0
True,2.71122940541577,0
True,3.17170398091504,0
True,2.98269616330383,0
True,2.86454834685256,0
True,2.69051953689795,0
True,3.42646860629893,0
True,3.73500302653968,0
True,3.34954551871686,0
True,2.65961140279934,0
True,3.24225280859507,0
True,3.00386837215436,0
True,2.31736103498247,0
True,2.35609102607331,0
True,2.67602184409588,0
True,2.87255459394279,0
True,3.08476518681371,0
True,3.33412975688353,0
True,2.24622289955205,0
True,2.12853646786971,0
True,2.97370871191661,0
True,2.07987564061948,0
True,2.31543496534749,0
True,2.48044260676823,0
True,3.5928988328934,0
True,2.68051604586936,0
True,3.41230792389622,0
True,2.91546369522552,0
True,2.50701819165415,0
True,2.39334466509343,0
True,3.19292128077063,0
True,4.43678765457997,0
True,2.2835967755619,0
True,3.7098538595873,0
True,3.12924748828918,0
True,2.64088330150407,0
True,2.96565468572689,0
True,3.38409207818648,0
True,2.2071897638898,0
True,2.62540825859548,0
True,3.15889122619832,0
True,3.76858042120456,0
True,3.14433357400071,0
True,2.71490235260541,0
True,3.09142728837294,0
True,3.67025403564158,0
True,3.70239685016377,0
True,3.48745006605326,0
True,3.39170101105337,0
True,3.14303521978077,0
True,3.40330767263291,0
True,3.13311760559407,0
True,2.4829688213376,0
True,3.23135717637294,0
True,2.48192750900825,0
True,3.51647928150795,0
True,3.08909974201949,0
True,2.91485662217517,0
True,3.81418555395685,0
True,3.82748629645253,0
True,3.35011041928639,0
True,3.35506510425608,0
True,2.55688100707235,0
True,3.68648774581013,0
True,1.99872201303942,0
True,2.61977906177202,0
True,2.75312136036812,0
True,3.06235371594731,0
True,2.98809729259349,0
True,3.21291253505768,0
True,2.98942347457366,0
True,2.4803616343078,0
True,3.29800265645446,0
True,3.08020741616631,0
True,2.75548313438153,0
True,2.90388118370533,0
True,2.77541464143001,0
True,2.71872554928439,0
True,3.86491820245971,0
True,2.65407434580138,0
True,0.413268282120461,0
True,3.78205933425788,0
True,2.79100961436861,0
True,2.02652179956342,0
True,1.81687232667748,0
True,0.262424948194191,0
True,2.63895900894146,0
True,3.07532084855293,0
True,3.00294567841376,0
True,3.46677816369364,0
True,3.87799419146664,0
True,3.08378705421341,0
True,3.00119591543863,0
True,2.81962544304496,0
True,3.40451386020048,0
True,3.65690604264317,0
True,3.38662980653348,0
True,3.55818243674393,0
True,2.76253268824503,0
True,2.84473361394137,0
True,3.22795798903549,0
True,2.72465915405238,0
True,2.56679238924822,0
True,2.80983189082574,0
True,2.86178912509805,0
True,3.04552044074634,0
True,2.86410602836606,0
True,2.73843413555178,0
True,3.14158889172829,0
True,1.68765327187464,0
True,2.54496084491802,0
True,2.0548077479155,0
True,2.33727909859667,0
True,3.26409702447107,0
True,0.359418757113214,0
True,2.56124469902232,0
True,4.0612592465501,0
True,3.17254570172331,0
True,4.14467607485814,0
True,3.62380369571972,0
True,3.43003275758635,0
True,2.87778907669136,0
True,3.26761336426034,0
True,2.94409916811171,0
True,3.01916447048342,0
True,3.18265658723573,0
True,1.52950679511476,0
True,3.58848754737486,0
True,3.74780775711744,0
True,1.54825148594584,0
True,1.99599324721725,0
True,2.87714276144805,0
True,3.22919303466077,0
True,2.9327250620618,0
True,3.56901798463608,0
True,2.80120014363149,0
True,4.12319610761806,0
True,2.49208096697189,0
True,2.81309184910646,0
True,2.6780393716063,0
True,3.20429111145574,0
True,4.12481948781411,0
True,4.35664709900385,0
True,3.75400208627719,0
True,3.35215492987377,0
True,2.80466252714173,0
True,2.75199672790127,0
True,2.41172070198634,0
True,2.73356434011937,0
True,2.87681704475852,0
True,3.37056887597461,0
True,3.47822811014355,0
True,3.14899640057944,0
True,3.21383246565,0
True,2.28748358702414,0
True,2.66928446817094,0
True,2.64561843524269,0
True,2.77665647818804,0
True,3.20018829773771,0
True,2.32452853318186,0
True,1.70935322854184,0
True,3.15476292936705,0
True,2.87836816257766,0
True,2.68007297461036,0
True,2.73994165392255,0
True,2.65866446895708,0
True,4.08483978901869,0
True,2.61538964848075,0
True,3.64379823336285,0
True,3.7619429977132,0
True,3.22608395075901,0
True,2.24200819593281,0
True,2.97996907371037,0
True,2.0094279073125,0
True,2.99166936320893,0
True,2.79067936306582,0
True,2.67646480666391,0
True,2.56080307478052,0
True,4.08387381980069,0
True,3.93436527222187,0
True,2.40092493870982,0
True,2.74836362245041,0
True,2.61800099745232,0
True,2.75286973336915,0
True,2.39324310945986,0
False,3.25836466517896,1.3782425866631E-05
True,1.94871403088835,0
True,2.88808144688464,0
True,2.96465067904039,0
True,2.72745535344139,0
True,3.55157923740418,0
True,2.82926057852148,0
True,2.83179617993273,0
True,3.18172995793197,0
True,3.45655723685607,0
True,2.18129414785832,0
True,3.11347208511596,0
True,3.46249067146906,0
True,2.30905778289316,0
True,3.32288849486381,0
True,3.20338765773443,0
True,2.41159089460516,0
True,3.61123571776815,0
True,4.29215788830566,0
True,2.99883648859775,0
True,3.15411448359171,0
True,3.38151797781185,0
True,3.98255203577594,0
True,2.28114102642514,0
True,2.82635335129679,0
True,3.46843849559869,0
True,3.59213662399178,0
True,2.66045315683888,0
True,2.77138507370362,0
True,3.00933476818521,0
True,2.64653555072843,0
True,3.19040552675117,0
True,3.3060247107224,0
True,2.24634803882131,0
True,3.31590206276073,0
True,3.00238029366232,0
True,3.67498012224224,0
True,4.09166430958916,0
True,3.7032593960511,0
True,3.73434650801897,0
True,3.60268214452049,0
True,2.63320926801978,0
True,2.61491826506035,0
True,2.33652241279169,0
True,2.87229723512985,0
True,3.38817572395879,0
True,2.28525787656122,0
True,4.09224503839003,0
True,2.88983784662525,0
True,3.37175636273821,0
True,3.05331304956668,0
True,0.411572210026398,0
True,2.42823302968297,0
True,3.54604180685732,0
True,2.35260740084585,0
True,0.504871858195827,0
True,2.78960187779464,0
True,3.47155423542597,0
True,2.54292221615164,0
True,3.11642414014499,0
True,3.00659899473884,0
True,2.54090111680694,0
True,3.6305543407153,0
True,3.05197483518447,0
True,3.3666951951487,0
True,2.70805621309844,0
True,2.62554029141008,0
True,3.09802477986258,0
True,4.24688256590546,0
True,3.90188595862846,0
True,3.56661272241761,0
True,3.79211520893995,0
True,4.15684600089045,0
True,2.66415621478936,0
True,2.85829330761771,0
True,2.64930656769513,0
True,3.57053073886818,0
True,3.17822624568552,0
True,3.15995675161826,0
True,2.16011960326933,0
True,3.40654518279979,0
True,3.73693198908866,0
True,3.15058708682313,0
True,2.82842958643511,0
True,3.05733894266943,0
True,3.31791937976516,0
True,3.22647824515509,0
True,3.36841611765201,0
True,3.10847817996371,0
True,2.72806115421093,0
True,3.48448157530589,0
True,3.12711823542206,0
True,2.63091129606283,0
True,1.96598802881814,0
True,3.14577624049332,0
True,3.91010136740654,0
True,3.18213034226359,0
True,3.25166899943376,0
True,3.13932635256321,0
True,3.11271694115803,0
True,3.33489404472456,0
True,4.09942941984991,0
True,2.89345863757324,0
True,3.41739559261263,0
True,3.83084902533244,0
True,3.10227819463907,0
True,3.03547540187685,0
True,3.40629952982558,0
True,3.62760239566875,0
True,3.29314578923218,0
True,3.08992947186264,0
True,2.61767374565662,0
True,3.74296214645317,0
True,2.30880670430771,0
True,3.46750031786177,0
True,2.58450723753613,0
True,2.8766613169567,0
True,3.74648089565299,0
True,2.79639676472229,0
True,3.64001177948647,0
True,3.4715950928236,0
True,2.81339664404905,0
True,3.68015969399703,0
True,3.20947089372507,0
True,2.93590371219498,0
True,2.73197181185134,0
True,2.84909335029911,0
True,3.15960242003622,0
True,0.28140142134042,0
True,3.39387141709642,0
True,3.57903070565214,0
True,4.10171968303882,0
True,3.04542573050767,0
True,3.21603543555447,0
True,2.3952283352328,0
True,3.52094820481397,0
True,3.23422838398215,0
True,3.19885349288037,0
True,3.94447583355826,0
True,2.74648476192444,0
True,3.38652188172749,0
True,2.94554847286183,0
True,2.60849808924823,0
True,3.07755064630339,0
True,3.97823005134635,0
True,3.18485292505188,0
True,1.8676489371697,0
True,2.93879623947001,0
True,2.58994757019451,0
True,3.40592418319313,0
True,3.18963786129307,0
True,3.34225394579129,0
True,2.88470784850855,0
True,3.69946372265055,0
True,3.79292769399632,0
True,2.70990571368688,0
True,2.81581633349683,0
True,3.18522659710844,0
True,3.12885399422936,0
True,0.663330344330736,0
True,3.28184243117068,0
True,2.89634308919275,0
True,2.55083048165767,0
True,2.96142577004868,0
True,2.6373805718691,0
True,3.58000006372502,0
True,2.87196890783317,0
True,3.73793714830231,0
True,2.9220014905491,0
True,3.34267553922679,0
True,3.23136076779523,0
True,3.06889057712275,0
True,2.63602440216577,0
True,2.92278777298565,0
True,3.78112847260588,0
True,2.380228122524,0
True,4.97249687418503,0
True,3.01170557186389,0
True,3.13540605199632,0
True,2.86183921682329,0
True,3.78595048977228,0
True,2.57581660541331,0
True,2.84266487925216,0
True,2.11378835401275,0
True,2.5804630380597,0
True,2.41400740164114,0
True,3.54056678353205,0
True,3.59079142832703,0
True,3.20259566202508,0
True,2.87128074955769,0
True,2.91496029572418,0
True,2.68759313686673,0
True,3.66202565344199,0
True,1.93992717095983,0
True,3.10216325449156,0
True,3.51013450367012,0
True,3.04425256428041,0
True,3.59796848676872,0
True,3.63232753588752,0
True,3.15334323418748,0
True,3.68169287367241,0
True,4.19376523030716,0
True,3.95782632616127,0
True,3.68451795250017,0
True,2.85077008058028,0
True,2.84252484836537,0
True,2.69743719548235,0
True,2.66151389227504,0
True,3.04363615588384,0
True,3.60304965997457,0
True,2.83145660052055,0
True,2.84432221232159,0
True,3.93105184783586,0
True,3.03603649256504,0
True,3.54766860894911,0
True,3.27083820049516,0
True,2.46301827316868,0
True,1.08814404075176,0
True,2.91833919386512,0
True,2.12680809530785,0
True,2.73478350328064,0
True,3.26768632954789,0
True,2.74534368651627,0
True,3.88009205486956,0
True,3.55288775841384,0
True,2.40607068732569,0
True,2.24428886472413,0
True,2.78097515817954,0
True,2.9525318297966,0
True,2.88024533265654,0
True,3.41746996799518,0
True,3.67249666749124,0
True,3.35371452695809,0
True,3.29420347027918,0
True,3.47637889048773,0
True,2.2952312930101,0
True,2.09416226896663,0
True,2.42774979935573,0
True,3.43737064284684,0
True,3.66104678470332,0
True,3.16818202055729,0
True,3.48460404044332,0
True,3.20210664580098,0
True,3.49748089309723,0
True,2.46272227661611,0
True,3.5547610468627,0
True,2.57691006642354,0
True,2.43999748370135,0
True,3.06523364478511,0
True,2.35717734590738,0
True,3.21036397879315,0
True,2.80154444570304,0
True,4.25085721221633,0
True,3.00402613387866,0
True,3.32430400862828,0
True,3.83693490981116,0
True,3.17956578658112,0
True,2.59312715518325,0
True,2.81943343438834,0
True,3.31817319027901,0
True,3.71249440591878,0
True,3.38919410791991,0
True,4.0213727995328,0
True,2.52494478329726,0
True,4.52991846028416,0
True,4.4655632259926,0
True,2.90486767582407,0
True,2.99794292722968,0
True,2.86173298245464,0
True,3.17199438320345,0
True,2.8377631757777,0
True,2.82778170811134,0
True,2.58326716950492,0
True,3.15309141830183,0
True,2.80851927660181,0
True,2.90937203737325,0
True,3.14708646744944,0
True,2.84986731355517,0
True,2.92528032412066,0
True,4.03028075040561,0
True,3.3993683109836,0
True,3.19426665932899,0
True,2.88008695917626,0
True,2.93945142706117,0
True,2.75500030264795,0
True,2.52094683770567,0
True,3.90481735958878,0
True,3.83658894168663,0
True,4.05745786107741,0
True,3.89035926011059,0
True,3.16835063542475,0
True,3.35076968742453,0
True,2.03249478586126,0
True,3.39335638322906,0
True,3.33462981009449,0
True,3.40538920417102,0
True,2.75428872134619,0
True,3.58739217905133,0
True,3.66486964189759,0
True,3.9507475590943,0
True,3.72492278060627,0
True,3.13105853380781,0
True,3.54322462912422,0
True,3.14348301266956,0
True,3.41487045112495,0
True,3.30603100120444,0
True,3.16725538016438,0
True,3.50226707342264,0
True,3.66431469452057,0
True,3.4591290017861,0
True,4.2422540905728,0
True,3.68458660158616,0
True,2.66775346670388,0
True,3.55918974940538,0
True,2.56106932468899,0
True,3.12848018368578,0
True,3.07854593285439,0
True,3.31153108053851,0
True,3.27705826677383,0
True,3.51680239785307,0
True,3.73306242600752,0
True,2.88453099573173,0
True,3.30941046360153,0
True,2.94529250746799,0
True,2.78253354093024,0
True,3.23474240640437,0
True,2.93489270770817,0
True,3.04714688521446,0
True,3.90711907850084,0
True,3.53360407114481,0
True,2.88489400329129,0
True,2.25662340033228,0
True,2.88245365331864,0
True,2.77773490666859,0
True,3.18557668791942,0
True,4.11028354596067,0
True,3.13826105106115,0
True,3.92774195330163,0
True,2.53957356597744,0
True,3.30110952137713,0
True,3.32459251219432,0
True,3.45327235616494,0
True,3.25880732542468,0
True,3.1703085165412,0
True,3.03304312470356,0
True,3.69213362538692,0
True,3.33770278873276,0
True,3.40899010937977,0
True,2.7770566341274,0
True,3.36185732963284,0
True,2.71102998922768,0
True,4.48086618986249,0
True,3.58116085204296,0
True,3.29529266036943,0
True,3.24304892021148,0
True,2.4656933618602,0
True,2.95642944456219,0
True,2.57422634364573,0
True,3.72708566765486,0
True,2.3019855070372,0
True,2.48785807612193,0
True,3.15401756565068,0
True,2.7551037053109,0
True,2.71181264411247,0
True,2.81911492531091,0
True,1.36803774985645,0
True,2.39902702722574,0
True,1.78850967046827,0
True,2.99226173068124,0
True,3.15106075009425,0
True,3.06918757807718,0
True,3.56239601797114,0
True,1.52983840607992,0
True,2.87200539945665,0
True,2.76208683329831,0
True,0.339971730084607,0
True,3.30565944127451,0
True,2.62167781202631,0
True,3.12371301334933,0
True,3.55445649857527,0
True,3.01873583105788,0
True,2.75087871056948,0
True,2.93601699385483,0
True,2.60717948200491,0
True,2.75569305041874,0
True,3.37598433324342,0
True,3.00526074364312,0
True,2.9421471737792,0
True,3.24097792106845,0
True,4.07448991297763,0
True,3.2603025156069,0
True,3.21958069045891,0
True,3.28079699258979,0
True,2.41358065916438,0
True,2.7133536284115,0
True,2.31592602282936,0
True,3.46527666329192,0
True,4.11187827764626,0
True,3.02224748238152,0
True,3.32091607714884,0
True,3.27159154003788,0
True,4.21669556066284,0
True,3.00537525378079,0
True,3.19534346333053,0
True,2.71260018589609,0
True,2.73493382278461,0
True,2.16283557850343,0
True,2.76153638143296,0
True,2.7676594212469,0
True,3.28653854943001,0
True,3.90460694440682,0
True,3.23764160274951,0
True,2.69934337326812,0
True,3.34068452298629,0
True,2.73293881870307,0
True,3.4227278341394,0
True,3.22966173841265,0
True,2.9526035320239,0
True,3.31670936568801,0
True,2.32232457461835,0
True,2.10644547287077,0
True,2.66844894663388,0
True,3.3385348588172,0
True,3.33777568968606,0
True,3.1691455363102,0
True,1.39272225843265,0
True,2.61873354849203,0
True,2.86020049561227,0
True,3.28454317333127,0
True,3.61937895897923,0
True,3.86149876128451,0
True,4.52155564616284,0
True,3.41960457928379,0
True,2.50818057585544,0
True,3.60969278939994,0
True,3.6119655456349,0
True,3.68654172477591,0
True,3.47474778141238,0
True,3.02504459182592,0
True,0.573245258946833,0
True,1.89252675328126,0
True,2.69501999377023,0
True,2.79390989074272,0
True,2.41145343544373,0
True,4.17329647200604,0
True,3.06959932898345,0
True,3.63397546569775,0
True,3.21353909593733,0
True,2.98042156440989,0
True,2.93286364517814,0
True,3.45061677148809,0
True,3.69686816565089,0
True,3.7268834057718,0
True,3.0235204437696,0
True,3.2268278980679,0
True,2.96115803268944,0
True,3.29200159013467,0
True,2.82640784474494,0
True,2.92568526712662,0
True,3.31993087354737,0
True,3.49523989726135,0
True,0.787484142695359,0
True,3.27027495194178,0
True,3.51184400431884,0
True,1.86208986446559,0
True,3.22771154868258,0
True,2.48567618710967,0
True,2.60858122754495,0
True,3.6661981528878,0
True,3.10074006326321,0
True,0.566270154407984,0
True,3.10779267458566,0
True,3.46926741210263,0
True,4.05239003739602,0
True,3.46832823120972,0
True,3.17671030702991,0
True,3.5545399613338,0
True,2.61328333862814,0
True,2.1297124288392,0
True,3.32255262997682,0
True,2.70116166500169,0
True,3.23441488146791,0
True,2.34832734369461,0
True,3.2383514015351,0
True,2.772091552725,0
True,2.96488839247218,0
True,3.61990848599124,0
True,3.19634959654458,0
True,2.96167566628791,0
True,3.04638581540091,0
True,2.666539919823,0
True,3.48306361934847,0
True,4.52044292186146,0
True,3.69044489953194,0
True,3.0423379438621,0
True,3.13019100381378,0
True,2.79425055652897,0
True,2.50954987001604,0
True,3.0192405238192,0
True,3.1674431070808,0
True,4.0078551699265,0
True,2.3451156133672,0
True,3.50231179051587,0
True,1.71080894969754,0
True,2.57620188044296,0
True,3.74646279437941,0
True,3.57815227374981,0
True,3.03642713151689,0
True,3.46828351230532,0
True,2.39239288998699,0
True,2.77467510005783,0
True,3.6247120436047,0
True,3.24209966320695,0
True,2.25849158003305,0
True,3.21734322626642,0
True,3.58301815374372,0
True,2.99987091487072,0
True,3.30356126855317,0
True,3.37076879368102,0
True,3.15221184178202,0
True,2.26769038496527,0
True,3.96599637849987,0
True,1.7963730100658,0
True,3.12884414242648,0
True,3.1478922422388,0
True,3.18770377610181,0
True,3.8717099871394,0
True,3.15831296066569,0
True,3.1919548699751,0
True,3.63731704513384,0
True,3.2042023869109,0
True,3.01882832116884,0
True,3.1781231605031,0
True,2.22906793168557,0
True,3.03815725897443,0
True,3.87598160339908,0
True,3.59399620737909,0
True,3.18505103218859,0
True,2.40602451149632,0
True,2.01208942773517,0
True,3.62565522987037,0
True,3.75524758518849,0
True,3.36999958453837,0
True,2.94801396663488,0
True,2.43339506058378,0
True,2.46539146881377,0
True,3.47201281703223,0
True,1.87841881467133,0
True,2.71325568308536,0
True,3.22712008024011,0
True,2.94390443880101,0
True,3.73315890993899,0
True,2.47615457128242,0
True,2.47138965275892,0
True,2.72910717954956,0
True,2.58243846302135,0
True,3.47106976041073,0
True,2.79777969419269,0
True,2.93338012220691,0
True,3.297882773119,0
True,4.22323314503854,0
True,2.59232784100993,0
True,3.37395459525194,0
True,3.52481883199659,0
True,3.12226732480387,0
True,2.76040056958793,0
True,2.72126348346201,0
True,2.7947562491718,0
True,3.40603643037462,0
True,2.95336101758043,0
True,2.92178962419387,0
True,2.71480068448024,0
True,3.46066931927063,0
True,2.63829483823325,0
True,3.36464835830058,0
True,3.23821275209766,0
True,2.74945941138167,0
True,2.73767616719286,0
True,3.07904410014777,0
True,2.40729773500299,0
True,2.30925991046286,0
True,3.23632774856374,0
True,3.26413221785436,0
True,3.22297667639482,0
True,1.93601741066584,0
True,1.13305678307128,0
True,3.53286585960286,0
True,3.6940056937568,0
True,3.28689797281168,0
True,3.21710630507434,0
True,3.46383302947206,0
True,3.27366134969085,0
True,3.4856513084776,0
True,3.41160604335454,0
True,3.98603029908309,0
True,2.52414466801383,0
True,3.47162907342991,0
True,2.60464052527689,0
True,3.39293811513991,0
True,3.56921482216696,0
True,3.08787596202868,0
True,3.10583386182885,0
True,3.80699570613356,0
True,3.45810282381379,0
True,2.83831803688183,0
True,3.387198519646,0
True,3.21800376105297,0
True,3.35581800889028,0
True,3.40666163105164,0
True,3.63333438410626,0
True,2.15031555259261,0
True,3.36290845153298,0
True,4.07161473038134,0
True,3.12143795482523,0
True,3.32411841476012,0
True,2.47936198363032,0
True,2.51148174889482,0
True,2.61174479851227,0
True,4.18470500156188,0
True,3.96615694690854,0
True,4.00097558326283,0
True,3.81399395941596,0
True,3.20886729172904,0
True,3.79494817382826,0
True,2.12003061187586,0
True,2.96174766189786,0
True,3.53730232736696,0
True,2.95600008915923,0
True,2.75661397876825,0
True,3.26278158180083,0
True,2.6903698071981,0
True,2.95171577541237,0
True,2.11872263005699,0
True,3.48408800018991,0
True,2.83500257453196,0
True,2.51306506313509,0
True,3.52400924197125,0
True,2.66856937866688,0
True,2.47554993976412,0
True,3.65120845460064,0
True,3.15368559744797,0
True,1.10930262826184,0
True,2.83167711961845,0
True,2.30353873999652,0
True,2.35177713661094,0
True,2.16418808832789,0
True,2.84349422771515,0
True,3.23719466726821,0
True,2.89774509204092,0
True,0.438026519057458,0
True,2.27574266050253,0
True,2.79894392458473,0
True,2.87168184154633,0
True,2.93995571650797,0
True,2.75718227556868,0
True,3.13366336658336,0
True,3.35058671479362,0
True,3.01285331095557,0
True,4.06950553434875,0
True,2.72806191467282,0
True,3.30513262313588,0
True,2.8060022995026,0
True,2.32577624685592,0
True,2.26047219513982,0
True,2.78208152309855,0
True,2.76951650281097,0
True,2.82521155704014,0
True,3.87252204264466,0
True,3.98156768254099,0
True,3.18288001083983,0
True,3.1274030973975,0
True,3.64595720370388,0
True,3.32330562168411,0
True,3.31875027485669,0
True,3.27491260949298,0
True,3.02950436801874,0
True,3.19243221048401,0
True,2.9072081900784,0
True,3.38379411965665,0
True,3.25225248723908,0
True,3.69495358724003,0
True,2.98547121108574,0
True,3.58553440217926,0
True,3.03228173831177,0
True,2.49330369671595,0
True,1.27724716664436,0
True,2.62080466526636,0
True,2.52106626165746,0
True,2.03075999405368,0
True,3.3039791010923,0
True,2.46586941244735,0
True,2.71818579654625,0
True,3.02502467066371,0
True,3.06769312255928,0
True,2.61898112912889,0
True,2.59199294599729,0
True,3.40526730835379,0
True,3.55609710099673,0
True,3.61178833442721,0
True,2.54629112039649,0
True,3.87608933498032,0
True,4.8553157627484,0
True,2.45715628469021,0
True,3.33771790599719,0
True,2.32928555914086,0
True,2.43730304760716,0
True,3.23301019252379,0
True,2.80975753080401,0
True,3.75598275791493,0
True,2.42842907909173,0
True,3.41347859909006,0
True,3.9146541059335,0
True,2.51323271032617,0
True,3.21321340069123,0
True,3.24393634876919,0
True,2.92290584408107,0
True,3.67280717012196,0
True,2.49707628777437,0
True,2.65275791191759,0
True,2.935657151021,0
True,2.90453627561825,0
True,3.23568019314795,0
True,3.2582261440289,0
True,2.80392399764593,0
True,3.11793009019829,0
True,2.43587986704293,0
True,3.37924462123483,0
True,2.36142707396759,0
True,3.0945638520683,0
True,2.24240473380947,0
True,2.63366246903579,0
True,2.74184880975864,0
True,3.03549373638704,0
True,3.08781791653304,0
True,2.65843626521848,0
True,2.72335714243638,0
True,3.70246378627594,0
True,2.3583725284801,0
True,3.8217249819128,0
True,2.54932527038833,0
True,2.99347566187047,0
True,4.41932956955803,0
True,3.31119079010252,0
True,3.65786363967851,0
True,4.13059579033513,0
True,1.30478410278498,0
True,2.64883253150818,0
True,3.95664705009979,0
True,3.45935464721714,0
True,2.28952180846718,0
True,2.26379146334961,0
True,4.33927035664342,0
True,2.75349404026321,0
True,3.57135056702726,0
True,2.76854073066115,0
True,4.1264899723933,0
True,3.38538620575475,0
True,3.36417168977911,0
True,3.25034918052873,0
True,4.39897389473767,0
True,2.58217677120854,0
True,2.0651328819314,0
True,2.48533639691456,0
True,2.91868681782796,0
True,2.57108217825108,0
True,2.88808388214445,0
True,3.52476276581632,0
True,2.79059745413489,0
True,1.93537719090825,0
True,2.58891800303683,0
True,2.77585796244419,0
True,3.58246143732972,0
True,2.42930282853484,0
True,3.71923658709332,0
True,3.30753639722775,0
True,2.71497928293127,0
True,3.94374143373025,0
True,3.73273675722194,0
True,2.46142673818048,0
True,3.87942075853748,0
True,3.28405353952507,0
True,0.677286582737335,0
True,3.3500710576333,0
True,3.35973025177916,0
True,2.7377103929166,0
True,3.29380287700038,0
True,3.52064523577196,0
True,3.19327386944881,0
True,3.13207477760419,0
True,2.34727952191767,0
True,2.15165503894106,0
True,2.5974982244362,0
True,3.11019826184068,0
True,2.38819803891227,0
True,2.68560601687886,0
True,3.41080114689631,0
True,3.12044162087715,0
True,2.55583233751272,0
True,3.70263417935404,0
True,2.75342963646221,0
True,3.30878489984785,0
True,3.46718862792892,0
True,3.51134193050733,0
True,3.37147213942546,0
True,3.80980626679508,0
True,3.30257124967253,0
True,2.61330896592629,0
True,2.91245847447342,0
True,2.91596691470124,0
True,2.23467512206544,0
True,3.88256112271239,0
True,3.5840184257261,0
True,3.18346749441124,0
True,2.89623604323555,0
True,3.07051383876523,0
True,3.32036102108872,0
True,2.85521496379648,0
True,2.52030758248343,0
True,3.06671173508535,0
True,3.10196019482466,0
True,3.40456280583315,0
True,3.41239127967696,0
True,2.84609651408189,0
True,2.40537161291539,0
True,2.70008052587012,0
True,2.72520694544898,0
True,3.10496165910943,0
True,1.59586625660719,0
True,3.41591016407416,0
True,3.41653741607914,0
True,3.24156138974034,0
True,3.06691610889322,0
True,3.95689590310429,0
True,3.57192958426304,0
True,2.14058447384694,0
True,2.28108668744482,0
True,2.76678418057254,0
True,2.13089019140601,0
True,3.38238897305732,0
True,2.6825306146732,0
True,3.03293417788566,0
True,3.13282309195854,0
True,3.03836112709769,0
True,3.62357022293482,0
True,2.92624441168891,0
True,3.05640563473867,0
True,3.76954987987924,0
True,3.63670532073769,0
True,3.26272843747169,0
True,3.20317299904266,0
True,2.36877280662278,0
True,3.10918357974423,0
True,3.02641493803655,0
True,3.12585907531969,0
True,2.19832534671764,0
True,2.53159673033475,0
True,2.38377722320738,0
True,3.63360248196131,0
True,2.82942693504319,0
True,3.27790082492913,0
True,2.82842532259012,0
True,3.04325243311626,0
True,3.47419673310312,0
True,3.38867378513647,0
True,3.42177450254104,0
True,2.46709153194635,0
True,2.30277570507165,0
True,2.63092381346144,0
True,3.04167383666085,0
True,3.09772619987873,0
True,3.52970502407465,0
True,3.29994902648831,0
True,3.59791353394465,0
True,3.02277251419101,0
True,2.76342475684083,0
True,2.35166750727922,0
True,2.44112916845681,0
True,2.97147110375524,0
True,3.07380264741611,0
True,3.70911054174146,0
True,3.42105525265822,0
True,3.34725922847318,0
True,3.81185349817752,0
True,3.23024493892905,0
True,3.13702510586463,0
True,3.04719470222433,0
True,2.03714407574603,0
True,2.0312088942194,0
True,3.43021784327752,0
True,3.38035155228423,0
True,3.01620884444684,0
True,4.60573557227951,0
True,4.47487107886328,0
True,3.80317028360718,0
True,3.34161563878029,0
True,3.57146686809544,0
True,2.6259429737279,0
True,2.59318751414132,0
True,2.84534014845971,0
True,3.47288604361445,0
True,3.14572070256826,0
True,0.689268483182081,0
True,3.16253361663347,0
True,2.07377771121206,0
True,2.12921135549775,0
True,2.49387955015161,0
True,3.63248424130417,0
True,3.6595993189981,0
True,3.26561861393869,0
True,3.94060648276688,0
True,3.5293101377073,0
True,2.62506027049664,0
True,2.85680868211734,0
True,2.90056560502719,0
True,3.72234806737463,0
True,3.46429303280916,0
True,3.77790996755665,0
True,3.65598981994954,0
True,3.22013937320013,0
True,2.98445294876674,0
True,3.71537137670351,0
True,3.7337189175022,0
True,3.38071749172756,0
True,3.3555145275346,0
True,2.65847217724607,0
True,2.97138525669302,0
True,3.15551653418727,0
True,3.21204819220582,0
True,2.44006377281553,0
True,2.60754067577621,0
True,3.42681690050908,0
True,2.34356013358089,0
True,3.23545947700828,0
True,2.7888296836218,0
True,3.71486983126137,0
True,2.68306331812647,0
True,2.67126509459887,0
True,2.70611141431246,0
True,3.47095802813404,0
True,3.98978354498697,0
True,2.37752805096693,0
True,4.31468017889821,0
True,3.56586778783388,0
True,2.46340590955983,0
True,3.15174479910776,0
True,3.60068764184374,0
True,3.42216104979436,0
True,2.26982961264235,0
True,4.13502814200911,0
True,3.21429010649681,0
True,3.66784721909871,0
True,2.25330004953826,0
True,2.70818834853148,0
True,0.390224563140897,0
True,1.93069335655676,0
True,2.90674945948403,0
True,2.44359476731442,0
True,3.01498591136413,0
True,3.16456088199806,0
True,2.48464990601461,0
True,2.69667532025483,0
True,3.00060904066711,0
True,3.261998915781,0
True,3.25516793314724,0
True,3.84346973879847,0
True,3.86114066949817,0
True,2.97286592843254,0
True,3.7642613032375,0
True,3.25821416221457,0
True,3.31345227599904,0
True,2.33142864432102,0
True,3.55281930679618,0
True,3.90393839234041,0
True,2.97645421153366,0
True,3.77027205559489,0
True,3.00069998864778,0
True,3.25445647696638,0
True,3.07808886188013,0
True,3.38501591365124,0
True,3.09459715009801,0
True,3.52573679484066,0
True,3.66507003416852,0
True,3.27525425477596,0
True,3.02001600345322,0
True,2.92737713150312,0
True,3.89717335343035,0
True,2.68172026713067,0
True,3.19121883385085,0
True,3.76622035080877,0
True,2.61899181127412,0
True,2.56179391420987,0
True,3.41463482119197,0
True,3.30465793616754,0
True,2.93025625719471,0
True,2.34002300288374,0
True,2.99851378225194,0
True,2.65967531880464,0
True,3.58325991184922,0
True,2.85858386131603,0
True,3.68252695358596,0
True,3.68127610732635,0
True,3.18217242380868,0
True,4.17416100270425,0
True,3.28747531046179,0
True,2.95912959093246,0
True,4.25970292934261,0
True,3.88121806175499,0
True,3.583579118506,0
True,3.55019353526599,0
True,2.83057943748045,0
True,2.77459769462971,0
True,2.60357854351253,0
True,2.66533121782236,0
True,2.44608304553753,0
True,3.02493973972325,0
True,2.87527067405067,0
True,3.24729853197212,0
True,2.46388822366824,0
True,2.71936490254781,0
True,2.90545361849938,0
True,3.22530831950597,0
True,3.66122376249805,0
True,3.51705743492262,0
True,2.87220094802747,0
True,3.86286086015024,0
True,3.34901245012049,0
True,2.51231791122128,0
True,2.69133789529173,0
True,3.55723821132928,0
True,3.10303078536169,0
True,1.35916009169601,0
True,3.33663711797474,0
True,2.94591800645682,0
True,1.85404917716676,0
True,2.98618993604651,0
True,2.74150103465624,0
True,3.26509673127583,0
True,3.80460213488,0
True,3.36874473836672,0
True,2.61731329709018,0
True,3.06340947985086,0
True,3.85298138110249,0
True,2.27117488640218,0
True,2.72590027728674,0
True,3.09101796878146,0
True,3.06503555173154,0
True,2.73706510253215,0
True,3.98909026007638,0
True,3.23934979986762,0
True,3.71512488359604,0
True,3.82408613785143,0
True,3.83342925623191,0
True,3.60310143416059,0
True,3.87630289915816,0
True,3.3482971462384,0
True,3.30138679866395,0
True,3.07209973084473,0
True,3.29720338226014,0
True,2.89725179750144,0
True,3.50995579641042,0
True,3.12751510246076,0
True,3.73032142451992,0
True,4.01587208104432,0
True,3.40789327248933,0
True,3.2615610779533,0
True,4.32080060609927,0
True,3.41268621116199,0
True,3.34419542394933,0
True,2.84532039791402,0
True,2.70623792930324,0
True,2.39155561793589,0
True,2.76899070186737,0
True,2.8948628113401,0
True,4.70756060958164,0
True,2.64353008414428,0
True,3.3023901644768,0
True,3.48230567095949,0
True,2.71031728783553,0
True,3.03238598693648,0
True,2.16670523536854,0
True,2.7446487184377,0
True,2.7296847487864,0
True,3.33723424455261,0
True,3.92856075896571,0
True,3.18791732578911,0
True,3.54003410887024,0
True,3.63043408854382,0
True,3.54190415242783,0
True,2.72903672520208,0
True,3.02380238407568,0
True,3.61325045703029,0
True,3.09387128105296,0
True,2.53794465591339,0
True,2.64209065670874,0
True,3.37679924205305,0
True,4.03978323253296,0
True,2.64785294475989,0
True,3.40401757804529,0
True,0.586828321148748,0
True,3.17377537959521,0
True,3.31496337410353,0
True,4.09575079811508,0
True,3.2432086089444,0
True,3.64664095217353,0
True,3.20567139469716,0
True,3.36576011971995,0
True,2.07242161660216,0
True,2.58676448660454,0
True,3.12835196206428,0
True,3.03205918730445,0
True,2.59370358152805,0
True,2.5362382358079,0
True,3.97015524695118,0
True,2.23884405901295,0
True,2.31933526460599,0
True,3.14630706156442,0
True,2.03721862066117,0
True,3.48625363338553,0
True,3.54066005064483,0
True,3.9225373581231,0
True,3.79970163669454,0
True,4.14287889209972,0
True,3.41455098497355,0
True,3.54829487396459,0
True,3.59364800877534,0
True,3.81983721237234,0
True,3.27231043211509,0
True,3.15188043282364,0
True,0.530591095612146,0
True,1.04221590285662,0
True,3.25893430213254,0
True,3.23476667716097,0
True,3.95189110808988,0
True,2.50281724225956,0
True,3.09825022430451,0
True,3.79686696976555,0
True,3.10523305929572,0
True,3.44217822933493,0
True,3.24930867579529,0
True,3.40380163234645,0
True,2.69868768081065,0
True,2.9222649353455,0
True,2.54458969116302,0
True,2.71647500645866,0
True,3.1084034350384,0
True,3.45890760825086,0
True,0.449080514889458,0
True,0.535692797001038,0
True,2.86520293077063,0
True,2.97513479598865,0
True,3.26901894353212,0
True,2.25358624046949,0
True,3.12702782210488,0
True,2.24206181375667,0
True,2.94483459707344,0
True,2.31092407269916,0
True,3.75615450803711,0
True,4.01634788548789,0
True,3.54083969132238,0
True,4.08896455748494,0
True,3.44713800850235,0
True,0.345147595884178,0
True,2.09629507421624,0
True,3.59943628971906,0
True,2.56279684952559,0
True,3.77702243085134,0
True,3.14715747877674,0
True,3.4847839766296,0
True,3.89214801234847,0
True,2.92903124783176,0
True,3.23223597468645,0
True,3.20628857999838,0
True,2.67065277202821,0
True,3.11775510597093,0
True,3.30521622426085,0
True,2.87583203836259,0
True,3.26546602252939,0
True,2.83227099668017,0
True,3.15268000966055,0
True,2.38719431401217,0
True,2.99365212791776,0
True,3.38055797049174,0
True,3.41601620227853,0
True,2.74019748070241,0
True,2.41312852891161,0
True,2.99309116837843,0
True,2.73329677591765,0
True,3.07135188761908,0
True,2.75118843529493,0
True,3.20108018155434,0
True,3.29032375435659,0
True,3.17836729629147,0
True,3.57993158863695,0
True,3.22467585761089,0
True,2.94707682997081,0
True,2.82140425986884,0
True,0.610616410160941,0
True,1.37131695854899,0
True,2.7055023672367,0
True,2.93727777668933,0
True,2.69376502140153,0
True,3.08800118365299,0
True,2.5084467124263,0
False,3.44341894507884,1.47555450968434E-05
True,3.4511300155254,0
True,2.53610731114373,0
True,3.00013820870332,0
True,3.67713843714286,0
True,2.00550473641147,0
True,3.53287443190617,0
True,3.28023799989408,0
True,2.87980162117225,0
True,2.60402836428006,0
True,2.57041123379633,0
True,3.47981013877333,0
True,3.20173260741282,0
True,3.06222081871294,0
True,4.40135785431221,0
True,2.83629482837785,0
True,4.09881549666756,0
True,3.61715684820668,0
True,3.15960439593226,0
True,0.332208766811693,0
True,3.41525984169748,0
True,3.17028641656186,0
True,2.63097931093538,0
True,3.02463607998204,0
True,2.82814480312679,0
True,3.57301713051512,0
True,2.64309582370204,0
True,3.29606771390974,0
True,3.17084677508425,0
True,3.33321087609718,0
True,2.06579422160446,0
True,3.1633661286922,0
True,2.65308033048142,0
True,4.01655972939038,0
True,3.79330419015189,0
True,0.81872506759562,0
True,3.42541330905889,0
True,3.07612523944392,0
True,2.91419865647102,0
True,3.14901888994745,0
True,2.70960837975224,0
True,3.48305262184268,0
True,4.52359102551642,0
True,3.91358123394615,0
True,3.41014128896588,0
True,3.0582917748586,0
True,2.49836860212373,0
True,2.79842788664143,0
True,4.09189890538091,0
True,3.72456020742306,0
True,2.93624210460954,0
True,3.52547624718122,0
True,1.58946342355134,0
True,3.15929715725074,0
True,2.921827812586,0
True,0.915221391379536,0
True,3.19755844075477,0
False,2.14931574412676,1.37570447289164E-05
True,2.81303017607625,0
True,3.34487877420432,0
True,2.80081475012458,0
True,3.3761047749702,0
True,2.92208491911398,0
True,3.97818019510641,0
True,0.705615643279985,0
True,2.62630735000171,0
True,2.49512644887115,0
True,3.42642494256354,0
True,0.290294513844113,0
True,3.02697480297843,0
True,1.89320248604363,0
True,2.66760642525298,0
True,2.51584865088651,0
True,3.70333067730832,0
True,2.18886296731685,0
True,4.16191581971662,0
True,2.77688747036529,0
True,2.72042378935451,0
True,3.15683381381277,0
True,3.39372761190058,0
True,3.57539375158396,0
True,3.24454828241352,0
True,3.81309241003291,0
True,3.27020763953028,0
True,0.356837288080131,0
True,3.50729769059577,0
True,2.82472422593656,0
True,2.87961242883352,0
True,3.65391231133453,0
True,4.28564630487804,0
True,4.06350021265816,0
True,2.99877921205912,0
True,3.62533886422558,0
True,3.00785846712417,0
True,3.14637153685657,0
True,2.40488005531777,0
True,0.125526499813793,0
True,2.94504679961495,0
True,2.3840735004687,0
True,3.47271736563492,0
True,2.82913063066282,0
True,2.43737139153064,0
True,2.16278107463259,0
True,3.70482678993275,0
True,2.87511511880313,0
True,3.36306902812911,0
True,2.95241270505008,0
True,2.97802108687387,0
True,2.75535511328663,0
True,3.24455636072961,0
True,3.49426940214466,0
True,3.78435218658776,0
True,2.8246142869403,0
True,3.96045284797269,0
True,2.41232547962716,0
True,3.18492765627759,0
True,2.34681341373016,0
True,2.44220098637323,0
True,2.58300421720016,0
True,3.09890717036806,0
True,3.27436217674892,0
True,2.24657376265727,0
True,0.376439983397391,0
True,3.08527728100689,0
True,2.88405445210274,0
True,2.60312396917889,0
True,4.0182248382252,0
True,3.74845841447249,0
True,3.52814856592233,0
True,3.63482708764034,0
True,3.02603473526875,0
True,2.82225556185521,0
True,2.91442094737541,0
True,3.09076771473999,0
True,3.61025047705148,0
True,3.63242313833765,0
True,2.226643958738,0
True,2.46091568588621,0
True,3.62344526934253,0
True,3.83012926254464,0
True,2.87406232972943,0
True,3.3706787984459,0
True,3.53724365422794,0
True,2.72874753836489,0
True,3.35716504691182,0
True,2.7879824697165,0
True,3.33133094177289,0
True,2.86455622787763,0
True,2.52165286416417,0
True,2.37628870463169,0
True,3.86583732891354,0
True,2.00239240744659,0
True,2.79832707717386,0
True,2.57987558971129,0
True,2.3532336845785,0
True,3.56769336376471,0
True,2.28958470184262,0
True,3.51505812700433,0
True,4.4246547948512,0
True,3.82984436514069,0
True,3.72419569462917,0
True,0.642565562834026,0
True,3.86832241362932,0
True,2.92356146825261,0
True,3.32135320629597,0
True,3.12701407804118,0
True,2.7910366321222,0
True,3.46870338476915,0
True,3.08857577960949,0
True,2.73405618686588,0
True,2.95634218834972,0
True,2.1851130691391,0
True,3.27987124519233,0
True,4.05424848314084,0
True,2.55837782921328,0
True,2.72310146003864,0
True,2.29574102123771,0
True,3.7213806439545,0
True,3.87459274589463,0
True,3.43517537661483,0
True,2.69308408114288,0
True,2.88667617779436,0
True,2.38535284327241,0
True,2.85028149983879,0
True,2.53796630601152,0
True,3.31415344256627,0
True,2.62785519516658,0
True,2.23261085152193,0
True,2.8265432008974,0
True,3.35465809605194,0
True,3.09742015138164,0
True,3.02016710987743,0
True,3.07189913640851,0
True,2.51273582733461,0
True,3.36063094778344,0
True,2.52003969927512,0
True,3.32572109636039,0
True,2.68490695515759,0
True,2.50611054092706,0
True,3.62056000165873,0
True,3.16017335757626,0
True,4.24822496540887,0
True,3.03498153723592,0
True,2.92225362825878,0
True,2.96701238760642,0
True,3.6188290462368,0
True,2.82730554317553,0
True,2.95744226075914,0
True,2.25956414762187,0
True,3.03231673960061,0
True,2.30552299662439,0
True,2.68468730001271,0
True,3.3095050773356,0
True,3.68710141004263,0
True,3.42576184114828,0
True,1.52798354706209,0
True,3.72945127900545,0
True,2.76130249398645,0
True,2.68276239157638,0
True,3.06704475546021,0
True,2.40045145277497,0
True,3.31116414988527,0
True,2.5357034703043,0
True,3.50306492177473,0
True,2.97869975624033,0
True,2.73295222360612,0
True,3.425665295405,0
True,3.58269111842879,0
True,2.58739538416346,0
True,3.52121412616389,0
True,4.17960011235102,0
True,3.75164770608861,0
True,2.76720222751854,0
True,2.91190935148114,0
True,3.68801264097932,0
True,4.02341326206409,0
True,3.32393191952115,0
True,2.93111170350981,0
True,3.62790612172866,0
True,3.02217919564795,0
True,2.60468159752109,0
True,2.78143412156619,0
True,2.76966709987879,0
True,4.31212149791733,0
True,2.66399781032288,0
True,3.31816075132482,0
True,3.12808478113195,0
True,3.75117570248175,0
True,3.33747792510309,0
True,3.42980748022557,0
True,3.9330409695294,0
True,3.42635005490546,0
True,3.34161839759494,0
True,4.03270637633162,0
True,3.40864944241741,0
True,3.93083865302237,0
True,3.04748591699561,0
True,2.58618580689444,0
True,4.18137231718442,0
True,3.26294790245884,0
True,2.72197554886116,0
True,2.84406798252065,0
True,3.32515014705871,0
True,3.10931393153629,0
True,3.41084152589915,0
True,2.77428692197856,0
True,2.96981504637936,0
True,3.18700925929004,0
True,3.10022759947665,0
True,3.38370153365041,0
True,3.37131465579819,0
True,3.32909563580017,0
True,3.12597128542218,0
True,3.55491546416326,0
True,4.23388622298945,0
True,3.57791912727833,0
True,3.62271682974697,0
True,2.54188083696096,0
True,3.32803242908779,0
True,2.31639051350528,0
True,2.83944537082187,0
True,3.2958331466822,0
True,2.12896496698447,0
True,3.32385217458756,0
True,1.73820914410535,0
True,2.05474288550677,0
True,2.77731743400734,0
True,3.47612951928922,0
True,2.4534936445686,0
True,2.25517916890968,0
True,3.35990946610588,0
True,3.54689654878825,0
True,3.32128177188957,0
True,2.78252653967949,0
True,2.70066270663829,0
True,2.38730723600327,0
True,3.51710500126566,0
True,1.50871342274185,0
True,3.17978445650135,0
True,2.28646025168995,0
True,4.21262023886277,0
True,3.21680311689043,0
True,0.804973985990828,0
True,2.63078280380108,0
True,3.30068693260959,0
True,2.961103592784,0
True,3.37247070078804,0
True,2.29904053547974,0
True,2.41534164560657,0
True,4.23326503162553,0
True,3.22386409530695,0
True,3.65878600991668,0
True,3.14500463351286,0
True,3.66560763982308,0
True,3.14640059748123,0
True,4.4363704910618,0
True,3.21318372413774,0
True,3.69742187767645,0
True,2.62207271322368,0
True,3.17341457762932,0
True,2.66589757117455,0
True,2.61752992105955,0
True,3.40534748417544,0
True,3.54745967247109,0
True,2.76003481088254,0
True,3.34121864613583,0
True,2.67598900981723,0
True,2.61921961633936,0
True,2.893590871691,0
True,2.92291840171763,0
True,3.03222503003919,0
True,2.87965957040637,0
True,3.09403822050986,0
True,2.60345904518271,0
True,3.01499365676856,0
True,2.4705058605089,0
True,3.18663896996372,0
True,3.16285328955495,0
True,3.2690038462148,0
True,0.600324550167479,0
True,2.41102324258726,0
True,3.13291555081856,0
True,2.71513321599611,0
True,2.3259581917142,0
True,3.29881849075712,0
True,2.71900517775183,0
True,3.36448819149086,0
True,3.16178710130385,0
True,2.89478900930877,0
True,3.44775544582464,0
True,3.17950655876591,0
True,3.22772288936465,0
True,2.89208012389473,0
True,2.78169118105028,0
True,2.9251472976853,0
True,1.88790347357364,0
True,2.88195866556894,0
True,3.14693488156816,0
True,3.37845000311218,0
True,2.87662242418567,0
True,3.83501962695451,0
True,3.3583344701261,0
True,4.26189211762748,0
True,2.69374875235558,0
True,2.15498228175908,0
True,0.466131087024779,0
True,2.54009672253073,0
True,2.95938041689766,0
True,3.62632495387682,0
True,3.5749970625837,0
True,2.17704484811901,0
True,2.8774142513237,0
True,3.00889792969726,0
True,3.3441133416076,0
True,3.2350194315835,0
True,3.14141474078436,0
True,0.435392322350249,0
True,3.0647460172668,0
True,3.41695497249849,0
True,3.76237368390121,0
True,3.35289119334123,0
True,3.24856586647299,0
True,3.2681625483947,0
True,3.24898164343659,0
True,3.13069333263788,0
True,2.44793239866706,0
True,3.20746440719029,0
True,3.46398652684524,0
True,2.55516078352361,0
True,3.63206352173972,0
True,3.02426445587647,0
True,3.35210851113931,0
True,2.74126954883593,0
True,2.51706607624773,0
True,3.67532658704677,0
True,2.95829138858569,0
True,3.99166108447504,0
True,3.34885203126683,0
True,2.735682716007,0
True,2.7042133784465,0
True,2.74014632735992,0
True,2.66255617079165,0
True,3.79832352318231,0
True,2.80663837250331,0
True,2.77885227387798,0
True,3.24632149980893,0
True,3.1865697871202,0
True,2.91080642657617,0
True,2.84399710639901,0
True,3.05817966347018,0
True,3.51683233356726,0
True,3.90061935082428,0
True,2.85537265893603,0
True,3.1061599465044,0
True,3.00863647506101,0
True,3.60641054097837,0
True,2.48492538568639,0
True,4.00999632020116,0
True,4.44211989729727,0
True,3.49703643775168,0
True,2.85606295269592,0
True,3.89136768055971,0
True,2.4644219687909,0
True,1.98375036790706,0
True,2.41945077609145,0
True,2.99057468787278,0
True,3.69078981163311,0
True,3.39620907122443,0
True,3.63618017859764,0
True,3.31526399871299,0
True,2.61290953082784,0
True,2.67420047424609,0
True,2.52923964591615,0
True,2.1195237574058,0
True,3.29196254002182,0
True,3.30047104796328,0
True,2.26869264939181,0
True,2.90656622228975,0
True,4.15788084055562,0
True,3.77517573815772,0
True,2.88984190437442,0
True,3.09552210528746,0
True,3.16946897513939,0
True,3.54081165122388,0
True,4.48835471537283,0
True,0.384719126498319,0
True,3.57067719159735,0
True,2.16660957062851,0
True,3.74094569829238,0
True,2.53829990750476,0
True,3.56471717791975,0
True,3.10694025202428,0
True,3.04980014557111,0
True,3.21861583477638,0
True,3.0393948072563,0
True,3.16532611316163,0
True,2.93283851326429,0
True,2.96348919234197,0
True,3.31927944088632,0
True,4.03055579489221,0
True,3.50121710878666,0
True,2.87197340934865,0
True,2.88493833417836,0
True,2.13713855522202,0
True,3.0916318764068,0
True,2.51772378238539,0
True,2.54290530431143,0
True,3.67844033743629,0
True,3.58975188735074,0
True,2.86827142458038,0
True,3.43311307063108,0
True,2.20177383036375,0
True,3.77215028734813,0
True,2.2717535953262,0
True,2.92539618960924,0
True,2.4487253463892,0
True,3.06291700602961,0
True,2.05213098622574,0
True,3.21976407789625,0
True,3.36305230452033,0
True,2.90205387695579,0
True,4.02503215015541,0
True,2.6433432016578,0
True,3.95924362260665,0
True,2.94288126532333,0
True,0.600065774190927,0
True,2.72316972058895,0
True,2.69713266978843,0
True,2.9140719229907,0
True,3.62353746769203,0
True,2.93536009712722,0
True,3.57078812373473,0
True,2.78175676846337,0
True,3.58890364696913,0
True,2.84232860460155,0
True,3.20526693981438,0
True,2.84622399105989,0
True,3.86145577734456,0
True,1.87753551439288,0
True,2.55084816490257,0
True,3.11086271978008,0
True,2.35437128175689,0
True,2.02977744106253,0
True,2.14769784647915,0
True,3.06128271674835,0
True,2.65383236086281,0
True,0.506174061533265,0
True,2.58712212371184,0
True,3.20332678773813,0
True,2.86882169007905,0
True,4.01433341027267,0
True,3.06594262969326,0
True,3.07190713932768,0
True,3.40166935291699,0
True,2.90729458249988,0
True,3.23893776238307,0
True,2.99422897296223,0
True,3.11566316052047,0
True,3.38741587746402,0
True,2.87630133506733,0
True,3.08276931897147,0
True,3.57122455894541,0
True,3.16788693674017,0
True,2.08836119943459,0
True,3.11246033736589,0
True,3.33542277622093,0
True,3.13381556228181,0
True,3.10906852176775,0
True,3.10980317152703,0
True,3.71514036316493,0
True,1.26543174078353,0
True,2.43696313605873,0
True,1.85397200630807,0
True,3.42794414207509,0
True,2.71850913806661,0
True,3.69434889346535,0
True,2.38136693220177,0
True,2.91494437847507,0
True,1.8709312633001,0
True,2.84813920860873,0
True,3.29870175221066,0
True,3.21671465895915,0
True,3.26009144206291,0
True,4.2650955982913,0
True,3.1470274194679,0
True,2.73209907621825,0
True,4.11935746334095,0
True,3.03455512706081,0
True,2.97615320846012,0
True,2.83875366679494,0
True,2.97456634476322,0
True,2.99831656263998,0
True,2.75898936542108,0
True,3.27115218019582,0
True,3.41588653471957,0
True,2.97643302531302,0
True,2.51449081043654,0
True,2.68138676236377,0
True,3.06358551051277,0
True,3.28068982244305,0
True,2.92004036908891,0
True,3.1117613331625,0
True,2.75074181756002,0
True,3.03897609094162,0
True,3.43229478824918,0
True,3.20959737109641,0
True,3.25607408664294,0
True,2.59039266103181,0
True,2.25696620600976,0
True,2.42247358743478,0
True,3.08012464338731,0
True,2.30977614171696,0
True,3.3995319186498,0
True,2.23039966938826,0
True,3.15028770023314,0
True,3.28281848685022,0
True,2.99537380158925,0
True,3.36770020398683,0
True,2.33935077340466,0
True,3.30563841815857,0
True,3.01144242762981,0
True,3.40583275642329,0
True,3.78618194377469,0
True,2.40993809863911,0
True,3.17651976779521,0
True,2.93157733326754,0
True,2.88303352259991,0
True,3.62100525347757,0
True,3.32932740995883,0
True,3.50052491120158,0
True,3.00794082058594,0
True,3.47534088805802,0
True,2.54886734447264,0
True,2.82417644699068,0
True,3.09777828807454,0
True,2.77330941860292,0
True,1.28997698812479,0
True,2.35482494922942,0
True,3.92443487994489,0
True,3.63847724759247,0
True,3.59182820993391,0
True,3.08801494817808,0
True,3.14164340530212,0
True,2.12506466377171,0
True,2.94515390650305,0
True,4.48049994764886,0
True,3.25857297831798,0
True,3.15656533640938,0
True,3.21058482573121,0
True,3.53021682156115,0
True,2.92643711359553,0
True,4.10275099183126,0
True,3.52257482481626,0
True,3.16130047507847,0
True,2.19860972891924,0
True,2.95958751877858,0
True,2.47737907955927,0
True,2.54231845775953,0
True,3.58689814272179,0
True,2.02702725193569,0
True,3.61310207045175,0
True,3.19645284322196,0
True,2.73426632165116,0
True,3.30781541022177,0
True,3.52691293948746,0
True,3.46790862136645,0
True,2.8857462936103,0
True,3.5581645301704,0
False,4.81963186304003,0.000179186038775735
True,3.07960182695154,0
True,3.24797616660051,0
True,2.32121709251156,0
True,2.85670343094037,0
True,2.8594638957141,0
True,4.03556452219655,0
True,2.0105989598909,0
True,3.20876892765807,0
True,2.5661811123792,0
True,2.78968234011537,0
True,3.36684298799548,0
True,2.69899166240296,0
True,2.7281416234723,0
True,2.90626689100228,0
True,3.25852881603608,0
True,4.35907155340808,0
True,3.25739669401033,0
True,3.10959799822109,0
True,3.21422355716617,0
True,2.9022028780487,0
True,3.25003336984932,0
True,2.17119798220529,0
True,2.37647508200265,0
True,2.98431756882777,0
True,2.61255011574066,0
True,2.58509477810304,0
True,2.8249046698231,0
True,3.18748121331569,0
True,1.01315712806861,0
True,3.15928537657848,0
True,2.76776576211739,0
True,2.92385007862028,0
True,2.89320148899733,0
True,3.09104431872881,0
True,3.24320782725909,0
True,2.73823877407159,0
True,2.43842983077764,0
True,3.28123624017868,0
True,2.92383486514504,0
True,2.94109279390756,0
True,3.20268623359206,0
True,3.0200452937601,0
True,3.58053226731837,0
True,3.10552530770222,0
True,2.9876549259055,0
True,3.25132462161845,0
True,3.62564308406354,0
True,1.3563599873485,0
True,2.81515648350331,0
True,0.736836707205603,0
True,2.85653360119653,0
True,3.04430822209854,0
True,3.54486092708838,0
True,2.73879215849664,0
True,2.74370630960132,0
True,3.92524866976376,0
True,2.90625322376859,0
True,3.5106055096565,0
True,2.41271697086565,0
True,2.93421630359747,0
True,2.90454658037623,0
True,2.91441571602726,0
True,2.87355600285499,0
True,3.5383871064558,0
True,3.61401131145822,0
True,3.07933033223496,0
True,3.22078085338909,0
True,2.55457311022237,0
True,2.40670674933351,0
True,2.92239577199379,0
True,2.59641089675894,0
True,3.13082515588025,0
True,3.52053401732368,0
True,3.13866715232504,0
True,2.61637115034497,0
True,2.57451687397824,0
True,4.04287453051811,0
True,4.08965908990059,0
True,3.31321276678771,0
True,4.33026994051279,0
True,3.37998316710924,0
True,3.08847718193901,0
True,3.0042939252732,0
True,3.12342233034732,0
True,2.5098333850638,0
False,2.29261155484865,0.000125706824768353
True,3.32719072220483,0
True,2.80045425894574,0
True,2.61765026469358,0
True,3.47142885741307,0
True,2.42539492896355,0
True,3.04660780997221,0
True,3.132416558521,0
True,2.680184022782,0
True,2.58010823621385,0
True,3.87467871168109,0
True,3.24428718952815,0
True,2.46993430442389,0
True,3.33934173878215,0
True,3.06823124688943,0
True,3.2261631657675,0
True,2.50156310428457,0
True,3.57417153915257,0
True,3.04442054273565,0
True,3.02499163230079,0
True,3.53646736321831,0
True,2.51709211107222,0
True,3.5880015201842,0
True,2.42435837294905,0
True,3.43602211754936,0
True,3.180802503539,0
True,2.73329216559858,0
True,2.80764527107288,0
True,3.13551015649051,0
True,2.95911535175192,0
True,3.5903564739245,0
True,1.96537278669725,0
True,3.72744896177749,0
True,2.645409986474,0
True,2.80601006872187,0
True,2.97187532154292,0
True,3.05400139790106,0
True,2.86815463167588,0
True,3.46608662607874,0
True,4.14631665319638,0
True,2.75602937417106,0
True,2.86678377013276,0
True,2.56753669417093,0
True,2.84278683393667,0
True,2.79119181227612,0
True,3.98373372854815,0
True,3.45847681801411,0
True,3.0512528492437,0
True,2.67322167689676,0
True,2.8420420900492,0
True,3.4767165479769,0
True,2.90543984482948,0
True,4.26357928370305,0
True,2.29019807196058,0
True,3.83715098869836,0
True,2.33995118838498,0
True,2.35148990134171,0
True,5.55299327118063,0
True,3.26064736319451,0
True,2.88230097457764,0
True,3.21383010021087,0
True,3.26530953956781,0
True,3.52427336593639,0
True,3.8028161662759,0
True,2.80554700128339,0
True,3.1455804534975,0
True,3.59618606950143,0
True,2.66562856243861,0
True,3.98397717981571,0
True,3.03702245612024,0
True,2.71274955479327,0
True,3.3745186471819,0
True,3.88263642075265,0
True,2.88163865540902,0
True,3.22005452450369,0
True,2.89771702156714,0
True,2.89180026029887,0
True,3.68109030125696,0
True,0.390185666687612,0
True,1.55463398988253,0
True,2.5265042988736,0
True,3.91882181994295,0
True,1.88520420855512,0
True,2.41561298229427,0
True,2.32840653730197,0
True,3.4497224524982,0
True,2.96693363384358,0
True,2.87865929200116,0
True,2.61977879607646,0
True,3.33117845814006,0
True,2.85726208124496,0
True,3.36186663242443,0
True,3.36136289903124,0
True,3.62721277308786,0
True,2.71270862665005,0
True,3.49465233788773,0
True,2.71990547832108,0
True,3.70489474855783,0
True,3.28499422236061,0
True,4.03121550540681,0
True,3.05114547771492,0
True,3.59426257299442,0
True,2.51715963746902,0
True,3.32547436783736,0
True,2.08384606189927,0
True,2.77441583056807,0
True,3.7539590859568,0
True,3.95498088032597,0
True,3.24074763328298,0
True,0.540755266043253,0
True,3.13447172321237,0
True,2.08778495839527,0
True,2.96499652812706,0
True,2.93252839166047,0
True,3.63322442217012,0
True,2.86014936429762,0
True,2.88423755105641,0
True,3.87652381494155,0
True,3.17814215553905,0
True,2.93381400153338,0
True,2.28540613157814,0
True,2.69410164381411,0
True,3.73253730200015,0
True,3.74978832601418,0
True,3.29526920573435,0
True,2.81992813792811,0
True,2.62403441616018,0
True,3.11467857740898,0
True,3.27793397825806,0
True,3.84328982897369,0
True,3.39208925431255,0
True,4.23743362538358,0
True,4.16301196482669,0
True,3.30473881344113,0
True,4.70134847921781,0
True,2.77918746645935,0
True,3.38972632527175,0
True,4.17541500295088,0
True,3.17782905211918,0
True,2.46742321706498,0
True,2.52246362481689,0
True,3.10365624470715,0
True,2.53451169705484,0
True,2.94766704152417,0
False,3.02521848734705,1.48387774666334E-05
True,3.78765031059765,0
True,3.25746954618169,0
True,2.95466873052883,0
True,3.01052147796748,0
True,0.52357699189026,0
True,3.76777704597493,0
True,2.2342630782468,0
True,3.86548749004145,0
True,3.77418688096444,0
True,2.54728131698629,0
True,2.86537941807727,0
True,2.87825268029511,0
True,0.862671070442317,0
True,0.46750979970916,0
True,2.45602390459322,0
True,3.04421222461019,0
True,2.93532585287903,0
True,3.05872546676159,0
True,3.72435561869539,0
True,3.56443888204779,0
True,3.49082825251315,0
True,2.6039970530854,0
True,3.81204818178054,0
True,2.72740592799907,0
True,2.51490791775397,0
True,0.69446908538219,0
True,3.41043281232145,0
True,3.003211218937,0
True,3.89683863252272,0
True,2.54518781014763,0
True,4.34072921891161,0
True,3.51450815822827,0
True,3.09784971689466,0
True,4.23229842725916,0
True,2.14776836549428,0
True,3.38586612408493,0
True,3.43909930621959,0
True,2.81099646487019,0
True,3.39038502890145,0
True,2.79469282398858,0
True,2.63414292086078,0
True,3.69041230818383,0
True,2.67000996416546,0
True,3.49095494049474,0
True,3.16095412856156,0
True,2.58448507596229,0
True,2.36726352825592,0
True,3.71222756456801,0
True,3.90630093137088,0
True,3.96257822179047,0
True,2.72231071162849,0
True,3.29213917813833,0
True,3.32076328403847,0
True,3.5449989786087,0
True,3.4643218494947,0
True,3.0166392382282,0
True,2.95778697624539,0
True,3.1450237348056,0
True,2.84046157079798,0
True,3.33202447739535,0
True,3.48555201141447,0
True,3.30225662533913,0
True,2.11213285094875,0
True,2.37864471720489,0
True,3.27661831325058,0
True,3.4848610632494,0
True,2.52074193819951,0
True,2.12602020612148,0
True,3.10221379814919,0
True,2.91910952098447,0
True,2.70583052789462,0
True,3.19789100709284,0
True,2.88497820899553,0
True,3.30582985967303,0
True,3.03592207841757,0
True,3.26144682967826,0
True,1.73841506554786,0
True,3.38978518979771,0
True,3.48509551256396,0
True,3.08667586268659,0
True,2.66082670644033,0
True,3.35407627008196,0
True,2.4919790150941,0
True,3.90126055541715,0
True,2.27449831826547,0
True,3.0412760944614,0
True,2.79619315445614,0
True,3.58119312061915,0
True,2.77152932628628,0
True,4.26477891309369,0
True,2.50767115416842,0
True,2.97686182214661,0
True,1.99144990121297,0
True,3.20410852174734,0
True,3.04414484175192,0
True,2.99528272172395,0
True,3.74365734425289,0
True,2.81433393395201,0
True,3.10650162902476,0
True,2.85823931146766,0
True,2.42486580483319,0
True,3.24269321009658,0
True,3.10142232750321,0
True,2.64725908806788,0
True,2.58054278250428,0
True,2.1619358200767,0
True,3.59244520058634,0
True,2.84020662603762,0
True,2.50671752024628,0
True,2.87347291589145,0
True,3.17551896208636,0
True,3.21738050016216,0
True,3.33656435298483,0
True,3.7257417376176,0
True,3.3846367187299,0
True,2.65529136322021,0
True,2.94483599260341,0
True,2.10413520381647,0
True,2.71493035586521,0
True,2.33434848046509,0
True,3.05779075534657,0
True,3.61454937795123,0
True,4.23616857846216,0
True,2.73140810033915,0
True,3.04811522822391,0
True,2.89186202468293,0
True,2.25269733832612,0
True,2.73418628338645,0
True,2.98390755602459,0
True,3.00766527080345,0
True,3.32004786721588,0
True,3.3551958430229,0
True,1.60764217054177,0
True,3.20278725294663,0
True,3.82093200334719,0
True,3.38869897186091,0
True,3.28493515253144,0
True,2.79485628418785,0
True,3.67391509371756,0
True,3.74553381321837,0
True,2.90826215366811,0
True,3.44640731155088,0
True,3.5183600598959,0
True,3.67097445059191,0
True,4.01263257019672,0
True,2.98282078844535,0
True,3.79023604389752,0
True,3.32349301526323,0
True,3.00927177221773,0
True,0.485480253304324,0
True,3.24582982217202,0
True,2.80628597130364,0
True,2.71271066135654,0
True,3.60924004249438,0
True,3.15072503081896,0
True,2.7633753967893,0
True,2.3768716992903,0
True,1.17064961863516,0
True,2.54309708438669,0
True,4.10104603770751,0
True,2.8852401661997,0
True,2.88385004486777,0
True,3.97467797329586,0
True,3.15188345286164,0
True,2.5522268656666,0
True,3.45081946739709,0
True,2.88073516457382,0
True,2.32153865804868,0
True,3.55987497821479,0
True,3.74178306903678,0
True,4.11690170946416,0
True,3.0864238874904,0
True,0.384967968477374,0
True,2.53941071515127,0
True,3.08498864162532,0
True,3.47577588975427,0
True,3.90471499329539,0
True,3.429558654765,0
True,3.46597391334149,0
True,3.5027224890117,0
True,3.4050860963145,0
True,3.02910882507409,0
True,3.10194753563069,0
True,2.63189987383778,0