Success,Time,Fitness
True,1.6684776864835,0
True,1.88666032206817,0
True,2.476497624113,0
True,2.14243375552442,0
True,2.55572807034567,0
True,2.29649655074048,0
True,2.01609848210847,0
True,2.33343373077711,0
True,1.17170135541153,0
True,1.9721857536262,0
True,2.78625481205509,0
True,2.73850768385405,0
True,0.868333665380563,0
True,1.96903553550641,0
True,2.4191455555989,0
True,2.0324749245396,0
True,2.25085285879721,0
True,2.36920672060113,0
True,1.82224392143483,0
True,2.30765551009867,0
True,2.35569557337661,0
True,2.2064233128004,0
True,2.32777301429985,0
True,1.36512190226235,0
True,1.76886921585607,0
True,1.74412512317927,0
True,1.54727384798756,0
True,1.69584861019734,0
True,2.1835104434349,0
True,2.29320293002814,0
True,2.92774316892033,0
True,2.30886435308948,0
True,2.34184227826377,0
True,2.65784483462902,0
True,2.40630749251079,0
True,2.34648618991451,0
True,2.19495195924357,0
True,2.129753207557,0
True,2.43783632268778,0
True,2.47214184195271,0
True,2.02354512163855,0
True,1.91511563528665,0
True,1.85966036783491,0
True,2.38070650583292,0
True,2.37003656520448,0
True,2.21330448603183,0
True,2.17419539022044,0
True,1.92282567856661,0
True,1.8072953739437,0
True,2.07111517451935,0
True,2.38053353633919,0
True,2.19027429843236,0
True,2.40186565400445,0
True,1.77786867515323,0
True,2.17213235252986,0
True,2.32720695895558,0
True,1.86041642698129,0
True,1.94682612256925,0
True,1.85846353974551,0
True,2.04864193754852,0
True,1.73334576110774,0
True,2.03476145714311,0
True,2.01122713065377,0
True,2.52096435675472,0
True,2.58683680887929,0
True,2.13546504616321,0
True,2.326448231234,0
True,2.44265126689931,0
True,2.42004661651246,0
True,2.00536711953797,0
True,0.285982109697177,0
True,2.24385641713425,0
True,2.71696631155326,0
True,2.23607416149131,0
True,2.27120027139014,0
True,1.24955116087492,0
True,2.71807091030278,0
True,2.32888030678332,0
True,2.14255843883515,0
True,3.11834228506377,0
True,2.62451370125978,0
True,2.56999310077795,0
True,1.93848003347778,0
True,2.12323429310304,0
True,2.38222100943331,0
True,1.49567482232113,0
True,1.79300405780315,0
True,2.13833193032434,0
True,2.37995087103818,0
True,2.08911810934348,0
True,2.35659940187164,0
True,2.43384597662028,0
True,0.555149887042548,0
True,2.51662060070206,0
True,2.52663455677322,0
True,2.45345952368291,0
True,2.1524713225432,0
True,2.31278667356493,0
True,3.27777006289244,0
True,2.29831767271061,0
True,1.79782779825353,0
True,2.00948267294843,0
True,2.30037678469725,0
True,1.94143662173404,0
True,2.18686291627127,0
True,0.365889386760884,0
True,2.56725664695105,0
True,2.35134247746785,0
True,1.82466725949782,0
True,2.04616441834012,0
True,0.653432962189174,0
True,2.01291248910212,0
True,1.86203758871842,0
True,1.89042960183149,0
True,2.28863862662276,0
True,2.88452472578226,0
True,2.63587332419375,0
True,2.25975330824147,0
True,0.75466160326763,0
True,2.19091711389372,0
True,1.85465667082606,0
True,1.93395026753573,0
True,2.44088133472778,0
True,2.08872357901629,0
True,2.22623997618535,0
True,2.31001568449642,0
True,2.16664636701704,0
True,2.08910915308949,0
True,2.6240779159764,0
True,2.16480108905748,0
True,2.42006864707345,0
True,1.58294158120583,0
True,2.23130835498379,0
True,2.52059752254685,0
True,2.72305807763263,0
True,2.63851903837319,0
True,2.0472465813577,0
True,1.69320414654985,0
True,2.07612915622984,0
True,2.36962522574075,0
True,2.26912183517314,0
True,2.19547644038795,0
True,2.47652810953667,0
True,1.20435440544542,0
True,2.05830115878961,0
True,2.31528839619308,0
True,2.09663602772799,0
True,2.24784805192133,0
True,1.80222020904322,0
True,2.31791110056667,0
True,2.23173480494167,0
True,1.96015437981832,0
True,2.04549194439057,0
True,2.27622208079832,0
True,0.766912306648043,0
True,1.95121255069315,0
True,2.45483997931323,0
True,2.29494883198066,0
True,1.71900387816894,0
True,2.49306600691836,0
True,2.41494691385518,0
True,2.96843030433519,0
True,2.11841127411289,0
True,2.23615510549365,0
True,2.06215919154399,0
True,2.8255706623198,0
True,2.79596706362244,0
True,2.58077837809479,0
True,2.25381452934055,0
True,2.28611476990354,0
True,1.4848614789564,0
True,0.544509141220246,0
True,2.42303598825624,0
True,2.09049183649889,0
True,2.02017363821468,0
True,2.60345857301503,0
True,2.23745033795843,0
True,2.3360444755814,0
True,2.33201559577182,0
True,1.7027125581328,0
True,2.80441812700715,0
True,1.75006525422434,0
True,1.88437717121245,0
True,2.4099109158452,0
True,2.04822940401072,0
True,2.00819752326687,0
True,2.18168700634001,0
True,2.0013381155453,0
True,1.93574883023564,0
True,2.05422919640911,0
True,2.03583747662712,0
True,2.51827898348127,0
True,2.27585220056088,0
True,2.12479412459492,0
True,2.07403055325784,0
True,0.84606860279765,0
True,2.25029832523025,0
True,2.28429423518723,0
True,2.4836683893926,0
True,2.41955206568436,0
True,1.93933465373194,0
True,2.27641331627392,0
True,2.57696171336091,0
True,2.23337215521676,0
True,1.88743554747077,0
True,1.91288242522229,0
True,2.05472162627845,0
True,2.28548461788654,0
True,0.170056579692892,0
True,2.44621317570867,0
True,2.47735244946534,0
True,2.74374688270812,0
True,2.33318535232529,0
True,2.04870412621044,0
True,2.39523352971682,0
True,2.06399837539939,0
True,2.34325811433287,0
True,2.03118506141141,0
True,1.90943014388695,0
True,2.27816258433713,0
True,1.70386959973709,0
True,2.37052571204282,0
True,2.10131669726417,0
True,2.44654506196159,0
True,1.7546069315449,0
True,2.00969455662884,0
True,2.40484955492154,0
True,2.39243078717251,0
True,2.58641859948222,0
True,2.41232928105626,0
True,2.57497332991338,0
True,2.21796710944242,0
True,2.37036916799771,0
True,2.16206299934553,0
True,2.23484224260962,0
True,1.91494072779417,0
True,1.89147465906487,0
True,1.98112231056229,0
True,2.30182413025171,0
True,2.17749843701143,0
True,2.16357718870858,0
True,2.14245275667488,0
True,1.87111418241436,0
True,0.554131654358044,0
True,0.969088844657635,0
True,1.82525456104023,0
True,2.13634112385989,0
True,2.09640633312857,0
True,2.03717004155168,0
True,2.27384215536063,0
True,1.68436262198141,0
True,1.96757456113095,0
True,2.00071377044683,0
True,2.33951999026534,0
True,2.28828450055595,0
True,2.42842410511328,0
True,2.45948811600872,0
True,3.19979760827782,0
True,2.24539634594817,0
True,2.20599845159883,0
True,1.99058081163988,0
True,2.12377578309846,0
True,1.53080150915463,0
True,1.52942358821912,0
True,1.57354895136309,0
True,1.52463307034722,0
True,2.17542498952452,0
True,2.25316373611599,0
True,2.45417671066872,0
True,2.2040563162146,0
True,2.38299635672576,0
True,2.48794587889118,0
True,2.59517533219416,0
True,2.30495064232128,0
True,2.2690978494532,0
True,1.98536935192931,0
True,2.39801078973681,0
True,2.26992402919772,0
True,2.35140129069492,0
True,2.37017277081674,0
True,2.74903640847787,0
True,1.97559676333252,0
True,1.84041882482038,0
True,1.6768953288065,0
True,1.71981199588117,0
True,1.93130120336143,0
True,2.19002948224279,0
True,1.92461826154477,0
True,2.02007773038256,0
True,2.24603568748556,0
True,2.31692228601476,0
True,2.20235323365574,0
True,2.28717818932209,0
True,2.23216242586663,0
True,1.13551869714145,0
True,1.37688392091337,0
True,2.47509286210439,0
True,2.24713495620489,0
True,2.53369848607607,0
True,2.24868411625157,0
True,1.63975394178899,0
True,2.14146654633552,0
True,2.43806506548083,0
True,2.6174765980695,0
True,2.49912404611321,0
True,2.64404172608916,0
True,2.48619533106788,0
True,2.14337688506888,0
True,1.9090385346045,0
True,2.03799158677246,0
True,2.07020151132119,0
True,2.03650547377563,0
True,2.584140998745,0
True,2.62238561643669,0
True,2.45597354547304,0
True,2.04259563148831,0
True,2.29921046794701,0
True,2.2269499658363,0
True,1.90564619120696,0
True,1.63284094150437,0
True,2.40430104454573,0
True,2.0683474190923,0
True,1.96489510400352,0
True,2.48172212849861,0
True,2.46025179595362,0
True,2.12870434958765,0
True,2.0367026939294,0
True,2.36148573081558,0
True,2.31064130950306,0
True,2.275605587897,0
True,2.48138944735333,0
True,2.09785214845835,0
True,1.43162101580845,0
True,2.37109793156338,0
True,2.0754248806667,0
True,2.07660903075048,0
True,2.56109574225767,0
True,3.0014546475029,0
True,1.49522145111888,0
True,2.26933402793132,0
True,2.91898216962743,0
True,2.77566577010382,0
True,0.432332238101591,0
True,2.64121479845134,0
True,0.752949120004822,0
True,2.50620820085202,0
True,2.33640607502099,0
True,2.27620631439446,0
True,2.11215537815462,0
True,1.71246148989661,0
True,1.88245142291915,0
True,2.06835009264109,0
True,1.93904132173119,0
True,2.15613234259725,0
True,2.24272347664262,0
True,2.27726318511047,0
True,2.57087572764506,0
True,2.06190725939425,0
True,1.98868535220075,0
True,1.95981539517968,0
True,2.42261869429529,0
True,2.32158165176007,0
True,2.23748519357255,0
True,1.98826211733798,0
True,2.19451167550949,0
True,2.65847676709737,0
True,2.44562080455854,0
True,2.36619924046896,0
True,2.27574606709497,0
True,1.61974634778755,0
True,1.08819122611251,0
True,1.97671469538792,0
True,2.25358116038464,0
True,1.53174377162162,0
True,2.06309500291273,0
True,2.23845732257634,0
True,2.29838672947128,0
True,2.30924863936641,0
True,2.66842608882338,0
True,2.01736718896072,0
True,1.8310133477677,0
True,1.95233924490739,0
True,2.20663148199255,0
True,2.07547374653573,0
True,2.14321856590465,0
True,2.36064506067093,0
True,2.19470578282795,0
True,1.99667491432389,0
True,2.09660015640333,0
True,1.88844303432515,0
True,2.36299038839642,0
True,1.99383400807834,0
True,2.10314673681659,0
True,1.52170093196834,0
True,2.11316879856436,0
True,2.25185341353016,0
True,2.05563876011017,0
True,1.86524139046852,0
True,2.42752066924917,0
True,1.82966600243396,0
True,2.22522996552403,0
True,1.88375253372071,0
True,0.528266697156126,0
True,2.2936002581588,0
True,2.18401669840593,0
True,2.22254869261652,0
True,1.66068021660506,0
True,2.03206245625172,0
True,2.31439365226849,0
True,2.47019918348861,0
True,2.20237847673669,0
True,2.23613669517669,0
True,2.29490938643154,0
True,2.23578568007901,0
True,2.52911102326438,0
True,2.59970289378096,0
True,2.44534206618809,0
True,1.83902114425435,0
True,2.55855461674444,0
True,2.38399986318813,0
True,2.23347804904513,0
True,2.53842339117647,0
True,1.82322817430134,0
True,2.04990074613498,0
True,2.32888922714078,0
True,2.48958606297946,0
True,2.34153151136982,0
True,2.1381987744114,0
True,2.27117316989935,0
True,2.87925102370376,0
True,1.94044151488496,0
True,2.3157218514733,0
True,2.51682614223147,0
True,2.77527558378182,0
True,2.15350429850522,0
True,1.94836391974663,0
True,2.1821647143097,0
True,2.48772864222855,0
True,2.35991339755215,0
True,3.02897747807392,0
True,2.92068273039996,0
True,2.75382224837012,0
True,0.792685209518767,0
True,2.9801186498056,0
True,2.20244896308939,0
True,2.78225223489221,0
True,1.63270635473856,0
True,1.97249809987266,0
True,2.17836334656201,0
True,1.74711504403633,0
True,1.93728418278491,0
True,2.13350451971184,0
True,2.01397129492216,0
True,2.44084001013809,0
True,2.04437314038941,0
True,2.31911424280456,0
True,2.54389982928224,0
True,1.67363964751292,0
True,1.79254652741783,0
True,1.05062122588736,0
True,2.13221864092679,0
True,1.74658984242761,0
True,1.42019335202077,0
True,2.1645741971571,0
True,1.5972360659466,0
True,2.15676340559881,0
True,2.00960312353029,0
True,2.39675033052183,0
True,2.21772967034897,0
True,1.77424409556782,0
True,2.22757963756904,0
True,2.40634535634465,0
True,2.61852246297445,0
True,2.34935853826399,0
True,2.51495587776182,0
True,1.89401243673414,0
True,1.98900292110013,0
True,1.69669199737161,0
True,2.30906731140702,0
True,1.77999749553274,0
True,2.09029900825547,0
True,2.13127987637168,0
True,2.13688149318593,0
True,2.14259659836496,0
True,1.95638283011119,0
True,2.21286299724585,0
True,2.16463254272878,0
True,2.0422816354031,0
True,2.27878627545227,0
True,1.96975451759182,0
True,2.64196889211109,0
True,2.14166714980801,0
True,1.81170890310618,0
True,0.88484086292264,0
True,1.99383176018881,0
True,1.94396728783182,0
True,2.04741529171919,0
True,2.54035635696527,0
True,2.17813282017001,0
True,1.91574062300596,0
True,0.940282422058704,0
True,2.5302800591332,0
True,2.17000543970343,0
True,2.67585406631705,0
True,1.98753035639812,0
True,2.14595817596267,0
True,2.0617553932746,0
True,2.57598719794137,0
True,2.21324667022914,0
True,1.97240048961287,0
True,1.26630387920227,0
True,2.15565669242574,0
True,1.88708666746276,0
True,1.96433247469912,0
True,1.77797339554243,0
True,1.93539548680039,0
True,2.25531493387185,0
True,1.89722392094647,0
True,2.37932120591355,0
True,1.93853257198666,0
True,1.95126916290002,0
True,2.12603691324112,0
True,1.76859688543752,0
True,2.1212061190754,0
True,1.71346955502541,0
True,2.32946114889672,0
True,2.08370870988307,0
True,1.71294835476507,0
True,2.76645969320168,0
True,2.51071735192131,0
True,2.39013179477567,0
True,2.47197200767395,0
True,1.75457664661735,0
True,2.14909867948819,0
True,2.65788477121554,0
True,1.787750558264,0
True,2.29084387204423,0
True,1.95576385378579,0
True,2.30833717463098,0
True,2.0559982401466,0
True,2.23506407847387,0
True,2.19578310525709,0
True,2.65419572786176,0
True,1.86639645330989,0
True,2.71740049637452,0
True,2.04395782332567,0
True,2.5176292332573,0
True,2.06728442830969,0
True,1.46817059117706,0
True,2.08766496142498,0
True,2.17280499301211,0
True,2.05703183122019,0
True,2.38094515254241,0
True,2.33892296773957,0
True,2.13532708834324,0
True,2.2464708738554,0
True,2.0264759169387,0
True,2.09266330132587,0
True,2.35266981510855,0
True,1.34546636123821,0
True,2.13861816417149,0
True,1.64350582010398,0
True,1.55004440501483,0
True,1.96574360638361,0
True,2.11752900667536,0
True,1.78771069346356,0
True,2.2697013718825,0
True,2.24558935372332,0
True,1.9449977242413,0
True,1.78988586178685,0
True,2.02270034826278,0
True,2.22609178008434,0
True,1.99909657248246,0
True,1.67180636746395,0
True,2.26970624463022,0
True,2.36251566348564,0
True,2.12158928561373,0
True,2.4250911387293,0
True,1.7955675772212,0
True,2.01397004971248,0
True,1.90336954148025,0
True,1.421092441493,0
True,1.70585305955834,0
True,1.78513637959593,0
True,2.28626669219552,0
True,2.46721520346873,0
True,2.18710144255558,0
True,2.25970245544385,0
True,2.60323985382068,0
True,2.51246716043614,0
True,1.94831337870364,0
True,1.85622968121995,0
True,2.16312707491938,0
True,1.80841160314281,0
True,2.08071347381315,0
True,1.98630571866119,0
True,2.16285379632069,0
True,2.04889093386078,0
True,2.33666682478342,0
True,2.30384008836491,0
True,2.29015720578328,0
True,2.07601395681528,0
True,2.16582431412985,0
True,1.95674759959484,0
True,1.8184367671992,0
True,2.22250944015773,0
True,2.31315764364982,0
True,2.47298345577367,0
True,2.27300482500589,0
True,1.61299339284223,0
True,1.860651593448,0
True,2.33680524083736,0
True,2.33438433008512,0
True,2.3643549241664,0
True,1.70847832681085,0
True,2.33645888725736,0
True,1.6583002503878,0
True,2.39414415424234,0
True,2.35415876626302,0
True,2.07617978612431,0
True,2.63057279467772,0
True,2.47095095617936,0
True,2.21488364415932,0
True,1.8750908580649,0
True,1.88561932392671,0
True,2.58241306668946,0
True,1.99048295915323,0
True,2.21601719497275,0
True,2.3947062654198,0
True,2.02459052860559,0
True,2.12616809057305,0
True,2.39485351121147,0
True,2.50307458642057,0
True,2.98047396644698,0
True,2.70495665799067,0
True,2.41081283608955,0
True,1.98544774618521,0
True,1.68867947506267,0
True,2.10144633987024,0
True,0.779794013058332,0
True,1.41062827445972,0
True,2.78493792158347,0
True,2.52572260050116,0
True,2.51684333393807,0
True,1.79855985183196,0
True,1.72706915484473,0
True,1.71113936108982,0
True,2.03606474680801,0
True,2.6387895496353,0
True,2.34920045846797,0
True,1.91406405721556,0
True,2.29492253984003,0
True,2.58535052873848,0
True,2.49793515933461,0
True,2.48973791829135,0
True,1.92053795681238,0
True,1.72785172552956,0
True,1.48814641418516,0
True,2.11013149472185,0
True,2.49041405712068,0
True,2.68097059817392,0
True,2.18073337539877,0
True,1.75845522059106,0
True,2.32457350224776,0
True,2.67887263817883,0
True,2.45782100249152,0
True,2.38023171656532,0
True,2.57019948521617,0
True,2.1590547496915,0
True,2.37492947709345,0
True,3.1255108715573,0
True,2.21336418318565,0
True,2.34802650780948,0
True,1.40490898908248,0
True,2.08514015244713,0
True,1.8728332012115,0
True,2.40815996147399,0
True,1.95196229521049,0
True,2.04131907192912,0
True,1.92811515856762,0
True,2.22322869620282,0
True,2.08608022097233,0
True,1.91530005365743,0
True,2.26267177188217,0
True,2.3883870945844,0
True,2.3612274000299,0
True,1.67012585390986,0
True,2.06992514170698,0
True,2.19566645358003,0
True,2.15985146090543,0
True,2.33475636112182,0
True,2.16836969956788,0
True,2.7654192656752,0
True,2.3157744143466,0
True,2.27533001078861,0
True,2.07237512917887,0
True,1.81329163949138,0
True,1.9442308265919,0
True,2.20671444709801,0
True,1.76990898823235,0
True,1.92070789933134,0
True,2.58487416886026,0
True,1.74838115098314,0
True,0.344823709315865,0
True,1.93853171739741,0
True,2.38598729584161,0
True,2.64397852226736,0
True,2.36568003766105,0
True,2.0511991594021,0
True,2.23476867994062,0
True,2.63502204154351,0
True,1.51053101623997,0
True,0.62339184917419,0
True,2.18330552931465,0
True,2.79842323579161,0
True,1.8989568949711,0
True,2.21444244635815,0
True,2.52229088867902,0
True,1.63807500156993,0
True,2.2444143567009,0
True,2.272687564831,0
True,1.97993193358703,0
True,2.32590938163423,0
True,0.910381522048057,0
True,1.77835397263385,0
True,1.91895680843093,0
True,1.91478352279227,0
True,2.0163721548856,0
True,2.10565744319263,0
True,1.98583196345207,0
True,2.33391735279005,0
True,2.53834108536559,0
True,0.747172107804856,0
True,2.01704715044921,0
True,0.338294068293789,0
True,2.07146077966513,0
True,1.97842918143084,0
True,2.02941941356351,0
True,1.71562596457385,0
True,2.16063425272554,0
True,1.60530003778441,0
True,1.94256551422206,0
True,2.52786789830131,0
True,2.20989307436809,0
True,2.61133435987932,0
True,2.55376809177396,0
True,2.28625564070479,0
True,2.09560902603836,0
True,1.74235541392501,0
True,2.5356412779452,0
True,2.19161155185331,0
True,2.03155947550132,0
True,2.22269919117441,0
True,1.92288161313924,0
True,2.64386270541739,0
True,1.87022285842988,0
True,1.89470205567192,0
True,2.25791950298672,0
True,1.64955403260969,0
True,2.45912589825785,0
True,2.50418204986437,0
True,2.54149476067639,0
True,0.623657041926497,0
True,2.48105638721836,0
True,2.19374822217601,0
True,2.45518567714611,0
True,2.37142903666644,0
True,2.69154452053569,0
True,2.07133040125281,0
True,2.07972624006636,0
True,2.21310190387804,0
True,1.43338579304314,0
True,2.28804565030058,0
True,2.03517639610965,0
True,2.11878025273442,0
True,2.07497347044449,0
True,2.19140791269408,0
True,2.20304439677653,0
True,0.826972179810074,0
True,3.13309692645286,0
True,2.63151400868764,0
True,2.34713827776805,0
True,2.42054046946622,0
True,2.56874729095031,0
True,1.87380341039542,0
True,2.50461890471696,0
True,2.66822767860573,0
True,1.90794036990557,0
True,1.96703122450838,0
True,2.36873823524943,0
True,1.97212779981036,0
True,2.09447760623537,0
True,2.1624545929773,0
True,2.45892712472403,0
True,2.39620674446918,0
True,1.78667056427917,0
True,1.87988827793882,0
True,1.91562952100302,0
True,1.91543923204713,0
True,2.10954324595894,0
True,1.33464971057313,0
True,2.60871852868096,0
True,2.63063965241699,0
True,2.55188183342782,0
True,2.65177293460204,0
True,2.3370808759512,0
True,2.26043285755679,0
True,2.3501173794394,0
True,2.54224170704196,0
True,2.33094549479924,0
True,2.13391505344732,0
True,2.27126133492548,0
True,2.73395677440952,0
True,2.68383477121017,0
True,2.38210854897556,0
True,1.83669272278783,0
True,2.28540652175116,0
True,1.88878703132942,0
True,1.9984296157698,0
True,1.50599424855008,0
True,1.58409427532663,0
True,2.26124027518238,0
True,2.29281754116769,0
True,2.5681938893241,0
True,2.10896644180109,0
True,1.61975528371486,0
True,1.85902950763801,0
True,2.23805831891548,0
True,1.7411087874343,0
True,2.49699591368763,0
True,2.23510405220282,0
True,2.21205038167775,0
True,2.47264894610384,0
True,1.9524544916868,0
True,2.18944984618327,0
True,2.54902997791036,0
True,2.60827577974723,0
True,2.44001311400127,0
True,2.31810980465192,0
True,2.34236075435529,0
True,2.3222028909342,0
True,2.35460117670161,0
True,1.5109855670858,0
True,2.08020833450625,0
True,2.13940841709396,0
True,2.16116753351311,0
True,1.50591503752396,0
True,2.2260459396787,0
True,1.36657014536345,0
True,2.30643473841945,0
True,2.20895550462084,0
True,2.73657584152683,0
True,2.12045812107871,0
True,2.46284040121274,0
True,2.51425240471811,0
True,2.29463542592573,0
True,2.17306026238539,0
True,2.18031572059956,0
True,2.82465739541578,0
True,2.75304512147545,0
True,1.90979513116921,0
True,2.25907153433059,0
True,2.01643951612442,0
True,2.37068664174773,0
True,1.87988544439576,0
True,2.37758791051397,0
True,2.87655973720202,0
True,2.15288515105745,0
True,1.56519947550403,0
True,1.44160664232103,0
True,1.95652569211949,0
True,2.07000060323381,0
True,2.06580845614396,0
True,2.49897534717381,0
True,2.01746781442522,0
True,1.1479088736137,0
True,1.85348266670236,0
True,2.26320148113038,0
True,1.40587877000161,0
True,2.1267321630769,0
True,2.41706099809589,0
True,1.80773144844159,0
True,2.36933131030176,0
True,2.19549588256402,0
True,2.48850488584769,0
True,2.57244074936834,0
True,2.41732483718942,0
True,2.40103566490264,0
True,2.44776799298744,0
True,1.90524098269501,0
True,2.57408461273662,0
True,2.65645582917832,0
True,2.46102014371733,0
True,2.64196100949611,0
True,1.86199727618661,0
True,1.57297206355412,0
True,1.98918100626862,0
True,2.02366240297518,0
True,1.90260301353611,0
True,2.60406541033588,0
True,2.37074306001242,0
True,2.26153531254166,0
True,1.17169920577948,0
True,1.64009288134836,0
True,1.89523744270868,0
True,2.30605281765662,0
True,2.37179176114394,0
True,1.91784846518057,0
True,1.76216991378902,0
True,2.07079392821793,0
True,2.54406562719514,0
True,1.48240890110177,0
True,1.60618214778487,0
True,2.19573836078975,0
True,1.79452761830234,0
True,1.6097730287834,0
True,0.468241950992749,0
True,1.68755620865574,0
True,2.17860084783491,0
True,2.09917439999019,0
True,2.46731835660836,0
True,1.80362815880202,0
True,2.04134597007517,0
True,2.20491029275223,0
True,2.52013426757229,0
True,2.0362164413823,0
True,2.25288658963678,0
True,2.32643684991085,0
True,0.478301763340826,0
True,2.33401980774228,0
True,2.87528046706295,0
True,2.04961592521909,0
True,2.41051518068058,0
True,2.82307062295474,0
True,2.36008779374032,0
True,2.26625283960721,0
True,2.42744005385457,0
True,1.31118844919824,0
True,2.35971825738045,0
True,1.91511288379452,0
True,0.532994613838066,0
True,1.60860436215609,0
True,1.27934049360122,0
True,2.03262670413735,0
True,2.47892819562115,0
True,2.24230240353175,0
True,2.24844047327694,0
True,2.32508870659183,0
True,2.2063683270011,0
True,2.14422320399985,0
True,1.60435462241726,0
True,2.35909989851218,0
True,2.1738295108306,0
True,2.05255916918523,0
True,1.86602180983678,0
True,2.20592089113954,0
True,2.6468675636937,0
True,2.0101389734689,0
True,2.27095221524825,0
True,2.39857498947987,0
True,2.12999544404343,0
True,2.26214179230929,0
True,2.44903561319058,0
True,2.52359126183445,0
True,2.49794806304926,0
True,2.74208117476841,0
True,2.46468602872651,0
True,2.30214720716572,0
True,2.44829476423292,0
True,1.02769772694952,0
True,2.39088631306668,0
True,2.19604530578547,0
True,1.66600023195485,0
True,2.18486020467253,0
True,2.71586051865705,0
True,2.17176035884694,0
True,2.16662695251458,0
True,2.17426104062348,0
True,2.11358235161776,0
True,2.86798708888399,0
True,2.41339936373632,0
True,2.69654149518974,0
True,1.70169115912174,0
True,2.25539815728275,0
True,2.5727522702401,0
True,3.11527805640179,0
True,2.30321033973629,0
True,2.54573931162418,0
True,2.30319345351921,0
True,1.96688843283118,0
True,1.67629982863429,0
True,2.19665596967607,0
True,2.40998120507641,0
True,2.48101580742235,0
True,2.30425767716347,0
True,1.97095887311409,0
True,2.2047944460313,0
True,1.62496746503371,0
True,1.98791029731428,0
True,2.70870446873241,0
True,2.74144726335234,0
True,1.87835645782828,0
True,1.64169637749506,0
True,2.22760942058157,0
True,1.77354729079919,0
True,2.18910807781156,0
True,2.0423164398086,0
True,2.42233680923201,0
True,1.63393982759653,0
True,2.12663570804727,0
True,2.10074528533861,0
True,2.26630840467112,0
True,2.41827705804301,0
True,2.46788002363022,0
True,2.64601973779678,0
True,2.02421659044911,0
True,2.59840930725687,0
True,1.12559164287824,0
True,1.75441642845447,0
True,2.42911601099222,0
True,2.31089488317335,0
True,2.36561534509815,0
True,2.04545283968244,0
True,2.64167441506806,0
True,2.30144434955755,0
True,1.93781561842996,0
True,2.0281004409441,0
True,0.807872459739442,0
True,2.38597789063579,0
True,1.97023463261163,0
True,2.08403323229386,0
True,2.25521787649533,0
True,2.33743600818416,0
True,2.40009837437028,0
True,2.17270208814594,0
True,1.91770739873563,0
True,1.79134517610566,0
True,2.10447038171176,0
True,2.006163897883,0
True,2.03103110071315,0
True,2.73019600824204,0
True,1.94488636324404,0
True,1.83085425236776,0
True,2.47316469048617,0
True,2.56487850127275,0
True,1.9167165554192,0
True,1.87401623793795,0
True,2.17566745922949,0
True,2.34422844540215,0
True,2.16402748749548,0
True,2.63361818767424,0
True,2.30306182939984,0
True,2.07884116840691,0
True,1.93241749405134,0
True,1.6244074952346,0
True,2.26041101864463,0
True,2.034727486969,0
True,2.06859651673277,0
True,2.13525181903423,0
True,2.03673274119051,0
True,1.61432051320878,0
True,0.471845280714461,0
True,2.04136133156814,0
True,2.18475753076102,0
True,2.401617861951,0
True,1.58916483233327,0
True,1.55948472678141,0
True,2.04145318300186,0
True,2.41092989204048,0
True,2.01021313743953,0
True,2.55821435423654,0
True,1.97627653994071,0
True,2.06218135273614,0
True,1.81735567305071,0
True,2.00016831632413,0
True,2.43645197822369,0
True,2.36510808394788,0
True,2.02904976716658,0
True,1.76219539943902,0
True,2.21178147679387,0
True,1.56472479744077,0
True,1.8559349573129,0
True,0.955132532753412,0
True,2.2572902124023,0
True,2.48264761153017,0
True,2.36534363243076,0
True,2.41025489013542,0
True,2.11058654777294,0
True,2.42891645147402,0
True,1.78348445768754,0
True,1.68482194309273,0
True,1.891710454867,0
True,2.33921248610058,0
True,2.62000549431456,0
True,2.73389017007373,0
True,2.30718106181013,0
True,0.510875648666961,0
True,2.17413647713682,0
True,2.24584652275483,0
True,2.00202311308886,0
True,2.2782198661197,0
True,1.7789692833738,0
True,2.33449794594185,0
True,1.65747903408514,0
True,1.66815297117784,0
True,2.05415487113518,0
True,2.27979947331021,0
True,2.50445235846032,0
True,2.66540223305705,0
True,2.16853979422572,0
True,2.02891366744362,0
True,1.86749637315716,0
True,1.68679263758814,0
True,0.839878848662916,0
True,2.84437717992898,0
True,2.76816847199303,0
True,2.22718384087289,0
True,2.33058365089276,0
True,2.46365292566723,0
True,2.06902330461775,0
True,2.59005139439528,0
True,2.550757669595,0
True,2.44311710449418,0
True,2.08622859839197,0
True,1.85845597665454,0
True,2.26289604180538,0
True,2.27283748212779,0
True,0.808984314035226,0
True,1.56643096730577,0
True,2.20173911560637,0
True,2.79047191844542,0
True,2.64471106688977,0
True,3.27278412288081,0
True,2.34393764003979,0
True,1.81515326947529,0
True,2.08508697890102,0
True,1.64588863819762,0
True,2.58817681630215,0
True,1.99448060266484,0
True,2.18812240049342,0
True,2.46669255546379,0
True,2.61273246078175,0
True,2.36575434296624,0
True,2.50318073669901,0
True,1.55989552242643,0
True,2.0143278328527,0
True,2.24720914520765,0
True,2.35176221481494,0
True,2.11248634184864,0
True,1.70045635613948,0
True,1.99469905904398,0
True,2.45061429796261,0
True,2.35091804326585,0
True,2.4859355871425,0
True,2.49065780167268,0
True,2.05620984437088,0
True,2.11437121743349,0
True,2.52166498874631,0
True,2.48190510937577,0
True,2.44224012468961,0
True,2.28949366972967,0
True,1.61127367573198,0
True,2.37032087655875,0
True,1.83420577348463,0
True,2.34541994369232,0
True,2.08328193488836,0
True,2.23066342768075,0
True,1.98802274293139,0
True,0.621394061980265,0
True,0.813149476360177,0
True,2.1356302076563,0
True,2.34215364805253,0
True,2.27691381357352,0
True,2.97423489264999,0
True,2.24924553474314,0
True,2.09201282658748,0
True,2.24811029166426,0
True,2.01381273235727,0
True,2.38863135538293,0
True,2.98904354091422,0
True,2.43424298640569,0
True,2.750356508519,0
True,2.48372290253346,0
True,2.34949014509367,0
True,2.00172490239313,0
True,1.46197455432588,0
True,2.00373762730719,0
True,0.231322212405535,0
True,2.68925592747808,0
True,2.61935171698503,0
True,2.43738981947943,0
True,1.78424380749443,0
True,1.83013071084503,0
True,1.83786593970036,0
True,1.7787528371911,0
True,1.79107417469641,0
True,2.1773558253897,0
True,2.40159080753924,0
True,2.92023820803411,0
True,2.49935840403527,0
True,2.29501392024672,0
True,1.92149718604651,0
True,2.26180561897153,0
True,2.11386823672993,0
True,1.87006290768494,0
True,2.19844694624367,0
True,1.47610482439002,0
True,1.71302613696162,0
True,1.76287216656768,0
True,1.99545336141135,0
True,2.13984013748953,0
True,1.62495441266728,0
True,1.77164265149182,0
True,2.28341102975232,0
True,2.06840607724751,0
True,2.56877605671739,0
True,2.66229474043323,0
True,2.51746862556818,0
True,2.4398438152873,0
True,2.75923725275784,0
True,2.11874374617541,0
True,2.25743346776132,0
True,2.65057353030857,0
True,2.29818822366881,0
True,2.33309737442562,0
True,2.17368811254879,0
True,2.2951498966161,0
True,2.25768735308122,0
True,2.23283698606837,0
True,1.8831292814604,0
True,2.30919699542208,0
True,2.2136375752258,0
True,2.21959880064133,0
True,2.16044353779576,0
True,2.67977595226765,0
True,2.49606394734898,0
True,2.52356889762311,0
True,2.65844586979387,0
True,1.84159062236783,0
True,2.33930914786778,0
True,1.85075126760685,0
True,1.74130611966868,0
True,2.22740286035323,0
True,2.22080021146105,0
True,2.22869088823382,0
True,2.01828139483081,0
True,1.93581303866643,0
True,1.95133251724277,0
True,1.864107932752,0
True,1.36174641746279,0
True,2.21964287917025,0
True,2.17183380955113,0
True,2.26316436277272,0
True,2.3660956549025,0
True,2.49124674918808,0
True,2.11022774123448,0
True,1.44338300739606,0
True,2.37349612836104,0
True,1.57670170976752,0
True,1.54157213029064,0
True,2.0730977533738,0
True,2.20604871046277,0
True,2.63133124453663,0
True,2.6666952195357,0
True,2.20381802304165,0
True,2.32152313950234,0
True,1.56589774544076,0
True,1.97061980645284,0
True,2.59968789734104,0
True,2.33108611432514,0
True,2.23894687093564,0
True,2.37195969662857,0
True,2.39522790198654,0
True,2.1261829037874,0
True,1.88704655458894,0
True,2.04994217315184,0
True,2.63823940712208,0
True,2.66249366846318,0
True,2.28399480878983,0
True,2.18456653202347,0
True,2.02225459645963,0
True,1.91048084338852,0
True,2.0042958747687,0
True,2.19698869198804,0
True,2.59062160790486,0
True,2.60677826011744,0
True,3.09241706246694,0
True,2.11422047553356,0
True,0.99894231333825,0
True,1.57884542454612,0
True,1.54244452354956,0
True,2.55243881180608,0
True,2.50387791173063,0
True,2.01943540100525,0
True,2.00296690142369,0
True,1.84412388675755,0
True,2.64629547078142,0
True,1.90273198860277,0
True,2.27306283561045,0
True,2.15596359107209,0
True,2.09254822325174,0
True,1.93194283728284,0
True,2.14627177371649,0
True,2.48419619866925,0
True,1.93746528367444,0
True,2.30645221929955,0
True,1.97928553725127,0
True,2.3764783912113,0
True,1.3367103917853,0
True,1.86995419828206,0
True,2.1071353579793,0
True,2.34428199803239,0
True,2.72027489405966,0
True,2.68797531229786,0
True,2.00515348817124,0
True,1.63762964618901,0
True,2.00608210880762,0
True,2.53230054152531,0
True,2.19241900783584,0
True,1.73934411325805,0
True,1.99960446572125,0
True,1.89014433901618,0
True,2.2586390914547,0
True,2.46705273723314,0
True,1.65687602758652,0
True,2.34487451824694,0
True,2.00379938954458,0
True,2.64035201429295,0
True,2.58912033556803,0
True,1.88450858800785,0
True,1.92108842096039,0
True,2.08379818951454,0
True,1.82339606686743,0
True,2.07005288635189,0
True,2.50718839388276,0
True,1.87254384615669,0
True,2.24481292416784,0
True,2.18375559039927,0
True,2.32351097519003,0
True,2.1840000664273,0
True,1.6243970772984,0
True,1.72977633768409,0
True,1.64767961398369,0
True,2.03578679654643,0
True,2.22012904329404,0
True,2.26445521872101,0
True,2.08116536656386,0
True,3.09453398299625,0
True,2.16416678149564,0
True,2.23716940202808,0
True,3.06536478002743,0
True,2.53958306856534,0
True,2.13630405008752,0
True,2.10221128378235,0
True,2.23817702375516,0
True,2.72209918336598,0
True,2.32241567476841,0
True,2.26102883362826,0
True,2.61645092140765,0
True,2.1009883542167,0
True,2.47713547702955,0
True,2.29613023507787,0
True,2.42306743614429,0
True,2.23923243733238,0
True,2.57641905551213,0
True,2.34397327973652,0
True,2.34366803443974,0
True,1.7930869578125,0
True,2.32874242226637,0
True,2.25834994795622,0
True,1.64192545835996,0
True,2.27163413935294,0
True,0.816237587241324,0
True,2.1474249794494,0
True,2.1154889534858,0
True,2.0691536465784,0
True,1.70927607382539,0
True,1.63025230320022,0
True,1.63695716828513,0
True,2.21451061071788,0
True,2.1719010527639,0
True,2.02635579845258,0
True,2.91434026545388,0
True,2.71480311166783,0
True,2.23570540037782,0
True,2.04227328016759,0
True,1.80885438350281,0
True,2.0511804598775,0
True,2.66055857824099,0
True,2.69886015369653,0
True,2.76967876322701,0
True,2.95293996644657,0
True,2.11523324882234,0
True,2.2003078814177,0
True,2.29259452916557,0
True,2.18924382188203,0
True,2.38875164682745,0
True,2.11641361757469,0
True,2.07570348107304,0
True,1.50194323749113,0
True,2.02428310710505,0
True,1.90431034027723,0
True,2.00777943312156,0
True,2.25877806848471,0
True,2.22621017170219,0
True,2.32051103268522,0
True,2.38304455694608,0
True,1.86968153258625,0
True,1.69224760247547,0
True,2.66379294896339,0
True,2.78496004611505,0
True,0.885324037143972,0
True,2.40803499583419,0
True,2.00571300591877,0
True,2.17991221691984,0
True,2.30802871838331,0
True,1.39441762810208,0
True,1.76290214986525,0
True,2.25700504777083,0
True,1.8823486192389,0
True,2.53278368756975,0
True,3.00356494051785,0
True,2.59680964219131,0
True,2.26780661746885,0
True,1.23351112013397,0
True,2.03165682437398,0
True,1.99934243582631,0
True,2.16538891874082,0
True,2.69404840242459,0
True,2.09060707350205,0
True,2.38445853713916,0
True,1.64900352450594,0
True,2.65227432268308,0
True,2.27091697907705,0
True,1.60075249069371,0
True,2.14059864300015,0
True,2.26204108751653,0
True,0.644286281684158,0
True,2.89458518369694,0
True,1.86534883425588,0
True,2.36670854669473,0
True,2.59586782930992,0
True,2.79285534683683,0
True,2.08809917388506,0
True,2.46308992882235,0
True,2.37930090622128,0
True,2.07444715492918,0
True,2.14696862368103,0
True,2.08138037734082,0
True,1.96685775301226,0
True,2.59024936564953,0
True,1.94856332551758,0
True,2.20602353369526,0
True,2.51315242924664,0
True,1.81456139055409,0
True,2.36123943307088,0
True,2.5609436107033,0
True,2.05105139317018,0
True,2.14501596553438,0
True,2.21169966121877,0
True,2.21758789097526,0
True,1.64625055053844,0
True,1.85090973765308,0
True,2.20196136338899,0
True,2.21300890732652,0
True,2.11622214708106,0
True,0.866126312145113,0
True,2.02412003288956,0
True,2.26054231517811,0
True,2.259777211738,0
True,2.66678275382601,0
True,1.22038391454709,0
True,2.66299907638793,0
True,2.33566360876743,0
True,2.85097861342813,0
True,1.98860251414902,0
True,1.45921805805676,0
True,2.25962809266211,0
True,2.49563108827498,0
True,2.47182142917553,0
True,2.16884763918117,0
True,2.82463801756627,0
True,2.27932022101937,0
True,2.54149698261897,0
True,2.58028185673198,0
True,2.87094131507671,0
True,2.74347688523553,0
True,2.11202790158307,0
True,2.23477576628012,0
True,2.27699349779034,0
True,2.32237323706841,0
True,2.64470303232614,0
True,3.27069025261146,0
True,2.53381266055546,0
True,2.67863273240378,0
True,0.262864942592492,0
True,2.56651535987691,0
True,2.46186917455083,0
True,3.04062230650817,0
True,2.77993055747188,0
True,2.80033448394953,0
True,1.92906718060563,0
True,2.27713271079197,0
True,2.04959423462126,0
True,1.91270486371445,0
True,1.55890837082132,0
True,1.7062609984244,0
True,2.38752201105368,0
True,2.40786914672818,0
True,2.45370492151984,0
True,1.96223616754183,0
True,1.67750209804146,0
True,1.87870002391036,0
True,1.63794132708228,0
True,2.26477416319164,0
True,2.52273104339639,0
True,1.39936679969277,0
True,2.24709600134751,0
True,2.15662427171742,0
True,2.05502712056497,0
True,2.27531856603023,0
True,1.91360218046969,0
True,2.11187534526881,0
True,2.31936225839452,0
True,1.96500561706017,0
True,1.83399685255532,0
True,2.17699864767538,0
True,2.53961758872442,0
True,2.73250577697404,0
True,0.451142498103315,0
True,1.91808643330428,0
True,1.83412455408797,0
True,1.86310974696807,0
True,2.51066341084158,0
True,2.02558279192368,0
True,2.01558975083003,0
True,1.89759731914119,0
True,2.30702675627488,0
True,2.31840684570592,0
True,1.92517552616794,0
True,2.72671372864841,0
True,2.6158519612061,0
True,2.17161577279006,0
True,2.4766345228631,0
True,1.86333978881667,0
True,2.55558521150725,0
True,2.69461741739078,0
True,3.71338492681092,0
True,2.70799988338374,0
True,2.01017241874409,0
True,2.25305085244533,0
True,2.191912457998,0
True,2.13596578535152,0
True,1.83071253865737,0
True,2.29314641580487,0
True,2.68633620033306,0
True,2.2396265362941,0
True,1.09441467627594,0
True,2.17797708880051,0
True,2.49292797659417,0
True,2.6644222742327,0
True,2.61823949908214,0
True,2.62507479913635,0
True,2.56343377591311,0
True,2.64054360415886,0
True,2.14473275264776,0
True,2.60377097379695,0
True,2.29848956056885,0
True,2.02998833756115,0
True,2.13657466765918,0
True,2.3175135004184,0
True,2.62618397032433,0
True,2.32439379407293,0
True,2.20352059641963,0
True,2.22195336329703,0
True,0.565873892386356,0
True,1.79203731792666,0
True,2.1068920327095,0
True,2.36056366804744,0
True,2.03687672183091,0
True,2.22214207711302,0
True,1.95711856710965,0
True,2.11560311177447,0
True,2.00361178547568,0
True,2.48077321621964,0
True,1.7112188741942,0
True,2.44464737416264,0
True,2.50227866656003,0
True,2.94853071978172,0
True,2.48879970097538,0
True,2.11427400474017,0
True,2.33472257282577,0
True,2.03097156473682,0
True,0.871822599655973,0
True,1.97996182670463,0
True,2.42252316626321,0
True,2.50092750420582,0
True,1.55266748575502,0
True,2.02599935997688,0
True,2.21262551057811,0
True,2.07672370841448,0
True,1.91583449840157,0
True,2.38276213541484,0
True,1.94516003445122,0
True,2.18245566762294,0
True,1.81765970206133,0
True,2.39628017999475,0
True,2.35103913175578,0
True,2.00542510615469,0
True,2.37979634656363,0
True,0.783044681328199,0
True,2.19912030537376,0
True,2.06524946302606,0
True,2.04999590359826,0
True,2.55050155378739,0
True,2.20769700820854,0
True,2.37418691727553,0
True,2.59911457204912,0
True,2.43119302816115,0
True,2.43826797118861,0
True,2.50531949287902,0
True,2.25579627004631,0
True,1.86077892094418,0
True,1.76574150927693,0
True,0.513061995855687,0
True,2.36208683457098,0
True,2.50340335085641,0
True,2.7306493590965,0
True,2.86206716359711,0
True,2.75213407370149,0
True,1.96363462259102,0
True,2.29093908911299,0
True,2.35731692154026,0
True,2.29453935562503,0
True,2.17159343347057,0
True,2.01291410069052,0
True,1.73112582997955,0
True,1.67050671750327,0
True,1.80707522881776,0
True,2.21412846202402,0
True,2.08417499135605,0
True,2.32426269470579,0
True,2.0246834664303,0
True,2.53492582792019,0
True,2.19079786870053,0
True,2.27094916163796,0
True,2.29023752056731,0
True,2.13086854832562,0
True,2.4716392403786,0
True,2.24433487074027,0
True,2.10608855314544,0
True,2.4773103426028,0
True,2.45472346722065,0
True,2.18194116284406,0
True,2.52978863395068,0
True,1.70308318521459,0
True,2.16421200564916,0
True,2.23892905163032,0
True,1.21830749185066,0
True,3.14845592136263,0
True,2.05422680130565,0
True,2.49325885630174,0
True,2.21395648381124,0
True,2.01641504891555,0
True,2.19212365682733,0
True,1.43211707806757,0
True,1.90927431373167,0
True,2.77924014200216,0
True,1.29738746893633,0
True,2.2586778491537,0
True,2.36609232863996,0
True,2.31631292639009,0
True,2.3470076794727,0
True,2.36688160244979,0
True,2.13969466896883,0
True,2.39291084901204,0
True,2.0882134092913,0
True,2.62423149255505,0
True,2.19433992947235,0
True,2.37818565855279,0
True,2.67942840782491,0
True,1.97270709531822,0
True,2.43931189325107,0
True,2.15129999930961,0
True,2.04444822075425,0
True,2.2265452325168,0
True,2.23638199974474,0
True,2.10934812040294,0
True,2.02080009237287,0
True,2.2929019151205,0
True,2.48721648038495,0
True,2.71792777727863,0
True,2.81266353810821,0
True,2.99850341059487,0
True,2.3847701888253,0
True,2.46696259281187,0
True,2.05093071037639,0
True,2.20261610162719,0
True,2.40813527018672,0
True,1.82418221615503,0
True,2.01258387881067,0
True,2.6126405331013,0
True,2.60752289220098,0
True,2.31748196745464,0
True,1.59272627820923,0
True,2.17266443527429,0
True,1.4781579821739,0
True,2.1201600913127,0
True,2.57862869066834,0
True,2.37526049620775,0
True,2.4575839800738,0
True,2.35149324213318,0
True,2.76893497671426,0
True,2.56682966630662,0
True,2.46572700415296,0
True,2.14728124961981,0
True,2.18035851003123,0
True,2.50723159911005,0
True,2.75576341394563,0
True,2.13392029925384,0
True,2.94568682327677,0
True,2.44798263569466,0
True,2.77552485819879,0
True,2.29910158491217,0
True,1.54364506044984,0
True,2.22919569056723,0
True,2.01839929648975,0
True,2.42617512921647,0
True,2.34475506032654,0
True,2.83119416769296,0
True,2.40323639131578,0
True,1.63533877766851,0
True,2.21331947339331,0
True,2.13259634036074,0
True,2.24213508661913,0
True,2.08959172629764,0
True,1.45727169253434,0
True,2.03976325249483,0
True,2.2530646728046,0
True,2.43728747824899,0
True,1.85939710381362,0
True,1.4557527962135,0
True,2.11110466083441,0
True,1.97443057559939,0
True,2.38163724938522,0
True,2.50852648001738,0
True,2.79629667835337,0
True,2.81247813736728,0
True,2.42343411869015,0
True,2.27115181580106,0
True,1.85968027427408,0
True,2.24391081105838,0
True,2.17563380442388,0
True,2.09496554686427,0
True,1.92340806794856,0
True,2.41038606729945,0
True,2.65256814847251,0
True,1.94218012400454,0
True,2.09582434462318,0
True,2.15181573344597,0
True,0.552081401524296,0
True,2.22714173351177,0
True,0.518626648852795,0
True,2.29272695368396,0
True,2.92974771168376,0
True,2.44644989902797,0
True,1.57845513139327,0
True,2.34335408624289,0
True,2.37605711896502,0
True,2.32686006302221,0
True,1.73697830557979,0
True,1.82357169414618,0
True,1.84221943574278,0
True,2.34823789139675,0
True,1.78281178735864,0
True,2.25938770989772,0
True,2.03920312518012,0
True,1.0882873440933,0
True,1.72928802932879,0
True,2.0170370657313,0
True,2.00467179446991,0
True,2.20668643134072,0
True,2.4773375504263,0
True,1.72263795397865,0
True,1.70843350937917,0
True,2.254327971743,0
True,2.29021765211085,0
True,2.17440283462933,0
True,2.2678258062685,0
True,2.06808219736501,0
True,2.48387121663024,0
True,2.63292806223252,0
True,2.51084366075536,0
True,2.65435093395096,0
True,2.14493462214144,0
True,2.45684567607602,0
True,1.8514140866607,0
True,2.81130598299422,0
True,3.31188683652075,0
True,2.4126257483562,0
True,2.50699702657705,0
True,2.36738205340732,0
True,2.21590358756082,0
True,2.5413512433469,0
True,2.27334936372227,0
True,2.34264146214738,0
True,2.15135194953675,0
True,1.84690707534426,0
True,1.97535876075045,0
True,2.11872816932623,0
True,2.5629029411431,0
True,0.737787458302824,0
True,2.03796458763029,0
True,2.01257260514287,0
True,2.19592928468784,0
True,2.31652178589475,0
True,2.41411732840896,0
True,1.95017128805586,0
True,1.85285215716292,0
True,2.44076085001076,0
True,2.05970303804707,0
True,2.53739501112322,0
True,2.37105596687946,0
True,2.51233876145831,0
True,1.41484000502096,0
True,1.50669575305836,0
True,1.79540992299186,0
True,2.11224555255701,0
True,1.72023355090684,0
True,1.71450744529243,0
True,1.80655197966136,0
True,1.91385086380002,0
True,2.5532728081823,0
True,2.76381822370683,0
True,2.94910000794737,0
True,1.08350892417385,0
True,3.10134564859988,0
True,2.38801850442604,0
True,2.2018817448473,0
True,2.31898797385251,0
True,2.29072745594831,0
True,2.45251547130705,0
True,2.51156939517148,0
True,2.56454556269397,0
True,2.14179319790121,0
True,2.14177590575647,0
True,2.26965018653341,0
True,1.98689005751732,0
True,1.70539506351798,0
True,2.2745032148275,0
True,0.875109454370965,0
True,1.7660449250137,0
True,1.9934166800744,0
True,2.34636191411164,0
True,1.68946216559926,0
True,2.28539878736801,0
True,2.53779595413754,0
True,2.3118026363249,0
True,2.50918695367618,0
True,2.48120134394682,0
True,2.42360503242903,0
True,2.51393848619173,0
True,2.32739633278728,0
True,1.79534150168552,0
True,1.98763293487246,0
True,1.84041368356873,0
True,1.94869704214731,0
True,2.17730359678462,0
True,1.93290863381127,0
True,2.26793838377203,0
True,0.296451212115814,0
True,2.47484297181293,0
True,2.63879112545084,0
True,2.41993610373861,0
True,2.63154664543662,0
True,2.09758083509004,0
True,2.31557839226357,0
True,2.54491351478212,0
True,2.12357380833157,0
True,2.40145335713606,0
True,2.7815947900791,0
True,0.401741977057615,0
True,2.32853568659303,0
True,0.802817863496977,0
True,2.25619462188338,0
True,1.85465323300106,0
True,2.02747380505731,0
True,2.10684129799254,0
True,1.85075878915294,0
True,1.37092586413433,0
True,2.40383674184303,0
True,2.03552591108243,0
True,2.19860062773612,0
True,2.30194000300954,0
True,2.46990529947667,0
True,2.10998616702277,0
True,2.42119219862914,0
True,2.30400788586171,0
True,2.05692210013839,0
True,2.01105228456055,0
True,2.36523776775307,0
True,2.45862845196878,0
True,2.13691532477761,0
True,1.7113386434631,0
True,1.99887853878889,0
True,1.88955725908963,0
True,2.40250451145582,0
True,2.10401406224862,0
True,2.13423399520168,0
True,2.49823362837972,0
True,1.76279157634114,0
True,2.24305887751485,0
True,1.82080809105861,0
True,1.86910240062786,0
True,2.19113914979287,0
True,2.46320634159878,0
True,1.9073679578149,0
True,1.73964575841839,0
True,2.38458095203089,0
True,1.91027455704044,0
True,2.26284197683269,0
True,1.72475580840026,0
True,2.52419094106781,0
True,2.61884122385519,0
True,1.98853303177927,0
True,2.04846922830053,0
True,1.83314335929619,0
True,1.8956082821049,0
True,2.04303011177092,0
True,2.14842523774487,0
True,2.41482478209262,0
True,2.34104674167209,0
True,2.46189867597607,0
True,2.05475201038743,0
True,2.14528289330229,0
True,2.01830197663178,0
True,1.78130235539731,0
True,1.59060860049041,0
True,2.13815571047878,0
True,2.38331917576246,0
True,2.46983547143284,0
True,2.4771499825642,0
True,2.57633287641809,0
True,2.18204660537598,0
True,2.15643332302562,0
True,1.81035589039056,0
True,1.78798959797356,0
True,1.47226856397365,0
True,2.2417020035397,0
True,2.97136027702351,0
True,2.74582864753707,0
True,2.38903480629594,0
True,2.47782801830262,0
True,2.53817336944923,0
True,2.29308975845328,0
True,2.51036257916287,0
True,1.8956904393495,0
True,2.15183094262881,0
True,2.38460964907817,0
True,2.40285691614514,0
True,2.20470932973184,0
True,1.822529945254,0
True,2.28216318037757,0
True,2.80472955020097,0
True,1.91597939698099,0
True,2.05661396554276,0
True,1.91497997789787,0
True,1.69619663780135,0
True,2.45278140836358,0
True,1.97644722757634,0
True,2.71625519159082,0
True,1.83164362967277,0
True,2.04346138553633,0
True,2.68630255246535,0
True,2.02596471723781,0
True,2.24112863805771,0
True,1.78328439128308,0
True,1.9856626480983,0
True,1.85573899368674,0
True,2.04838803645845,0
True,1.75703581368572,0
True,1.77522469082307,0
True,2.38149837896574,0
True,2.10625095296201,0
True,2.13775131295198,0
True,2.16796168148117,0
True,2.01647963541259,0
True,2.42223075412872,0
True,2.43356480063261,0
True,2.44648836613021,0
True,1.3793635882442,0
True,1.56411677193895,0
True,2.0508097395556,0
True,1.78990608728866,0
True,2.11224611023865,0
True,2.11067413115554,0
True,2.60349062239608,0
True,2.31608248340373,0
True,1.91564061076954,0
True,1.79963934757293,0
True,1.77823463545726,0
True,1.9850354559428,0
True,2.07761572506192,0
True,2.56821440319307,0
True,2.4218422929346,0
True,2.81752165029843,0
True,2.59394700197042,0
True,2.16454542989347,0
True,2.32222050133224,0
True,1.95370263602717,0
True,2.57729051966505,0
True,2.37542629694203,0
True,2.21257861947395,0
True,2.20436536859368,0
True,2.43552715044256,0
True,2.20923028084472,0
True,2.10167855293776,0
True,1.94379130817702,0
True,2.00091562219633,0
True,2.26773829222341,0
True,2.04464109611403,0
True,1.95415059030732,0
True,2.18267325638016,0
True,1.85347299507629,0
True,1.78751225634115,0
True,2.62490457618853,0
True,2.22716288481026,0
True,2.16501545520585,0
True,2.06476134344471,0
True,2.36932527998498,0
True,2.48078901922374,0
True,2.4178435759959,0
True,2.3667378506897,0
True,1.64006935899104,0
True,1.97679470124461,0
True,1.86487470042099,0
True,1.11914961429353,0
True,2.15337005170655,0
True,1.95080878654037,0
True,1.53831027900364,0
True,2.17584786717516,0
True,1.94796873255892,0
True,2.09557214774151,0
True,2.39081262274903,0
True,2.4357371323997,0
True,2.41726872225041,0
True,2.46715484211841,0
True,2.06538529123253,0
True,2.33554116849299,0
True,2.56006459465632,0
True,1.84219065474979,0
True,2.38641887585554,0
True,1.82823684039251,0
True,1.67747909169506,0
True,2.42686180568973,0
True,2.3299946843536,0
True,2.19925552691566,0
True,2.09856556465662,0
True,1.98701719327033,0
True,2.72911867684989,0
True,2.19426829496716,0
True,2.02917503084377,0
True,2.26029734931217,0
True,2.63574802978648,0
True,1.8321279344754,0
True,2.33668068849641,0
True,0.670696283243854,0
True,0.798404842622327,0
True,2.00978325609653,0
True,2.10703223207216,0
True,2.32693322193968,0
True,1.69552083414086,0
True,0.56462454136265,0
True,1.96952689237315,0
True,2.06708138020537,0
True,2.13193713285529,0
True,1.69694530950795,0
True,1.96405907373058,0
True,1.88097416692857,0
True,2.68644190703057,0
True,0.651238378664986,0
True,2.50160056327264,0
True,2.18223871107573,0
True,2.1816751371572,0
True,1.07201974990789,0
True,1.46998473167621,0
True,1.03361109795985,0
True,1.80173535224031,0
True,1.85654880236144,0
True,2.34332396421692,0
True,1.82104343728136,0
True,1.94267022909346,0
True,2.27047545925967,0
True,3.01985212249465,0
True,2.26306544719254,0
True,2.79863094363182,0
True,2.1877138052342,0
True,2.43835474558176,0
True,2.52152864833073,0
True,2.21244469321304,0
True,1.83497358960521,0
True,2.03748323165443,0
True,1.73335177700434,0
True,1.89821842032548,0
True,1.9628662085587,0
True,2.14633684683182,0
True,2.1582277939378,0
True,2.04108842144871,0
True,2.0461190743991,0
True,2.17857459908726,0
True,2.11890819085159,0
True,2.04930715333415,0
True,1.99436656261526,0
True,2.3286736403353,0
True,2.49898249344809,0
True,2.16626975389472,0
True,2.22149375541111,0
True,2.58467144110374,0
True,2.63086347719153,0
True,2.46862860764846,0
True,0.323862735183956,0
True,0.457170847263085,0
True,2.83861927701818,0
True,2.64798375167811,0
True,2.28045049578952,0
True,2.66938751432428,0
True,2.34717665216752,0
True,1.84013855994449,0
True,1.83757193820294,0
True,2.26666865533602,0
True,2.03980383144822,0
True,2.50900383418689,0
True,2.83209000127039,0
True,2.69421833429565,0
True,1.11982681317532,0
True,2.82348979635858,0
True,2.59695794800731,0
True,1.23171254112184,0
True,2.65284141512987,0
True,1.98456524916768,0
True,2.48099594777103,0
True,2.26005247606938,0
True,2.95272182361454,0
True,2.50674704416448,0
True,2.16099476547581,0
True,1.8300360158734,0
True,2.47497178635536,0
True,2.29512684223742,0
True,2.44308621601652,0
True,2.50792594545767,0
True,1.96974546141027,0
True,1.59658720926177,0
True,2.25643600058216,0
True,2.63795983027843,0
True,2.6591896890365,0
True,2.17828609170004,0
True,2.82527494530891,0
True,2.16565732898584,0
True,2.62363431823135,0
True,2.37378009480787,0
True,2.68330776590522,0
True,2.59536638736356,0
True,2.34035188904974,0
True,1.9455726052729,0
True,2.67685762791096,0
True,2.67753470501582,0
True,2.89493515014785,0
True,2.7994749498816,0
True,2.86544065910891,0
True,0.355871903275416,0
True,2.67202775837426,0
True,2.13536075958415,0
True,2.27917191633071,0
True,1.94886703704959,0
True,2.38995293704945,0
True,2.06242285821023,0
True,1.68622336691096,0
True,1.96436278648627,0
True,2.464357591907,0
True,2.49302602276214,0
True,2.33520749147121,0
True,2.79064694515235,0
True,1.53104629980471,0
True,2.44991269893603,0
True,2.49475241194032,0
True,2.33345450377387,0
True,2.71453967274549,0
True,2.5203988840858,0
True,2.63007880775591,0
True,2.03742142180514,0
True,2.70489947311178,0
True,2.58578288104961,0
True,2.84790502078181,0
True,2.45537672264191,0
True,2.03581825152432,0
True,2.5679449789754,0
True,1.98504204217172,0
True,1.90669556848108,0
True,1.84253908604285,0
True,2.2923962426065,0
True,2.80002355575835,0
True,2.23397731661471,0
True,2.69760502823027,0
True,2.33280830812967,0
True,2.22279056063738,0
True,2.13724343032481,0
True,2.35777880979029,0
True,2.29101523065084,0
True,2.37585039309807,0
True,2.60061869462185,0
True,2.51544089643382,0
True,2.16208128167757,0
True,2.28242533231491,0
True,2.19848253434429,0
True,2.78180933444093,0
True,2.49316715101144,0
True,2.36243897292917,0
True,1.93739288799419,0
True,2.11554334711475,0
True,2.51959179225998,0
True,2.38070161995141,0
True,2.40996870370926,0
True,1.02569131059146,0
True,2.28619933919872,0
True,2.56005517527914,0
True,2.13540820607453,0
True,2.19682614026622,0
True,2.34873327908934,0
True,2.24948641488685,0
True,1.92985854233138,0
True,1.97275974789019,0
True,2.95229190988313,0
True,2.25956052941517,0
True,2.73592795217409,0
True,2.58842147273143,0
True,2.81922933278527,0
True,2.06471651911562,0
True,1.91230062377265,0
True,2.45395360269822,0
True,2.01665459433403,0
True,1.8249884653456,0
True,2.16958400567852,0
True,2.43992468302123,0
True,1.88135821008955,0
True,2.11203930783684,0
True,2.30595474392051,0
True,2.55115384220958,0
True,2.23410157726186,0
True,2.36642721255526,0
True,2.2682780437875,0
True,2.27823413967844,0
True,1.72666125376459,0
True,1.83984339469542,0
True,2.25832282760939,0
True,2.14285692973752,0
True,2.47380976789652,0
True,2.09642729253721,0
True,2.12237372451146,0
True,1.83124115155177,0
True,2.01458910034235,0
True,1.83461533253865,0
True,2.34853847826305,0
True,2.34730767371446,0
True,2.21896624584249,0
True,2.13466160771739,0
True,2.19024625543509,0
True,2.0117453649916,0
True,1.89049819724906,0
True,2.27711534554782,0
True,1.87839896537856,0
True,2.1520899234289,0
True,2.36293854439633,0
True,2.09677809014253,0
True,2.29484593275358,0
True,2.4376287490092,0
True,1.9911171927982,0
True,2.10882233803759,0
True,2.33504123829105,0
True,2.70300473653893,0
True,2.581186267802,0
True,2.68256509395537,0
True,0.588410893637335,0
True,2.74553757953911,0
True,2.38035712649909,0
True,2.7175666860946,0
True,2.23659170437985,0
True,2.40770466271167,0
True,2.15879600737321,0
True,2.46991233119269,0
True,2.2503236701563,0
True,2.11038368771619,0
True,2.05035048076091,0
True,2.58988420038964,0
True,2.86227064997679,0
True,2.31178957793743,0
True,2.11019254034392,0
True,2.24038130237435,0
True,2.33001464725308,0
True,2.77600269462142,0
True,2.65109646836109,0
True,1.41035152676671,0
True,1.74472799725659,0
True,2.53612163772648,0
True,2.46846856587948,0
True,2.9095385152855,0
True,2.15234518263012,0
True,1.93392348935211,0
True,1.79966736656392,0
True,2.44413035912098,0
True,2.33228206753348,0
True,2.28698371248626,0
True,2.8054718765568,0
True,2.02660336264872,0
True,2.53024881405149,0
True,2.20091271387484,0
True,2.29916698215419,0
True,2.1496074122956,0
True,2.12639748311936,0
True,2.37405818761747,0
True,2.41789966043157,0
True,2.28883424055708,0
True,2.40345065503906,0
True,2.30181511978537,0
True,0.648676282823206,0
True,2.32927101747987,0
True,2.50903424342207,0
True,2.08305110852434,0
True,1.73059019202658,0
True,2.32141481067622,0
True,1.6093288989227,0
True,1.801318006,0
True,2.49189447285843,0
True,1.97406677157987,0
True,1.78818690795872,0
True,2.06021540746249,0
True,2.28519894310856,0
True,2.01487314433862,0
True,2.49578016916586,0
True,1.76024525385101,0
True,1.99386805957746,0
True,2.33272844953042,0
True,2.52572341808156,0
True,2.06776511490935,0
True,2.06157998433072,0
True,2.44692353051758,0
True,2.11067306933224,0
True,2.72942459807262,0
True,2.08838778411438,0
True,2.27778331769991,0
True,2.60921056219269,0
True,2.5380735515337,0
True,2.10747319357032,0
True,1.89076367276892,0
True,2.60190517849091,0
True,2.32845529336636,0
True,2.97825107006987,0
True,3.20666538655043,0
True,2.37551193957752,0
True,1.85196291717785,0
True,1.76853152255255,0
True,2.05223047956807,0
True,2.17712706486061,0
True,2.57407310536318,0
True,2.65033635510751,0
True,2.20383334287389,0
True,1.97803675235643,0
True,1.90429668031216,0
True,2.32754971930573,0
True,2.21399225475919,0
True,2.3864348096399,0
True,2.24608616560359,0
True,1.86846975518545,0
True,1.49404873614165,0
True,2.17243634509822,0
True,1.76876171183801,0
True,2.09955454721288,0
True,2.14839924554885,0
True,2.16401365057382,0
True,3.21307660465328,0
True,2.78261178368984,0
True,2.27598526612189,0
True,2.3560481125456,0
True,2.72261841212235,0
True,1.59984579045412,0
True,1.41067909474574,0
True,1.24294924759627,0
True,1.97950170781127,0
True,2.23754168455742,0
True,1.51679675193557,0
True,2.18482378377212,0
True,2.28504068154013,0
True,2.54711830223922,0
True,2.10642134639703,0
True,2.27612935312152,0
True,1.96950732883814,0
True,1.93803640440596,0
True,1.88961159836707,0
True,2.97792065050999,0
True,2.36750526171816,0
True,1.90658584538348,0
True,2.42355080954491,0
True,2.32453752530398,0
True,2.37654285322085,0
True,1.86757206103038,0
True,1.60515662952002,0
True,1.94264860022008,0
True,1.95996493701571,0
True,1.62328366311321,0
True,2.34993107546617,0
True,2.11236595670333,0
True,1.64725474117505,0
True,2.1388165258982,0
True,1.92845419805433,0
True,2.44221847728075,0
True,2.19038205487352,0
True,2.38872828764776,0
True,1.98315354103535,0
True,2.25244602804483,0
True,2.47336990626956,0
True,2.16850053180377,0
True,2.21665787182424,0
True,2.61071084247915,0
True,1.7295254353502,0
True,2.35768397477174,0
True,2.10551033678624,0
True,1.79890435140615,0
True,1.49009650979116,0
True,2.12754523823321,0
True,2.3351604895509,0
True,2.4020461430321,0
True,1.85071515217563,0
True,1.79611520673182,0
True,1.73108094724155,0
True,2.33988682692395,0
True,2.11624797213371,0
True,2.47968974521788,0
True,2.00391450965814,0
True,2.05623283424583,0
True,2.53574403608509,0
True,2.68706237357003,0
True,1.93118726952865,0
True,2.02064526799586,0
True,2.1141074046599,0
True,2.67059692594765,0
True,2.22371370576442,0
True,2.64107833124288,0
True,2.68303229203481,0
True,1.99944204250153,0
True,2.45229827854602,0
True,2.35934032519698,0
True,2.49380673403714,0
True,2.24812170607242,0
True,2.29663708769491,0
True,1.5709167295254,0
True,1.59785107381138,0
True,2.75026918089449,0
True,2.74360640989218,0
True,2.25707605377286,0
True,2.86518133761579,0
True,2.09525019448815,0
True,2.1012270532928,0
True,2.54868892915875,0
True,2.05368965316088,0
True,1.9066725456066,0
True,1.85281297969451,0
True,0.347493575345216,0
True,1.70181359277078,0
True,2.45236023616845,0
True,2.50737661702685,0
True,2.57734256684937,0
True,2.37567635876416,0
True,2.67613411120799,0
True,2.25875375095615,0
True,1.93452587553966,0
True,2.18536099503025,0
True,2.41524839119453,0
True,1.91904377965018,0
True,0.873508283949146,0
True,1.81816568302978,0
True,2.27826498028296,0
True,2.4731571499531,0
True,0.756073890669002,0
True,1.50187332184289,0
True,1.7967191858293,0
True,2.00945006343951,0
True,2.48780249913413,0
True,1.90918266756784,0
True,2.76996614125179,0
True,2.09931587744389,0
True,2.24873957562135,0
True,2.10430448532136,0
True,2.27361862481489,0
True,2.23466793830767,0
True,2.33568496195556,0
True,2.00419115984727,0
True,1.80917945890885,0
True,1.71763453887669,0
True,2.29370329677268,0
True,0.507869057191421,0
True,2.55799929669093,0
True,2.21597953596532,0
True,1.82248593550609,0
True,2.02585128729586,0
True,2.19844197339157,0
True,1.96602769735142,0
True,1.45198358493882,0
True,2.07901640658396,0
True,1.98315900299989,0
True,1.97487898792276,0
True,2.24846395615279,0
True,2.12169504503984,0
True,2.38704420940243,0
True,2.17925948313701,0
True,2.20370471441238,0
True,2.15616512839156,0
True,2.31296700843563,0
True,2.22097364398498,0
True,2.01781888893963,0
True,2.55262777470675,0
True,1.81962612339399,0
True,2.6400875977749,0
True,1.90444197736028,0
True,1.58013179827446,0
True,2.64951908860193,0
True,2.57093946627651,0
True,2.83612909685532,0
True,2.38476665419694,0
True,2.06146373497648,0
True,3.00158964647902,0
True,2.49313228743654,0
True,2.67663109916931,0
True,2.49822673229328,0
True,2.3128547265174,0
True,2.14173288661714,0
True,2.46600783266971,0
True,2.40086649259032,0
True,2.36747061329214,0
True,2.2124212701724,0
True,2.25274697311048,0
True,2.2940804910336,0
True,2.44008634765326,0
True,2.22386490725672,0
True,2.03780982935804,0
True,1.62543758129321,0
True,2.46837220598079,0
True,2.68035720821047,0
True,1.93545342574929,0
True,2.09346828701121,0
True,1.89257829990124,0
True,2.20371336482544,0
True,2.40450846969501,0
True,2.20431209274257,0
True,2.08357838562443,0
True,2.42723404517876,0
True,2.08444508738241,0
True,1.97745761990343,0
True,2.32503167181607,0
True,2.19826707164319,0
True,2.56592858810042,0
True,1.46894797360701,0
True,2.35003495884526,0
True,2.28380148763591,0
True,2.61905808837623,0
True,2.10899404834984,0
True,1.87641653942509,0
True,2.67942977599483,0
True,2.36177620616054,0
True,2.44410208595721,0
True,2.44061313914476,0
True,2.46484185525157,0
True,1.61112498471146,0
True,2.31572958841188,0
True,2.06017492494746,0
True,2.36865994513672,0
True,2.02828091230227,0
True,2.42010516981057,0
True,2.36791398924348,0
True,2.3217918375998,0
True,2.19280262885492,0
True,1.93618251981985,0
True,2.36984095718933,0
True,2.13847610605702,0
True,2.17113939490543,0
True,2.40171236872553,0
True,2.06140672221667,0
True,2.18808148725973,0
True,2.32422435911851,0
True,1.8109291994989,0
True,1.85935392264076,0
True,1.97933126396093,0
True,1.91158526039344,0
True,1.68555784085265,0
True,1.36164232262031,0
True,2.07641716478409,0
True,2.16142874163491,0
True,2.08774635793712,0
True,2.03494440920592,0
True,2.10781631194694,0
True,2.24536590995875,0
True,2.08222524642148,0
True,2.13412033256878,0
True,2.19255153147079,0
True,2.37827723706136,0
True,1.87707570509875,0
True,2.21468639170711,0
True,2.42206036176294,0
True,2.44432657004196,0
True,2.08589508455975,0
True,2.24600945115612,0
True,2.32114138550967,0
True,1.86987919174832,0
True,1.89506665155201,0
True,2.15750174824792,0
True,2.01787659361885,0
True,2.1060090184092,0
True,2.92642756946132,0
True,2.56312858016105,0
True,2.05593079928986,0
True,2.6851029727785,0
True,2.19416121798226,0
True,1.61309122600962,0
True,2.27867088044958,0
True,2.53542232987123,0
True,2.08561879747343,0
True,2.5211574944745,0
True,2.40456520508887,0
True,2.19922681388602,0
True,1.76585465792216,0
True,0.908228216014452,0
True,2.26465421685288,0
True,2.57654269259906,0
True,2.50375346940946,0
True,2.35919065925935,0
True,1.99872201303942,0
True,2.40170409745392,0
True,2.55455310480986,0
True,2.83277341727013,0
True,2.08342031711408,0
True,2.43945308669561,0
True,2.62017527214766,0
True,2.1211636099925,0
True,2.81084271537895,0
True,2.48818005593047,0
True,2.09900559828655,0
True,2.05159931185554,0
True,1.89429223781922,0
True,1.57921924573888,0
True,1.7864881278673,0
True,2.65407434580138,0
True,0.413268245745547,0
True,2.54365703194389,0
True,1.95508853641799,0
True,2.02652179956342,0
True,1.81687232667748,0
True,0.261775624938834,0
True,2.07555486922647,0
True,2.14731683733621,0
True,1.40890524428045,0
True,2.71752402514149,0
True,2.06347841608662,0
True,1.96651518379198,0
True,1.99137828558681,0
True,2.13382372457327,0
True,2.03087067000395,0
True,2.32772651658715,0
True,2.12730136351358,0
True,1.83252740040935,0
True,2.76253268824503,0
True,2.69357336549797,0
True,1.99501373237373,0
True,2.15630564892734,0
True,2.11858327156695,0
True,1.78492146596831,0
True,2.2610129931128,0
True,2.37456262982497,0
True,2.13279050166271,0
True,2.39340589403912,0
True,2.14143373274496,0
True,1.68765327187464,0
True,2.20575865220853,0
True,1.75531709227178,0
True,2.11219203891574,0
True,2.51623213491963,0
True,0.359418757113214,0
True,2.56124469902232,0
True,2.72720540321536,0
True,2.79710858814246,0
True,2.45327256078654,0
True,2.71359883068865,0
True,2.64995466820037,0
True,2.07602320068393,0
True,1.64761538391114,0
True,2.52076624378597,0
True,2.34448331897074,0
True,2.33136310503767,0
True,1.52950679511476,0
True,0.395556698921394,0
True,2.20795107336235,0
True,1.54824614615913,0
True,1.84642771840069,0
True,1.91399842093985,0
True,2.13319025710765,0
True,1.79807494674079,0
True,2.39658432022231,0
True,2.20453487972109,0
True,2.69647651834359,0
True,2.49208096697189,0
True,2.5031112185984,0
True,2.36799247082734,0
True,2.63866273947685,0
True,3.28149217293119,0
True,2.52451278284517,0
True,0.368331436783757,0
True,2.50907771241799,0
True,2.64357680320248,0
True,2.12256212302424,0
True,2.41172070198634,0
True,2.49239572031084,0
True,1.88378981908042,0
True,1.93523673679414,0
True,1.63975205133677,0
True,2.38073171415302,0
True,1.940948261815,0
True,1.92530551891122,0
True,2.24837149376034,0
True,2.3781946326433,0
True,2.16510726289489,0
True,2.30196830280825,0
True,1.6591934525596,0
True,1.70935322854184,0
True,2.3215248988458,0
True,2.12023068862055,0
True,2.51543621471129,0
True,2.33071730907381,0
True,1.85386345450918,0
True,1.82066957784657,0
True,1.53165369364249,0
True,1.90932426574723,0
True,2.53171038254774,0
True,2.69231702867405,0
True,2.24200819593281,0
True,2.31662243307785,0
True,2.0094279073125,0
True,1.81196942021399,0
True,2.06951823116676,0
True,2.17564588286081,0
True,2.2471797544565,0
True,1.61366621882401,0
True,2.19006493177247,0
True,2.39947625728314,0
True,1.84346032740501,0
True,1.86527426013722,0
True,2.12435090971238,0
True,1.79388960179138,0
True,1.97989616962135,0
True,1.94871403088835,0
True,2.04992302084529,0
True,2.23163598944445,0
True,2.18560727162352,0
True,1.832902479145,0
True,2.25051890200256,0
True,2.15325921307794,0
True,1.78017316159476,0
True,2.12821334981213,0
True,2.18129414785832,0
True,1.60549847919693,0
True,2.60508252308975,0
True,2.2680667835444,0
True,2.10200642676906,0
True,2.22877054798654,0
True,2.41159089460516,0
True,3.11633453834581,0
True,2.38863234990178,0
True,2.20086787361501,0
True,2.03701728474997,0
True,2.55639875634766,0
True,2.22804405881864,0
True,1.64192386306316,0
True,2.42777714234703,0
True,2.31654659837388,0
True,2.16313369846062,0
True,1.64124196592211,0
True,1.86714143710244,0
True,1.1300126516028,0
True,2.09034423532037,0
True,2.2305915333611,0
True,2.29258630060287,0
True,2.18821519833633,0
True,1.79455875603021,0
True,2.21194114467549,0
True,2.75122315133787,0
True,2.56636631444129,0
True,2.5108843389551,0
True,2.26367193102904,0
True,2.51159269177781,0
True,1.7147933109542,0
True,2.07773265774084,0
True,2.33652241279169,0
True,1.65062607496127,0
True,1.8699504086961,0
True,1.96982503564577,0
True,2.21901192696944,0
True,2.111176346662,0
True,2.28019165127185,0
True,2.50055251217179,0
True,0.41156867176384,0
True,2.19763302710052,0
True,2.29924922874282,0
True,2.13167104101314,0
True,0.504870343829529,0
True,2.09066964212579,0
True,2.16314995681946,0
True,2.54292221615164,0
True,2.23669159135562,0
True,2.75657573314546,0
True,2.05261583941235,0
True,2.1006411700929,0
True,1.82165556955386,0
True,1.92876926868587,0
True,2.23971025466128,0
True,1.9217908650744,0
True,1.99229825700392,0
True,1.67380939414867,0
True,2.32086814171902,0
True,3.07044705335701,0
True,2.35326584216081,0
True,2.62589616815131,0
True,1.59718611088249,0
True,2.24998645448611,0
True,2.1624457527978,0
True,2.23887068431071,0
True,2.18820350696142,0
True,2.18256819216751,0
True,2.16011960326933,0
True,2.63774004886531,0
True,2.64542084726136,0
True,1.68678854128469,0
True,2.03535296504605,0
True,2.45506806126454,0
True,2.68134883503948,0
True,2.19614171446267,0
True,2.5659696542579,0
True,2.24141471523517,0
True,2.11235184750042,0
True,2.02420603382974,0
True,2.78064055411028,0
True,2.42013298723574,0
True,1.96598802881814,0
True,2.49580644390437,0
True,2.75391822885297,0
True,1.66218238578531,0
True,0.847197198035113,0
True,2.13498142355226,0
True,2.80538497121287,0
True,2.65927966346932,0
True,2.44184422427118,0
True,2.55286049307987,0
True,2.04564800781279,0
True,2.14566130899077,0
True,1.84843035109685,0
True,2.51162304431177,0
True,2.17864100891013,0
True,3.08134421844736,0
True,2.42340862257071,0
True,1.40645213573445,0
True,1.68501335419684,0
True,2.00848885552696,0
True,2.04815638488595,0
True,1.71860215332024,0
True,1.97830168550365,0
True,2.3945897111822,0
True,2.48367633534106,0
True,2.79639676472229,0
True,2.17548344015987,0
True,2.42210677462555,0
True,2.27210408275506,0
True,2.0191087607338,0
True,2.19442050577756,0
True,2.03110121390957,0
True,2.24668979287661,0
True,1.95334572917337,0
True,2.29368191333697,0
True,0.281400158109835,0
True,2.73792314666131,0
True,1.8481677702243,0
True,2.07444379895542,0
True,1.74523784573061,0
True,1.44818470639087,0
True,1.99173579919542,0
True,2.42664097905917,0
True,2.87097240575015,0
True,1.57481950474946,0
True,2.19390435277628,0
True,2.44728641028885,0
True,2.0979662487894,0
True,2.57513943433967,0
True,2.27610882832474,0
True,2.54169037325055,0
True,2.46119679588345,0
True,2.38497297009957,0
True,1.8676489371697,0
True,2.0718193694826,0
True,1.85522363044403,0
True,2.26491049861272,0
True,2.28553242888165,0
True,2.49277326617536,0
True,2.6126552703369,0
True,2.33831236497472,0
True,3.15768630240486,0
True,1.92355515864074,0
True,2.32769801514216,0
True,2.20920860579984,0
True,0.277130772412254,0
True,0.663330344330719,0
True,2.40547061484882,0
True,1.91657286857003,0
True,1.74945458597366,0
True,2.30041909900932,0
True,2.06473761944635,0
True,2.26775403883093,0
True,1.99111836389098,0
True,2.15553931887117,0
True,2.81478307360333,0
True,1.93781994752028,0
True,2.23065208907407,0
True,2.73366137437656,0
True,1.85552687169885,0
True,2.16802174195738,0
True,1.95185160348579,0
True,2.32296270958056,0
True,2.08024780155189,0
True,2.14562673860515,0
True,1.94575126490629,0
True,1.5195097521696,0
True,2.24236928116175,0
True,2.22235847565215,0
True,2.25165955916271,0
True,2.11378835401275,0
True,1.97986334331372,0
True,2.39626066719606,0
True,2.55135505634296,0
True,2.53499318221123,0
True,1.88714109216882,0
True,2.31350231721341,0
True,2.76639300506356,0
True,2.57308269916039,0
True,2.7139195071857,0
True,1.93992717095983,0
True,2.56062808501625,0
True,2.70045123914748,0
True,1.84608188820777,0
True,2.50586108279084,0
True,2.78781958123463,0
True,2.48675232019407,0
True,2.76744881269893,0
True,2.47370550943805,0
True,2.02785097615399,0
True,2.02649869142959,0
True,1.76093145180202,0
True,2.04203281510491,0
True,2.42536222633029,0
True,2.34337448567488,0
True,2.08710086026462,0
True,2.64200809280975,0
True,2.19594733096005,0
True,2.0314672755763,0
True,0.502953604673858,0
True,2.30345397133965,0
True,2.68784549680671,0
True,3.11167776267081,0
True,1.89731827472815,0
True,1.08813456703352,0
True,2.01993010337908,0
True,1.89907049315148,0
True,2.25508690854804,0
True,2.23445872930114,0
True,2.60974956977747,0
True,2.35381911632389,0
True,1.08568531702703,0
True,2.31730761804442,0
True,2.24428886472413,0
True,2.44218786669472,0
True,1.82992389556588,0
True,2.4226796260931,0
True,2.45492881079403,0
True,2.31106789007399,0
True,2.47026833998729,0
True,2.21192787790389,0
True,2.32139201328126,0
True,1.6256345929251,0
True,1.90018553449562,0
True,1.98168743924031,0
True,2.41488579949707,0
True,2.73422553148333,0
True,2.81003483321897,0
True,2.10595637734379,0
True,2.59418190561567,0
True,2.11462376926694,0
True,2.14232164849547,0
True,2.48005790572877,0
True,1.97381670137023,0
True,2.38647995989951,0
True,2.37875119689757,0
True,2.35717734590738,0
True,2.03928698374176,0
True,2.0124334364286,0
True,1.8974152619898,0
True,2.4556295363386,0
True,2.45422662243875,0
True,2.35436059891255,0
True,1.96261578803869,0
True,2.07939083745774,0
True,2.4389739312183,0
True,2.55437732000176,0
True,2.40850067045139,0
True,2.25088803225982,0
True,1.99928362671255,0
True,2.49886788976972,0
True,2.48031877870056,0
True,2.22470581368161,0
True,1.30529756557228,0
True,2.02714813965198,0
True,1.83116916747148,0
True,2.1206831063859,0
True,2.49842056591414,0
True,2.16333565126387,0
True,1.90882409594816,0
True,1.80720124094074,0
True,1.93113209978499,0
True,2.53768287444588,0
True,2.5565424917682,0
True,1.9440781301527,0
True,2.15976370499302,0
True,2.61374874333413,0
True,2.12249301158834,0
True,1.69014682477284,0
True,1.81268396853016,0
True,2.1319282580385,0
True,2.70687503344279,0
True,2.01348450812098,0
True,2.83208425748653,0
True,2.6753818295583,0
True,2.12561540450492,0
True,2.11000632793573,0
True,2.08727236705396,0
True,2.23801841763979,0
True,1.81880847863779,0
True,2.60135166555875,0
True,2.91396488190592,0
True,2.51033404557386,0
True,2.12314754989615,0
True,2.58391452864852,0
True,2.34134233529236,0
True,2.81638567420806,0
True,2.15936059904039,0
True,2.42480501633587,0
True,2.17215218733296,0
True,1.88772194795842,0
True,2.35876831735391,0
True,1.90762693558075,0
True,2.39277266943667,0
True,2.18089042104643,0
True,2.58344695327879,0
True,2.43239514908456,0
True,1.74503512203705,0
True,2.09499295562401,0
True,2.21520585252652,0
True,2.81948830570994,0
True,2.56106932468899,0
True,2.42045581766192,0
True,1.73364658370636,0
True,2.42775452717953,0
True,1.97706624869569,0
True,2.49403498339372,0
True,2.45476871019828,0
True,2.30821426618587,0
True,2.44669813442304,0
True,1.79349204176328,0
True,2.14384035297035,0
True,2.09463592616151,0
True,2.39826834793785,0
True,2.42802821692288,0
True,2.28404841170255,0
True,2.65843308851118,0
True,2.26749024988772,0
True,1.9884830317235,0
True,2.18274732668978,0
True,2.5305887301734,0
True,2.63444446072526,0
True,2.33493100096795,0
True,2.4472786669276,0
True,2.64281490198426,0
True,2.4787088206147,0
True,2.21184892892676,0
True,2.04883405494574,0
True,2.24291784194445,0
True,2.21665051477855,0
True,2.2563827068287,0
True,2.63156090223572,0
True,1.80006331842371,0
True,2.26040149576303,0
True,2.13645246116974,0
True,2.36130221976229,0
True,2.6163193621125,0
True,2.26544535781347,0
True,2.51341020635917,0
True,2.68935812603956,0
True,2.53164121004883,0
True,2.69016646121401,0
True,1.99374542805227,0
True,1.80780942913977,0
True,1.96512090197674,0
True,1.98760529354193,0
True,1.69084154069579,0
True,1.27496726575481,0
True,1.85964693317412,0
True,1.87095776734682,0
True,1.91289693013404,0
True,2.28884590039157,0
True,1.36803712881246,0
True,1.97978817468514,0
True,1.78850967046827,0
True,2.27378993416291,0
True,1.72556138843778,0
True,2.23840223305393,0
True,2.19446174078883,0
True,1.52983840607992,0
True,1.80485668705412,0
True,1.92969713442811,0
True,0.339971693056341,0
True,0.432850077240325,0
True,2.52928069264414,0
True,2.16613161017588,0
True,2.33620040914224,0
True,2.37405166765345,0
True,1.71554727901899,0
True,1.65519513338248,0
True,2.04490406524642,0
True,2.01508996033699,0
True,2.330714510392,0
True,2.51419691022712,0
True,1.77220760167689,0
True,2.34975171011375,0
True,1.90439923282811,0
True,1.9602159653478,0
True,2.11822420208317,0
True,2.7589323853853,0
True,2.25687645961765,0
True,2.37256787424925,0
True,1.65232968055196,0
True,2.23593317990868,0
True,1.79392157003137,0
True,2.30426824715493,0
True,2.025194021722,0
True,1.7827221908916,0
True,3.3265254462074,0
True,2.60296703642393,0
True,1.98384363274678,0
True,2.71260018589609,0
True,1.49225009326554,0
True,2.07754215231841,0
True,2.34197007315008,0
True,2.60214120037288,0
True,1.82721615544487,0
True,1.86499846329355,0
True,1.98767692531093,0
True,1.79059331284128,0
True,2.00862075404403,0
True,1.91972494268268,0
True,2.18769713322539,0
True,1.78428413783746,0
True,2.33629302150867,0
True,2.50641788386754,0
True,2.11001206388844,0
True,2.03115176103506,0
True,2.13346727523992,0
True,1.64704808186726,0
True,1.94972393207022,0
True,1.99642326728972,0
True,1.39271757441907,0
True,1.99455899713117,0
True,2.18393028371593,0
True,2.17602932976751,0
True,3.04948096166845,0
True,2.81200223048076,0
True,2.22372370441856,0
True,2.41501365886474,0
True,2.03709721332642,0
True,1.78416108981421,0
True,2.36330335690203,0
True,2.43122951738246,0
True,2.5805596431425,0
True,2.30156891204068,0
True,0.573245258946833,0
True,1.85294130637921,0
True,2.13488801238132,0
True,2.46058233889903,0
True,2.41145343544373,0
True,2.51711575056463,0
True,2.53064057290492,0
True,2.1516378861899,0
True,2.18125370753433,0
True,2.04083991465254,0
True,2.32123075785172,0
True,2.87373112754552,0
True,2.18308312344893,0
True,2.39532966131483,0
True,2.01008058576237,0
True,1.9670142336091,0
True,0.377421923303077,0
True,2.38133753318494,0
True,1.99543754015225,0
True,2.04346437297287,0
True,2.44960270227753,0
True,2.37776464045934,0
True,0.787484142695359,0
True,2.46720425642188,0
True,2.21106483834737,0
True,1.86208986446559,0
True,1.86032566784309,0
True,1.75531045249958,0
True,1.74899393788701,0
True,2.51951579543853,0
True,2.67256961376613,0
True,0.56626907549721,0
True,2.9459105172625,0
True,2.17896236193762,0
True,0.370945375782617,0
True,2.52428918133228,0
True,2.00057115827416,0
True,1.76940564692665,0
True,2.11104978355069,0
True,2.1297124288392,0
True,1.90139295477025,0
True,2.15126370131688,0
True,2.24884857143384,0
True,2.34832734369461,0
True,2.1894875284959,0
True,2.10126787509612,0
True,1.90710214007408,0
True,2.36876324986754,0
True,1.96284357156793,0
True,2.07513653260326,0
True,1.85164917255313,0
True,2.14637415127696,0
True,2.67417062019851,0
True,1.76084336401461,0
True,2.32509964528246,0
True,2.37624006958266,0
True,2.57294457867328,0
True,1.75050478893436,0
True,2.34917477451846,0
True,2.6555757175681,0
True,2.52266205577726,0
True,2.08242303423905,0
True,2.20895926133195,0
True,1.90073800492183,0
True,1.48294628630056,0
True,2.1536820309989,0
True,2.58067240072394,0
True,2.44499689734726,0
True,2.28685425802345,0
True,2.2357082183443,0
True,1.86414818926866,0
True,2.62642005279747,0
True,1.88838331945761,0
True,2.61940942732598,0
True,2.25849158003305,0
True,2.13080408253103,0
True,2.64177947394686,0
True,2.05869161125582,0
True,1.82393907670655,0
True,2.19219769544552,0
True,2.10282295381295,0
True,2.15045448653818,0
True,2.11806837341984,0
True,1.7963730100658,0
True,3.05762989513256,0
True,2.20879802236413,0
True,2.01378572933319,0
True,2.39463415929684,0
True,2.06244170471402,0
True,2.34870788321811,0
True,2.16008420902982,0
True,2.18459442105022,0
True,2.13659441881716,0
True,2.0447475863498,0
True,1.87247508012287,0
True,2.70474277493025,0
True,2.68676454928021,0
True,2.51463706564155,0
True,2.46845482717815,0
True,1.68082089597695,0
True,2.01208942773517,0
True,1.85748117999029,0
True,1.84314715551116,0
True,2.27861172524495,0
True,2.13541258747577,0
True,1.81911367312566,0
True,2.26402728384459,0
True,2.75270772980232,0
True,1.87841881467133,0
True,2.46626527737727,0
True,2.55971006884833,0
True,2.78863364309,0
True,1.77593433615803,0
True,1.4717739684432,0
True,2.04832923641881,0
True,2.18214592574201,0
True,2.16957798730078,0
True,0.646094318960331,0
True,2.17252858484645,0
True,2.67321188606767,0
True,2.20324210612056,0
True,2.31135798471886,0
True,2.41923345399834,0
True,2.58537310072718,0
True,2.25516243063933,0
True,1.98085714993728,0
True,1.468406752531,0
True,2.29922945498876,0
True,2.1263712338184,0
True,2.02162157982767,0
True,1.9872179342129,0
True,2.30706697264581,0
True,2.45448035405846,0
True,1.82313199098087,0
True,1.54511298658147,0
True,1.81980836175245,0
True,2.19619730235121,0
True,2.25226410798797,0
True,1.94965649113808,0
True,1.99910859973407,0
True,1.7429912048245,0
True,2.01638378723973,0
True,2.34905314185898,0
True,1.97665400512663,0
True,2.16276538253073,0
True,1.6694757061145,0
True,1.13305678307128,0
True,1.98247660368216,0
True,2.23777125856041,0
True,2.66301098493016,0
True,2.22712222650588,0
True,1.98008681370113,0
True,2.29559094051734,0
True,2.15414094134779,0
True,2.5084611034695,0
True,2.36975650441845,0
True,2.27281337164562,0
True,2.41477204725256,0
True,1.75290256903973,0
True,2.26841020546873,0
True,2.03954253490304,0
True,2.40551697029153,0
True,0.24014267559152,0
True,2.15694311972104,0
True,2.21448945967958,0
True,2.06599503654699,0
True,2.0297426848052,0
True,2.31351029725472,0
True,2.78217860992859,0
True,1.81639486252446,0
True,2.70413190559832,0
True,2.15031555259261,0
True,2.4452544316402,0
True,2.47319739950756,0
True,2.79051743911786,0
True,2.5937437349148,0
True,2.39669015186431,0
True,2.35119531404935,0
True,2.02036710355594,0
True,2.67600278834001,0
True,2.23166236159225,0
True,2.1577449644032,0
True,1.83547085179426,0
True,2.16319003636226,0
True,2.02172741425773,0
True,2.12003061187586,0
True,2.31875390969449,0
True,2.1246324836462,0
True,1.99447765868189,0
True,0.938920127781972,0
True,1.80309556119545,0
True,1.23726442337878,0
True,1.84704838342812,0
True,2.11872263005699,0
True,1.95371592277897,0
True,2.17106605416934,0
True,1.55085910776663,0
True,1.9084906918255,0
True,2.12946437285522,0
True,2.22307484218995,0
True,1.92614727556511,0
True,1.96108856629374,0
True,1.1093019156246,0
True,1.89040427481115,0
True,1.72001701540386,0
True,2.12779082979379,0
True,1.79179683888614,0
True,1.59640580403327,0
True,2.17693782444227,0
True,2.3604667503247,0
True,0.438022892924272,0
True,1.97685431392463,0
True,1.54682396451993,0
True,1.68710921406474,0
True,1.84424466499195,0
True,1.92204314432565,0
True,2.06479670626416,0
True,2.30328164644265,0
True,1.99259498117623,0
True,1.89870660796208,0
True,1.96656073804614,0
True,2.0115277944361,0
True,2.14186271963435,0
True,1.97545516995889,0
True,2.26047219513982,0
True,2.55461166690728,0
True,1.82163845850549,0
True,2.12938278930879,0
True,2.26999804526709,0
True,1.79140362104024,0
True,2.40857121117052,0
True,2.30117186108353,0
True,2.46693864820014,0
True,2.6491463955081,0
True,2.3307386829807,0
True,1.94676340361508,0
True,2.1362806592792,0
True,2.73427271916572,0
True,2.26276829699515,0
True,2.33595838146788,0
True,2.16581125556135,0
True,2.50606625877271,0
True,2.45508236725737,0
True,2.32816308599272,0
True,2.05235007774124,0
True,2.29689581654018,0
True,1.27724713517238,0
True,1.87191848461036,0
True,1.826913219562,0
True,2.03075999405368,0
True,2.06653642393877,0
True,1.62339286597729,0
True,1.43476984788987,0
True,2.19916809862524,0
True,2.15210057183395,0
True,2.51243467593966,0
True,2.38481664871037,0
True,2.44108070491701,0
True,2.37873142298119,0
True,2.85185601732085,0
True,1.81759383227218,0
True,2.0849544038072,0
True,2.62025287604592,0
True,1.94953821864601,0
True,2.08064850783324,0
True,1.90186193374697,0
True,1.58686194887293,0
True,1.90694557257209,0
True,2.20578855948386,0
True,1.67146765870901,0
True,2.19226257791092,0
True,1.98983855945903,0
True,2.71129013930666,0
True,2.16576760115284,0
True,2.07624712244084,0
True,2.71313779925083,0
True,2.10186176355502,0
True,2.14375326153106,0
True,0.87658053002668,0
True,1.77201091259207,0
True,2.41184333726655,0
True,2.50874587126229,0
True,2.15193700238835,0
True,1.8861984102927,0
True,1.51115755662462,0
True,1.8736731526462,0
True,2.20550612908601,0
True,1.83732332490829,0
True,1.53481044200592,0
True,2.2166745527759,0
True,1.89122061728031,0
True,1.54253268723314,0
True,2.06166146455493,0
True,2.13085594416464,0
True,2.51482075807418,0
True,2.22316707430061,0
True,2.03313221793322,0
True,2.07072032941393,0
True,2.21726914845061,0
True,2.45956920650017,0
True,2.33968104949453,0
True,2.25280379420885,0
True,2.36403959102135,0
True,2.07389162631507,0
True,2.58186427458647,0
True,3.01718317713912,0
True,1.30478390964107,0
True,1.8447283916524,0
True,2.50709185232114,0
True,1.8537083016474,0
True,1.53862397644032,0
True,2.26379146334961,0
True,2.61744533148288,0
True,2.5364975001463,0
True,2.50714367087136,0
True,2.48180362984309,0
True,2.27912307238865,0
True,2.27395342922798,0
True,2.51826092861548,0
True,1.82642510739511,0
True,2.40985787870289,0
True,2.18394224411282,0
True,1.92447338176653,0
True,2.41585498500913,0
True,1.93318588773546,0
True,2.18473518761984,0
True,1.86515440495302,0
True,2.23578057092511,0
True,2.18066211148325,0
True,1.831676544599,0
True,2.10641923169263,0
True,1.75073605011763,0
True,1.91274890595983,0
True,1.52522338634385,0
True,2.19268289941115,0
True,1.99483334584364,0
True,1.48063024241721,0
True,2.43664587549055,0
True,2.27111656271724,0
True,2.4289573293711,0
True,2.64965992258691,0
True,2.28334945545424,0
True,0.677278718564144,0
True,2.42666643079015,0
True,3.00788224005212,0
True,2.41205350993855,0
True,2.23620970521824,0
True,2.47572796350072,0
True,2.27740624059713,0
True,2.73564631174879,0
True,2.3258505446166,0
True,1.72154122959326,0
True,1.26473326347363,0
True,2.10252313902535,0
True,2.03464807038003,0
True,2.35906523673752,0
True,2.13964482110292,0
True,2.56970828594685,0
True,2.09435145969144,0
True,1.63704392880948,0
True,2.38701996072877,0
True,2.64675042719489,0
True,2.75294579764067,0
True,2.61438075367082,0
True,2.1344321756011,0
True,2.2311741866598,0
True,2.15909108962754,0
True,2.18855918469077,0
True,1.51080106077535,0
True,1.96339609509418,0
True,2.23467512206544,0
True,3.02506693756427,0
True,2.12799091287373,0
True,2.62024240104768,0
True,2.27063325755219,0
True,2.28665981292782,0
True,2.45434143116563,0
True,2.42672697960067,0
True,1.90320508322546,0
True,1.90813227346703,0
True,1.95773468676906,0
True,2.15565189665331,0
True,2.51502419875942,0
True,2.079102863922,0
True,1.68680637551505,0
True,2.42123152025792,0
True,2.15154649396463,0
True,2.42221308477525,0
True,1.59586625660719,0
True,2.13392841344482,0
True,2.43593043328596,0
True,1.82780354083466,0
True,1.63021968564358,0
True,2.03765345384592,0
True,2.33326222938239,0
True,1.97039471351985,0
True,1.97916213070367,0
True,1.77826622111576,0
True,1.9561996072005,0
True,1.96581998398665,0
True,1.83013728124456,0
True,2.13788198390026,0
True,1.92604859663821,0
True,2.20276999716349,0
True,2.42658334374313,0
True,2.50080445849819,0
True,2.11797699006315,0
True,2.17760736825992,0
True,2.61887785661892,0
True,2.52226597833613,0
True,1.99716784259517,0
True,1.73084588916838,0
True,1.6359801711305,0
True,1.84110279902218,0
True,1.83005090707009,0
True,2.18627230337289,0
True,2.18714360940063,0
True,1.49081460226943,0
True,1.91399913988241,0
True,1.95992301463294,0
True,2.58958499689546,0
True,1.85627815909932,0
True,2.42772670201208,0
True,2.26963347770478,0
True,2.24501966223921,0
True,2.05744739783228,0
True,1.62139802996026,0
True,2.30277570507165,0
True,1.87917728091096,0
True,2.0990285559804,0
True,2.22826144997167,0
True,1.80795662857154,0
True,2.56247422761735,0
True,2.55415269912552,0
True,2.68560481990898,0
True,2.13848976662994,0
True,1.65585283265682,0
True,2.27229653658224,0
True,1.49532339460199,0
True,2.13833066890165,0
True,2.16129497549384,0
True,2.16109699144399,0
True,1.81562875134881,0
True,2.26649265276855,0
True,2.19239240644299,0
True,2.18246782121423,0
True,2.12184097454187,0
True,1.72834449942458,0
True,1.8788793503024,0
True,1.44256267970996,0
True,2.18573341529911,0
True,2.70037007410027,0
True,2.76825644766548,0
True,3.25281156900745,0
True,1.95169623194289,0
True,2.49294892452697,0
True,2.26165655329655,0
True,1.58898572937989,0
True,1.01283081686725,0
True,1.68855630775459,0
True,2.12807317445786,0
True,2.14908562641289,0
True,0.689255234023501,0
True,1.94353842643304,0
True,1.68534579323977,0
True,2.08084671367484,0
True,1.61164110343614,0
True,2.39929828926983,0
True,2.2626998730665,0
True,2.30422004751937,0
True,2.67262408095821,0
True,2.48028982004293,0
True,1.85326430333926,0
True,2.0533962651191,0
True,2.34071852188745,0
True,2.84845239808955,0
True,2.08484544967851,0
True,2.02528833421843,0
True,2.75177255350614,0
True,2.44607797006528,0
True,2.70618930396128,0
True,2.21843282960152,0
True,2.8798040773695,0
True,2.20142381488654,0
True,1.95385014849252,0
True,2.13070884820226,0
True,2.39183027777119,0
True,1.82438140031284,0
True,2.39014498443503,0
True,1.67801914651186,0
True,2.38550183432205,0
True,1.97893273158134,0
True,1.77495063693051,0
True,1.94331683262218,0
True,2.31140501191932,0
True,2.4120788421328,0
True,1.95147475429655,0
True,2.40496426533443,0
True,1.8369362513361,0
True,2.60625491639729,0
True,0.552359146673061,0
True,2.32595957625806,0
True,3.07221353343954,0
True,2.4520100632396,0
True,2.46340590955983,0
True,2.05544074122947,0
True,2.92281969472809,0
True,2.28964672952655,0
True,2.25074676407484,0
True,2.33818518658878,0
True,2.05784359028217,0
True,2.31399142927683,0
True,1.551663424695,0
True,2.11408959985998,0
True,0.390224563140897,0
True,0.610956496923986,0
True,2.20241082745471,0
True,1.65013203489205,0
True,2.56132505887799,0
True,2.3383338859083,0
True,2.29006329935265,0
True,2.25743913091902,0
True,2.35300718224108,0
True,2.42787631999532,0
True,2.95979785213944,0
True,2.65966958745112,0
True,2.56835105279743,0
True,2.70565454777355,0
True,2.73402257731033,0
True,2.7755457497492,0
True,2.68468721869641,0
True,2.3276844993075,0
True,2.64430282927928,0
True,2.66184472466256,0
True,2.87104785627231,0
True,2.37172172070135,0
True,2.4859778161711,0
True,2.56917366498564,0
True,2.36040648184928,0
True,2.11454171271232,0
True,2.45451004864719,0
True,2.03799882372004,0
True,2.38500491952313,0
True,2.55829267257284,0
True,2.36671791048728,0
True,2.3142973271412,0
True,2.61278557219924,0
True,2.07719763225621,0
True,2.54050883839445,0
True,2.31113899555192,0
True,2.02956229066903,0
True,2.13720788807524,0
True,2.03304393475457,0
True,2.09773737900407,0
True,1.79234397797782,0
True,2.00159618625371,0
True,2.0893874163004,0
True,2.12243895743776,0
True,2.31360480374705,0
True,2.25296866517731,0
True,2.30927328110809,0
True,1.85190858029729,0
True,3.11980698328377,0
True,2.30935288911534,0
True,2.37128689900629,0
True,2.3486862012291,0
True,2.59831336426804,0
True,2.80578510505733,0
True,2.50424318423141,0
True,2.33510875192273,0
True,2.1623348529684,0
True,1.73458184516521,0
True,1.86463815128055,0
True,1.81332867150808,0
True,2.14858475312566,0
True,2.17048662427192,0
True,1.72896007112665,0
True,2.42902887532281,0
True,0.218179204728444,0
True,2.18373560373446,0
True,2.41363484771324,0
True,2.23441558919966,0
True,2.53000171190144,0
True,2.60994003028417,0
True,2.55997716527422,0
True,2.999191697443,0
True,2.24958975841631,0
True,1.92144052253605,0
True,1.81759195470832,0
True,2.11713787503417,0
True,2.70968013481595,0
True,1.35916002728859,0
True,1.66559079959457,0
True,2.1000511248633,0
True,1.85404917716676,0
True,1.66091438960122,0
True,2.31584923050077,0
True,1.94741913348975,0
True,1.83952748599125,0
True,1.63096559125352,0
True,1.94006521319388,0
True,2.20335935791116,0
True,2.40043140710393,0
True,1.9128805518091,0
True,1.88001117457828,0
True,2.7028080878339,0
True,1.88968091501199,0
True,2.60628854920633,0
True,2.14763568421496,0
True,2.35691635295953,0
True,2.7727912813285,0
True,2.06351980916181,0
True,2.95939530945571,0
True,1.78203085605116,0
True,2.12871380885904,0
True,2.37269559109324,0
True,2.27826111031233,0
True,2.00890720489665,0
True,2.3155972848256,0
True,1.79269248385962,0
True,2.47142017695729,0
True,2.34084307878652,0
True,1.88261569856334,0
True,2.26541226922075,0
True,2.05969148438975,0
True,2.69525833333269,0
True,2.56585984374018,0
True,2.48489993385733,0
True,2.36900345055099,0
True,1.95601976956717,0
True,1.54967116117579,0
True,1.52713634229477,0
True,2.06119072952243,0
True,2.25426211913505,0
True,2.35369042102599,0
True,2.46088262940587,0
True,2.37470282237915,0
True,1.81825733847438,0
True,2.31660600445477,0
True,1.95186831531068,0
True,2.13241828450979,0
True,1.839550182107,0
True,2.11905833955882,0
True,1.93382407130363,0
True,1.91847152896349,0
True,2.4774685861595,0
True,2.78119929940207,0
True,2.04208923951215,0
True,2.05754433534306,0
True,2.15762209217551,0
True,2.28215517389174,0
True,2.09772162206255,0
True,2.48811693475419,0
True,2.24734059185573,0
True,2.45544435609224,0
True,2.45988041695572,0
True,2.86460448170664,0
True,2.64785294475989,0
True,2.70190616381457,0
True,0.586820602591518,0
True,2.15542664212521,0
True,2.18204655064458,0
True,2.58807393858009,0
True,1.92717318657502,0
True,3.01005354725228,0
True,1.91508154024299,0
True,2.12257414520219,0
True,1.97616071418362,0
True,1.80346667755086,0
True,2.85453381420064,0
True,2.50751889157841,0
True,2.22135114444116,0
True,1.81105655089774,0
True,0.358069563678458,0
True,1.82267238062258,0
True,1.78902512926213,0
True,2.42477060548169,0
True,2.03721862066117,0
True,2.66296111661096,0
True,2.91716255068078,0
True,2.97188744108232,0
True,3.74550191311348,0
True,2.17422907929777,0
True,2.61235911097133,0
True,1.57404154365982,0
True,1.93942990916104,0
True,2.88089728787782,0
True,2.59793238340966,0
True,2.87875044481399,0
True,0.530590939764073,0
True,1.04221590285662,0
True,2.30056768525786,0
True,2.19142754859814,0
True,2.20373420015715,0
True,1.73060651260265,0
True,2.25236923374615,0
True,2.10424056491556,0
True,2.00210364768607,0
True,2.31483247158967,0
True,1.39957109344273,0
True,2.04603670775285,0
True,1.89031589332521,0
True,1.89306755834177,0
True,1.67684287547228,0
True,2.46546815067563,0
True,2.4472849802533,0
True,2.13575231084975,0
True,0.44907247804478,0
True,0.535688595176609,0
True,1.54434479589433,0
True,2.2267845977725,0
True,1.82109673741436,0
True,1.61993738778527,0
True,1.76216458261316,0
True,1.94455061784884,0
True,1.57283670923578,0
True,2.31092407269916,0
True,2.71319284631193,0
True,2.0449591376582,0
True,2.14669785118156,0
True,0.162682390100005,0
True,2.19385172291305,0
True,0.341724238004243,0
True,2.09629507421624,0
True,2.25350899826551,0
True,2.35573501944961,0
True,2.45606398275689,0
True,2.28003772350646,0
True,2.1953200079363,0
True,2.79720089349633,0
True,2.46419347420978,0
True,2.07529350684304,0
True,2.27420385356152,0
True,2.67065277202821,0
True,1.88623786451597,0
True,2.63376045603171,0
True,2.24099773327137,0
True,2.38235219121343,0
True,2.69073641545556,0
True,1.82444298558415,0
True,2.38719431401217,0
True,1.78369647161377,0
True,2.27057189382965,0
True,2.50667412111504,0
True,2.02973300607833,0
True,1.9026775598642,0
True,2.61167966617186,0
True,2.68777655261892,0
True,1.77537072130555,0
True,1.706478041355,0
True,2.20157703967749,0
True,2.84631131487913,0
True,2.46685354030876,0
True,2.45560504733421,0
True,2.39452560729879,0
True,2.00911014273751,0
True,2.35650785655546,0
True,0.610459430002815,0
True,1.37131635288186,0
True,1.93623459362001,0
True,2.36606772482959,0
True,2.5459825388247,0
True,2.56420083410653,0
True,2.16963450236454,0
True,1.84465339018796,0
True,2.2912988237559,0
True,1.80377435466033,0
True,2.49740807482362,0
True,2.61666272212777,0
True,2.00550473641147,0
True,2.06777736610114,0
True,1.0142462498328,0
True,2.06579776458849,0
True,2.34351447664325,0
True,1.73424867477734,0
True,2.08526470954162,0
True,2.06788486354161,0
True,2.28529618409791,0
True,2.49511932272647,0
True,1.9013142319324,0
True,2.49742087393599,0
True,2.15623759247872,0
True,1.99155272875675,0
True,0.332208766811693,0
True,1.78710018146026,0
True,2.12244230898654,0
True,2.20119169029776,0
True,2.47680534809479,0
True,2.56653494478576,0
True,1.78380905118854,0
True,2.43606318453827,0
True,2.49085909694169,0
True,2.29598983368926,0
True,1.55834950355487,0
True,1.82471111452069,0
True,1.56671609553199,0
True,2.19802607040944,0
True,2.43783058588235,0
True,2.52482253128825,0
True,0.817905114702152,0
True,2.4265858718795,0
True,2.53954956307323,0
True,2.12433580702877,0
True,1.82965119761781,0
True,1.71441703441691,0
True,2.64123866240431,0
True,2.55082002777013,0
True,2.27493990113289,0
True,2.2847092834515,0
True,2.04255768767944,0
True,2.48266410646662,0
True,2.18258692705645,0
True,2.29993679735254,0
True,2.37984747137592,0
True,2.51980251064325,0
True,2.33398913651278,0
True,1.58946342355134,0
True,1.90913139522027,0
True,1.82585812690739,0
True,0.915221391379536,0
True,1.79797882149631,0
True,2.04308023002421,0
True,1.94447148657432,0
True,2.45217150847995,0
True,2.80081475012458,0
True,0.614851797553085,0
True,2.8459858762992,0
True,2.02777805571753,0
True,0.705615614826935,0
True,2.62630735000171,0
True,2.37140149717454,0
True,1.85127616894364,0
True,0.290294513844113,0
True,1.97205664474616,0
True,1.89320248604363,0
True,2.02114753629172,0
True,1.74240743679406,0
True,2.27663250260789,0
True,1.89524391883005,0
True,2.69753512939783,0
True,1.79733300283998,0
True,1.93375368647203,0
True,2.312426514573,0
True,2.63546145993313,0
True,2.4056546996404,0
True,2.55322926637722,0
True,2.22977456693221,0
True,2.30077232304681,0
True,0.356837288080131,0
True,2.38150512058945,0
True,2.37316721976476,0
True,1.99506463771258,0
True,2.21389620122539,0
True,2.84134339457329,0
True,2.2372050426335,0
True,2.98279081230135,0
True,2.07775292897846,0
True,1.99028404356094,0
True,2.35353128821705,0
True,2.29557411273546,0
True,0.125516132562623,0
True,1.5681253992856,0
True,1.61668102516799,0
True,2.14632002799739,0
True,1.58047193163495,0
True,1.4907672426124,0
True,1.70684551649283,0
True,1.60566316883582,0
True,2.33861658083968,0
True,2.24904543158366,0
True,2.26464619823278,0
True,1.97182650227598,0
True,2.35751251445676,0
True,2.42977602795099,0
True,1.20094481562324,0
True,2.94330730875104,0
True,1.97055545386701,0
True,1.97124548309324,0
True,1.76580407602044,0
True,2.46559521302918,0
True,1.88811770144955,0
True,2.12448947007602,0
True,2.16287059428395,0
True,1.95490383334978,0
True,2.48731602778602,0
True,2.18146681188869,0
True,0.376439549731661,0
True,2.52740037653661,0
True,1.75407142313614,0
True,1.94446921525347,0
True,1.90337527256625,0
True,2.46750231159962,0
True,2.43175250681549,0
True,2.50110813931282,0
True,2.50948016008882,0
True,2.16218521749684,0
True,2.22962862610361,0
True,0.775727405833603,0
True,2.05305530387373,0
True,2.38942224928124,0
True,2.05164590197779,0
True,2.00486217847687,0
True,2.26217161825485,0
True,2.42619478304095,0
True,2.31696975861607,0
True,2.50009746859373,0
True,1.92091294736531,0
True,1.96126722707959,0
True,1.89289887545999,0
True,2.31534530438687,0
True,1.97099995471722,0
True,0.809707973796769,0
True,2.09300311741749,0
True,1.94354652097841,0
True,2.58072396884785,0
True,1.6666001810277,0
True,2.29785327963014,0
True,1.83473588181446,0
True,2.3532336845785,0
True,2.08358770651361,0
True,1.90281861785255,0
True,2.2225800223455,0
True,2.47116072019518,0
True,2.48113783221339,0
True,2.40372560404227,0
True,0.642565560810495,0
True,1.74060913536121,0
True,1.89087695540134,0
True,2.18357599139816,0
True,2.35578736363002,0
True,1.08083218719368,0
True,2.09780863292788,0
True,2.09200076737816,0
True,1.94189593856867,0
True,2.22583059259618,0
True,2.06301693075631,0
True,2.42906151331881,0
True,2.57831521031657,0
True,2.44507538406459,0
True,2.28020886114951,0
True,2.29574102123771,0
True,2.31902067556665,0
True,2.22450033487686,0
True,1.85502601434271,0
True,2.63597347667483,0
True,2.25828073812439,0
True,1.39528725118235,0
True,2.14570784174555,0
True,1.49973559420655,0
True,2.18872754487142,0
True,2.20397638742068,0
True,1.67944080697498,0
True,1.84872422163297,0
True,2.17947721543803,0
True,2.86139262272436,0
True,2.42969734978682,0
True,1.57809021059102,0
True,2.15216818322966,0
True,1.9207580031287,0
True,2.13095787783533,0
True,2.37126234638951,0
True,2.68490695515759,0
True,2.50611054092706,0
True,2.40597336034247,0
True,2.56064965266372,0
True,2.53918241009017,0
True,2.34603200394047,0
True,2.24243791906545,0
True,2.06492416722444,0
True,2.31183828684449,0
True,2.11581279972822,0
True,1.93367491524309,0
True,1.64638309835115,0
True,2.14167303263061,0
True,1.92031426181142,0
True,2.23038644751006,0
True,1.96503905822756,0
True,2.61844591607558,0
True,2.14085316397079,0
True,1.52798354706209,0
True,2.07282044404409,0
True,1.71835680028245,0
True,1.59496760276935,0
True,2.1020807944556,0
True,1.91207077148276,0
True,2.1451141359165,0
True,2.30815828736405,0
True,2.58153692178372,0
True,2.67175790415493,0
True,2.35858669355546,0
True,2.00788728286171,0
True,1.96270735623747,0
True,2.23266476433916,0
True,2.64101556679696,0
True,3.12705785004731,0
True,2.84590355792651,0
True,2.01561612173518,0
True,1.17185356241084,0
True,2.6205321479343,0
True,3.29990694214505,0
True,2.62914698845968,0
True,1.98435091826447,0
True,1.87091554549462,0
True,0.789666733720262,0
True,1.97858166635019,0
True,1.8657577324007,0
True,2.42234254676672,0
True,2.10494907170019,0
True,1.55256933724464,0
True,2.08260876360302,0
True,1.74892017235743,0
True,2.37443352503467,0
True,2.53552523234219,0
True,0.893841878416102,0
True,2.93356066839379,0
True,1.96978769180303,0
True,2.13479184225403,0
True,2.74733173283792,0
True,2.33223282018403,0
True,1.19254634567314,0
True,2.23252772582094,0
True,2.2833949561464,0
True,1.84860661931697,0
True,2.12262159914953,0
True,2.36444061910737,0
True,2.28109361204017,0
True,2.14380529732749,0
True,2.47896698443025,0
True,2.59168596842016,0
True,1.91205197424086,0
True,2.38425184636469,0
True,2.37208378758024,0
True,2.36864751152512,0
True,2.10877820525777,0
True,1.69994685574437,0
True,2.04535719706552,0
True,2.78231001773307,0
True,2.68282611776723,0
True,2.29744514965093,0
True,2.66945710064652,0
True,3.03652916363283,0
True,1.54925103630424,0
True,2.42546535498628,0
True,1.68967350247846,0
True,2.1818529906917,0
True,2.04594013120784,0
True,1.94398433389255,0
True,2.19652344934375,0
True,1.73820914410535,0
True,2.05474288550677,0
True,2.29029682309215,0
True,1.40030394620446,0
True,2.43686481962429,0
True,2.25517916890968,0
True,2.17985473149769,0
True,2.70887910007028,0
True,2.79842962336958,0
True,2.09092658794364,0
True,2.01744087249661,0
True,1.88659643124114,0
True,2.01167549925472,0
True,1.50871342274185,0
True,2.11898792539941,0
True,1.48315598257347,0
True,1.56435899552675,0
True,1.67579414652493,0
True,0.804958177276466,0
True,1.9899880996573,0
True,1.96944969180885,0
True,2.08155873436224,0
True,2.03635646822473,0
True,1.6102349499264,0
True,2.18643236296531,0
True,0.477251226130086,0
True,2.62827020631686,0
True,2.48495912127943,0
True,2.61096778891834,0
True,2.39946181321948,0
True,1.86884123260941,0
True,2.71420726271812,0
True,2.92582643609782,0
True,2.37164287683888,0
True,2.15127215931761,0
True,2.10034318660301,0
True,1.65152388959118,0
True,2.03559429580329,0
True,0.56937753685844,0
True,2.52659043740025,0
True,2.76003481088254,0
True,2.14361640422929,0
True,2.19616394822166,0
True,2.03545813955462,0
True,1.68523355291497,0
True,2.27862519393572,0
True,2.31521953478532,0
True,1.82938699340908,0
True,1.77734807166526,0
True,1.95310826648078,0
True,2.28998313279476,0
True,2.33374969956244,0
True,1.84108199511225,0
True,1.86701636798243,0
True,2.47421312196728,0
True,0.600317949925567,0
True,1.68921483350397,0
True,2.35087414259977,0
True,2.02433550386302,0
True,1.89606564272615,0
True,2.42440642953755,0
True,2.21973187673077,0
True,2.62718329326953,0
True,2.68349824374108,0
True,2.45325409987497,0
True,2.64726600287755,0
True,1.83060320174776,0
True,1.70118405000395,0
True,1.73919941322843,0
True,1.72804692163441,0
True,2.30737178317584,0
True,1.63038100144569,0
True,2.42666196474341,0
True,2.2130543129439,0
True,2.70389897891743,0
True,2.78612506985496,0
True,2.06845490332865,0
True,2.26956497551735,0
True,1.92732396346884,0
True,1.84990572747587,0
True,1.87229820768715,0
True,0.466131087024779,0
True,1.89297864620022,0
True,2.19543557218311,0
True,2.6771673778641,0
True,2.30026466304308,0
True,1.95012891119674,0
True,1.24364902571938,0
True,2.09268951760096,0
True,2.01107786047511,0
True,2.04345704691497,0
True,1.73841719776171,0
True,0.435392322350249,0
True,2.11595539881457,0
True,2.5535357610735,0
True,2.40702325790402,0
True,2.26241944990725,0
True,2.10467999396416,0
True,2.13745585851045,0
True,2.23008409064017,0
True,2.3847203825763,0
True,2.33777951151051,0
True,2.57351930805728,0
True,2.60748349941905,0
True,1.79048206407169,0
True,1.81736565395108,0
True,2.12234007332639,0
True,2.01548224606488,0
True,2.05872694707605,0
True,2.12314734665935,0
True,2.53506142743925,0
True,0.269123551884851,0
True,2.15813485106161,0
True,2.29309052051861,0
True,2.16330217944855,0
True,2.15463833229741,0
True,2.30080088907656,0
True,1.97146783409176,0
True,2.65573801185425,0
True,2.36560634032447,0
True,2.07556836396167,0
True,2.00994781069764,0
True,2.33838434839681,0
True,2.05951939192013,0
True,1.83041084587937,0
True,2.08922671487347,0
True,2.16608286242443,0
True,2.19649517577983,0
True,2.40483211067082,0
True,1.93697544334775,0
True,2.55526871392614,0
True,2.45764552237393,0
True,2.42016357814937,0
True,2.39429280850751,0
True,2.17699900151592,0
True,2.15327265570151,0
True,1.76787092610166,0
True,2.22009230623925,0
True,2.4514031935205,0
True,1.46207795404866,0
True,1.68718096895581,0
True,2.3161836397918,0
True,2.34929989420489,0
True,2.61258548352717,0
True,2.13568436912606,0
True,2.35394099467585,0
True,1.86867138964585,0
True,2.28694907645279,0
True,2.19148465738648,0
True,2.1195237574058,0
True,2.56414291963979,0
True,1.86791859373157,0
True,1.99180271550532,0
True,1.10461761029757,0
True,2.63434506104648,0
True,3.02537930311119,0
True,2.21525212176295,0
True,2.40201298032727,0
True,2.06702987231975,0
True,2.80124238135683,0
True,3.15094393565463,0
True,0.384717316023883,0
True,2.31600778457065,0
True,2.16660957062851,0
True,2.02086763477694,0
True,2.28194101704582,0
True,1.60485268688845,0
True,2.28571213923645,0
True,1.34708291746566,0
True,1.93939949187281,0
True,2.30935330531393,0
True,1.63982760924334,0
True,1.82652770035042,0
True,1.92250925589128,0
True,2.09499234088314,0
True,2.25153212396789,0
True,2.09576113976122,0
True,2.18402614984117,0
True,2.22976349296546,0
True,1.92044546718132,0
True,1.85029160453876,0
True,1.95744429244004,0
True,2.32476310543844,0
True,2.44851849375257,0
True,2.94365648130201,0
True,2.48644177149852,0
True,2.06582394746038,0
True,2.10347869021123,0
True,2.58963017051088,0
True,2.2717535953262,0
True,2.18950873276556,0
True,1.32325278846945,0
True,1.88541174396864,0
True,2.05213098622574,0
True,1.98732622451461,0
True,2.34055645614627,0
True,1.4317777535384,0
True,2.09815266267387,0
True,2.293088069807,0
True,2.00970702289771,0
True,2.35119267368949,0
True,0.600065774190927,0
True,2.04878065092236,0
True,2.168814610957,0
True,0.489877931246801,0
True,2.47718332419361,0
True,2.28649432391617,0
True,0.855380008331904,0
True,2.12840252470819,0
True,2.71982353004663,0
True,2.78495195460287,0
True,2.74135920222325,0
True,2.51913182460384,0
True,2.56054368543367,0
True,1.87753551439288,0
True,1.89181927517693,0
True,2.16313541737573,0
True,1.87524086166619,0
True,1.77191498346268,0
True,1.84248808640758,0
True,2.16788770748368,0
True,2.22171659047768,0
True,0.506173973284948,0
True,2.15925817214821,0
True,2.6753866073834,0
True,2.07025446176832,0
True,2.33751005201084,0
True,2.18636095243593,0
True,2.15791139161601,0
True,2.83570789858616,0
True,2.14127953625274,0
True,1.92554590578067,0
True,2.6196844289019,0
True,1.90849676272221,0
True,2.30670732967707,0
True,2.45317066152043,0
True,2.98024598106179,0
True,2.60972619644057,0
True,3.06279475796879,0
True,2.08836119943459,0
True,1.71919945094014,0
True,1.47313097383955,0
True,2.32780779992036,0
True,2.22740797871114,0
True,2.44628689199171,0
True,1.9612445657764,0
True,1.26543172495091,0
True,2.10095731484555,0
True,1.85397200630807,0
True,2.1000591128065,0
True,1.72670439733737,0
True,2.29052288759439,0
True,2.38136693220177,0
True,1.59979820102181,0
True,1.672812444149,0
True,2.11831106774003,0
True,2.41717808766283,0
True,2.13447881233913,0
True,2.20387172162542,0
True,2.73045362421378,0
True,1.86156190357108,0
True,2.23932559039907,0
True,2.34507295744531,0
True,2.01105399898455,0
True,1.42645643292028,0
True,2.48927020212921,0
True,2.97456634476322,0
True,1.70532149502555,0
True,2.23637950974407,0
True,2.77054489255302,0
True,1.41746594883406,0
True,2.05519258373596,0
True,2.51449081043654,0
True,2.59274517427645,0
True,2.56410704693122,0
True,2.52540095159498,0
True,2.23648380206248,0
True,2.36818453620473,0
True,1.868423808889,0
True,2.00604621895927,0
True,2.38177913491543,0
True,1.92021709768864,0
True,1.72375380783563,0
True,1.97674799384477,0
True,1.97142197649738,0
True,1.88142889231152,0
True,2.46613285848761,0
True,2.30977614171696,0
True,1.79514871783023,0
True,1.69515832356042,0
True,2.83584672161183,0
True,1.75228432342305,0
True,2.34243484864697,0
True,1.84389445478673,0
True,2.26440783198122,0
True,2.08937489422265,0
True,2.18307902767509,0
True,2.74542915632404,0
True,2.31635093580856,0
True,2.40993809863911,0
True,1.74008667499326,0
True,2.20076691870541,0
True,1.84694765093587,0
True,2.40290134092815,0
True,1.87839862160919,0
True,2.30508640739497,0
True,2.11355943153574,0
True,2.40894371918936,0
True,2.38057353053493,0
True,2.20890251317251,0
True,2.23184120366814,0
True,0.810726418711885,0
True,1.28592436895227,0
True,1.84683618045667,0
True,1.06828753032098,0
True,2.36140263039275,0
True,2.49392129112221,0
True,2.35547019446672,0
True,2.21439505290983,0
True,2.12506466377171,0
True,2.47542432197179,0
True,2.49590463300183,0
True,2.14806181589612,0
True,2.2178011023518,0
True,2.01696541225096,0
True,2.71225295896043,0
True,2.61314717022465,0
True,2.97628625068233,0
True,2.56584813468091,0
True,2.97232044442008,0
True,1.89203578472519,0
True,2.2615364353172,0
True,2.47737907955927,0
True,2.19425855116949,0
True,2.93067724698479,0
True,1.98096734737838,0
True,2.66828613309786,0
True,2.58550231778104,0
True,2.299177833745,0
True,2.02914809803421,0
True,2.55681612107002,0
True,2.93505640817913,0
True,2.35522849932012,0
True,2.58994987821953,0
True,2.24277398354298,0
True,2.19376895709587,0
True,2.73521427934435,0
True,2.14785997234726,0
True,2.33902078348233,0
True,2.37951417355228,0
True,2.20607915818376,0
True,0.551260927239868,0
True,2.32464410472815,0
True,1.98623403056421,0
True,2.16098852648988,0
True,2.38862076826077,0
True,2.69899166240296,0
True,2.33789323609703,0
True,2.143471739646,0
True,2.31795125262023,0
True,2.23099399447638,0
True,2.20407232094975,0
True,2.55502187382032,0
True,1.95903304621614,0
True,2.53633413808578,0
True,1.87525944783458,0
True,1.78496805018341,0
True,2.28865810518655,0
True,1.91973701586787,0
True,2.49873978240252,0
True,2.00442123285253,0
True,2.51090309167974,0
True,1.90172810344759,0
True,1.01315671617438,0
True,2.23859463490677,0
True,2.49163725969345,0
True,2.03510175625437,0
True,2.07171528015865,0
True,2.00708099214116,0
True,2.43318401644068,0
True,1.88736823626694,0
True,2.11881217547902,0
True,2.89295658744932,0
True,2.18472020514861,0
True,2.07272237408931,0
True,1.64822536549316,0
True,1.84862257768998,0
True,2.1877659453782,0
True,2.67370076788794,0
True,2.31922091890527,0
True,2.39206631165269,0
True,1.60045663291104,0
True,1.3563599873485,0
True,2.38027415492401,0
True,0.736836697695885,0
True,2.00671106983279,0
True,2.14983258758765,0
True,2.70315047521334,0
True,2.70417415771017,0
True,2.50489038985122,0
True,1.43835031883852,0
True,2.74131781688074,0
True,2.02523225941646,0
True,2.25660177600301,0
True,2.61690220218063,0
True,1.8581777082226,0
True,2.57409752739572,0
True,2.08812998132415,0
True,2.17427929041116,0
True,2.03847327098713,0
True,2.58292823976812,0
True,2.20747220195244,0
True,2.33284022351425,0
True,1.90547492460998,0
True,2.66681952414192,0
True,2.11158673220059,0
True,2.05931937590743,0
True,2.63082767722257,0
True,1.91204298679684,0
True,1.40928513373063,0
True,1.61743825968165,0
True,2.81388284131612,0
True,0.406031446703504,0
True,2.37604636328783,0
True,2.62909672770683,0
True,2.77025968621958,0
True,2.36271132376413,0
True,2.49837454360031,0
True,2.2717213641017,0
True,2.30574498029417,0
True,1.81399897225058,0
True,2.11767123817015,0
True,2.16650811648815,0
True,1.66659785273329,0
True,1.75145999954081,0
True,2.35292043626994,0
True,2.09467945088817,0
True,1.96867671714338,0
True,1.90792900014417,0
True,2.00500043227268,0
True,2.5994907546069,0
True,2.04448209244069,0
True,2.24723652812307,0
True,3.092736886264,0
True,2.86172165622095,0
True,2.29417194558399,0
True,2.50156310428457,0
True,2.05784804426027,0
True,2.40261106853517,0
True,0.386848742083342,0
True,2.32211193599543,0
True,2.39068068903947,0
True,1.74696447743155,0
True,1.69531532681304,0
True,2.43861557385153,0
True,2.41461053300845,0
True,1.58634673049082,0
True,2.1677562029757,0
True,2.03966784347898,0
True,2.4445205467749,0
True,0.40843371425851,0
True,1.96537278669725,0
True,2.62253247829309,0
True,2.27964316933073,0
True,2.16727836480705,0
True,2.29898469055788,0
True,2.26872783623452,0
True,1.71931491066877,0
True,2.36481266763676,0
True,2.25402872440281,0
True,2.10277718217925,0
True,1.79676972205004,0
True,2.00651786988165,0
True,2.06416225056819,0
True,1.78721675969349,0
True,2.59279867240575,0
True,2.04239103993193,0
True,2.75782789274251,0
True,2.66916973364349,0
True,2.75101359185283,0
True,2.16992449596959,0
True,2.30550067138974,0
True,2.38370421624793,0
True,2.26620906086433,0
True,2.6843670100543,0
True,2.28619558538043,0
True,2.05208301640588,0
True,2.78592849308652,0
True,2.38385044820805,0
True,2.50252149448827,0
True,2.24993081936238,0
True,1.59282320429995,0
True,2.40650252976237,0
True,2.12752321729964,0
True,2.22329135976081,0
True,2.5436513533825,0
True,2.41337516250232,0
True,2.20672003272627,0
True,2.17802149365282,0
True,1.79888003985446,0
True,2.10090004060631,0
True,2.42447741628198,0
True,2.28566548299972,0
True,2.59182999904715,0
True,2.25486313728244,0
True,1.91139098096012,0
True,2.631607584666,0
True,2.42364756526198,0
True,0.390185666687612,0
True,1.55463398988253,0
True,1.84634024802064,0
True,1.93689370431365,0
True,1.88520420855512,0
True,2.15080376434775,0
True,2.12677634376953,0
True,1.82665370942897,0
True,1.77574688826031,0
True,0.849993880701487,0
True,1.81636533358483,0
True,1.61559145547471,0
True,2.24624462352922,0
True,1.88784830812686,0
True,2.30781946665821,0
True,2.93207633336028,0
True,2.07271789627735,0
True,1.92468261709817,0
True,2.23309824378278,0
True,2.22828553840332,0
True,2.44735963071455,0
True,2.43618995170858,0
True,2.95019851095473,0
True,1.80459165757105,0
True,2.33415466727578,0
True,2.30086707679481,0
True,1.97188607343898,0
True,2.52586471968781,0
True,2.10433665376288,0
True,2.55823193691073,0
True,2.29942127544172,0
True,0.540755012783897,0
True,2.25873650889126,0
True,1.79638804205026,0
True,2.0173462209578,0
True,2.24249831634811,0
True,1.66695898191166,0
True,2.24580142175444,0
True,1.88199276594932,0
True,2.07825283479746,0
True,2.31827994207425,0
True,2.29042052124659,0
True,1.60389207338795,0
True,2.11004592763466,0
True,2.26581276726456,0
True,1.70922143865065,0
True,2.49254416862321,0
True,2.12029767014806,0
True,2.14625722893315,0
True,1.92292025080457,0
True,2.084532602136,0
True,2.22030107803571,0
True,2.40148568742544,0
True,2.96325387786525,0
True,3.35247255060922,0
True,2.45133281039051,0
True,2.08506170054608,0
True,2.07843103680796,0
True,2.6751943679498,0
True,2.60820808254718,0
True,1.63011886002836,0
True,1.70811252037013,0
True,1.76959054688308,0
True,1.72855708529474,0
True,2.06380430386672,0
True,1.7601646865971,0
True,2.41834835768781,0
True,2.22754996187434,0
True,1.98268614167073,0
True,2.16761375836324,0
True,1.75368044846136,0
True,0.52332692162441,0
True,2.12646044463907,0
True,2.2342630782468,0
True,2.06831865170626,0
True,1.9565331397588,0
True,1.98667138197519,0
True,2.37131687671574,0
True,2.14956047011324,0
True,0.862670905157421,0
True,0.467499335560679,0
True,2.35297616336339,0
True,2.36163743481713,0
True,2.92132573716136,0
True,2.7240733718031,0
True,0.791713331056805,0
True,2.16060601714275,0
True,2.48558035822051,0
True,2.14533669748964,0
True,2.47963185365843,0
True,2.02024235229957,0
True,2.51490791775397,0
True,0.694469085381732,0
True,2.67747995642816,0
True,2.04617515908343,0
True,1.99906830814374,0
True,2.54518781014763,0
True,3.29348038014254,0
True,2.83186004143556,0
True,2.32817825163965,0
True,3.16024415885565,0
True,1.98172239650222,0
True,2.10895664697472,0
True,1.91335339846843,0
True,2.38256740001319,0
True,2.49581895701101,0
True,1.95951710852403,0
True,1.43823445812032,0
True,2.26889974480853,0
True,2.52046849426297,0
True,2.74857067477902,0
True,2.72317674428174,0
True,2.22967151612624,0
True,2.31151737670012,0
True,2.97039811620471,0
True,2.45342632492185,0
True,2.52327303839923,0
True,2.05359611853426,0
True,2.0353291121506,0
True,2.22460978827288,0
True,2.05621670563037,0
True,2.8923863359781,0
True,2.40157931263799,0
True,2.12299293071924,0
True,2.18721735129261,0
True,1.90376391004071,0
True,2.34097036407376,0
True,2.09424515776012,0
True,2.31997166636379,0
True,2.11213285094875,0
True,2.27957394603271,0
True,1.92491260378582,0
True,2.61428077919584,0
True,2.06933271396709,0
True,1.80132282642169,0
True,2.0461197794486,0
True,2.20283316659019,0
True,2.28333190525518,0
True,2.09003333255322,0
True,2.08400368746939,0
True,2.22292749421367,0
True,1.90020472412618,0
True,2.11155043543756,0
True,1.73841506554786,0
True,2.3599040485522,0
True,2.04714418437178,0
True,2.87884388098119,0
True,1.9577479255617,0
True,2.62709287615912,0
True,2.04389924816449,0
True,2.48282848741425,0
True,1.87777539850474,0
True,2.11752430129481,0
True,2.42053555769759,0
True,2.72830568001612,0
True,2.51454892576816,0
True,2.78226643910454,0
True,2.08516649830534,0
True,1.61608509563227,0
True,1.90653381674058,0
True,1.97974685067092,0
True,1.98856465285169,0
True,2.45235166427909,0
True,2.00736557550066,0
True,0.679357408255367,0
True,2.40169009976999,0
True,1.91547745483213,0
True,1.81541216767058,0
True,1.83795198289918,0
True,2.27035492112856,0
True,2.10466870716847,0
True,2.39267852693318,0
True,2.1619358200767,0
True,2.19756778512484,0
True,2.09770408482555,0
True,1.6861954724902,0
True,1.59498088623197,0
True,2.55983002153409,0
True,2.37061696381597,0
True,2.74038448690268,0
True,3.09579578641778,0
True,1.81079697510239,0
True,1.82452043203111,0
True,2.32528589411624,0
True,1.66591642332592,0
True,2.06555126033101,0
True,2.21042565347856,0
True,2.60651270312068,0
True,2.75487101930126,0
True,2.76622957085043,0
True,2.40111171333743,0
True,2.57737725823172,0
True,2.42791335756041,0
True,1.94008243331516,0
True,2.04577816212873,0
True,2.49179251370076,0
True,2.57184890668987,0
True,2.60086124633157,0
True,2.26801456153784,0
True,1.60764199708044,0
True,2.27240127387805,0
True,2.71767451991682,0
True,2.25939183220077,0
True,2.4135554618048,0
True,2.01744672902907,0
True,2.4078507846243,0
True,2.5461759768885,0
True,2.33638493583775,0
True,2.45737511144652,0
True,2.01738737469566,0
True,2.26301198768907,0
True,2.86688718512429,0
True,1.40508475538986,0
True,1.90290882027493,0
True,1.92195494012343,0
True,2.79700184992377,0
True,0.48547668472039,0
True,1.46553067749796,0
True,2.00240361230096,0
True,2.38706734838211,0
True,1.91984061392129,0
True,2.32420329808833,0
True,2.00300211227992,0
True,2.14739485970795,0
True,0.44667020027949,0
True,2.04116542205934,0
True,1.85251652421228,0
True,2.24242387642879,0
True,1.81336424312647,0
True,2.34645801806516,0
True,2.23747497802868,0
True,1.90871401970772,0
True,1.96186775593192,0
True,2.30695692421163,0
True,2.19878245428142,0
True,2.11447943312691,0
True,2.40918126465752,0
True,2.82497202147336,0
True,2.57224649681015,0
True,0.38490917893331,0
True,2.28573323188693,0
True,2.37890519856937,0
True,2.54227186993924,0
True,2.49769275683322,0
True,2.26246855431459,0
True,2.06356030344567,0
True,0.835559713570947,0
True,2.80796773109237,0
True,2.33263203588033,0
True,2.13468713751863,0
True,1.5554869002953,0