Success,Time,Fitness
True,1.80733484088621,0
True,3.77363405319661,0
True,3.34074681565676,0
False,1.62463548224896,0.000135124040282714
True,1.42126884840574,0
True,1.33764573485248,0
True,1.38023114698058,0
True,1.04842828198724,0
True,1.48421122676976,0
True,1.2512386327871,0
True,2.31461820922406,0
True,3.91237094427468,0
True,2.77698913473495,0
True,1.61218291822011,0
True,1.64854094949704,0
True,1.41274027087885,0
True,2.39846079308357,0
True,3.29644853855978,0
True,2.6774080504671,0
True,1.30943093563393,0
True,1.48134445064487,0
True,1.55190382471951,0
True,2.75202802687351,0
True,1.71930473437804,0
True,2.89723953345303,0
True,1.23714402080904,0
True,1.50748587758265,0
True,1.4153700935229,0
True,2.06964143864102,0
True,2.92236062694353,0
True,1.24198717722687,0
True,1.47078161062402,0
True,3.822046661699,0
True,2.08998133865866,0
True,1.86167389912833,0
True,3.1478725235899,0
True,1.77397584808432,0
True,1.08243824227592,0
True,4.19464000785566,0
True,1.85846067797538,0
True,3.46542289256034,0
True,1.30517572522686,0
True,1.10427001300672,0
True,2.13502614295977,0
True,2.75728758640058,0
True,1.04631041879025,0
True,1.50210901227785,0
True,2.35581819351535,0
True,1.271925817,0
True,3.93883839248799,0
True,2.42416836128119,0
True,1.06756374917739,0
True,1.84847809645224,0
True,0.842348653303323,0
True,2.96358569493126,0
True,4.10641520679742,0
True,1.88670602544528,0
True,1.74264147213931,0
True,1.70733929678051,0
True,2.10494987819111,0
True,0.384882758799738,0
True,3.10023584167268,0
True,1.61695089271334,0
True,1.03079266721868,0
True,2.2497138330678,0
True,1.7779200373241,0
True,2.98641292826692,0
True,1.71878859626429,0
True,1.49953318583057,0
True,3.61518746801203,0
True,3.13200949924008,0
True,1.58829024123741,0
True,1.05403318962308,0
True,1.86253187768751,0
True,3.39739668041193,0
True,2.48685571397923,0
True,0.828411621606285,0
True,1.12253281373268,0
True,3.1972159700158,0
True,2.73562841600787,0
True,2.36494689385871,0
True,1.63317157832946,0
True,0.588799101335778,0
True,0.732379119228773,0
True,1.22713798513027,0
True,1.34979728816968,0
True,3.91150379876398,0
True,1.32207751447367,0
True,1.5334641693224,0
True,1.93466806850799,0
True,1.2287845462505,0
True,1.47641250762544,0
True,1.51735962931473,0
True,1.19803547454095,0
True,2.69719388087536,0
True,2.92219220120127,0
True,1.35505007377093,0
True,1.81741327236493,0
True,2.23786529068245,0
True,2.60972262257901,0
True,2.39876856159047,0
True,1.39320092347526,0
True,1.88786726704993,0
True,2.58047536720248,0
True,1.28278205431191,0
True,1.30638615159189,0
True,0.910922087189348,0
True,3.10577505125991,0
True,2.95562409810615,0
True,1.61451656629031,0
False,2.44809022119601,0.000210820330220234
True,3.50849646720067,0
True,2.54795027493833,0
True,2.55913262813866,0
True,1.39578395836303,0
True,1.71373443216004,0
True,3.12761388985949,0
True,2.49480867021206,0
True,3.55614800145257,0
True,2.32925863634894,0
True,1.9541899310735,0
True,1.03738853743778,0
True,0.926943550532732,0
True,1.6880306833307,0
True,1.09535149173394,0
True,1.30889127693062,0
True,1.74190223573157,0
True,1.19489271364758,0
True,2.01174063572642,0
True,3.44207420815423,0
True,4.46394375762444,0
True,2.95984532041772,0
True,1.58591911444759,0
True,3.55731882041295,0
True,1.52587665185944,0
True,2.92265489511455,0
True,2.95216896339361,0
True,1.39582891597151,0
True,1.03888220838583,0
True,0.9475005434481,0
True,1.73888842112616,0
True,1.31561139901798,0
True,1.87783399229621,0
True,1.85524518576563,0
True,1.39692358516604,0
True,1.71677399444884,0
True,1.93390953761733,0
True,0.891993522976467,0
True,1.97626390787599,0
True,2.29778310060306,0
True,1.40411796732953,0
True,2.10024470150878,0
True,2.51569973010165,0
True,1.95257327462874,0
True,3.69231192034371,0
True,3.89223023029789,0
True,1.97945526216003,0
True,1.42591955021947,0
True,1.6968031404937,0
True,2.41578797498661,0
True,2.20111022483491,0
True,1.77978492003783,0
True,2.16616192448009,0
True,3.18300166951515,0
True,1.56559317718827,0
True,1.26281416289862,0
True,1.3259731863264,0
True,1.01294453270874,0
True,2.2345758551727,0
True,1.74918738974167,0
True,2.23480416243941,0
True,2.57115159678925,0
True,1.43566733616153,0
True,1.4769884360754,0
True,1.07167718918258,0
True,1.00904573964829,0
True,2.91906363854183,0
True,3.08483254354126,0
True,1.51264921533749,0
True,1.67874293471132,0
True,1.55308471431999,0
True,1.4591224201959,0
True,2.22923453147,0
True,0.806955905159057,0
True,0.750887360427034,0
True,2.527828871997,0
True,1.16265519817472,0
True,2.35413330475667,0
True,1.78696188260422,0
True,1.6106434989791,0
True,1.56450797612705,0
True,2.19800870983704,0
True,4.20839390385797,0
True,3.26572130823811,0
True,1.81519058044434,0
True,0.939215536699404,0
True,0.475787254675392,0
True,1.00385139110992,0
True,2.78577875816179,0
True,1.71143316771504,0
True,1.58139677636109,0
True,1.97573872649588,0
True,1.50602929682206,0
True,2.27130271074995,0
True,1.8218034474993,0
True,3.05135736440415,0
True,3.55648994682827,0
True,1.4604996072821,0
True,2.16227991339837,0
True,1.73670390503268,0
True,1.39748876822084,0
True,1.08475030915521,0
True,1.13493639268382,0
True,1.47720137069387,0
True,1.15103863971883,0
True,0.978153069602701,0
True,1.1891486329293,0
True,1.51530554744751,0
True,2.37643345439534,0
True,1.35037013526478,0
True,2.03453020154231,0
True,1.60175740777433,0
True,1.69113860242644,0
True,2.75787341693282,0
True,1.43316750479498,0
True,3.08384727472231,0
True,1.53051535481587,0
True,1.02038543623676,0
True,1.20268403348387,0
True,3.20773732867969,0
True,2.0396626211682,0
True,1.83178015263516,0
True,2.37595242175926,0
True,1.17348468867993,0
True,0.59511922960678,0
True,1.04416600123966,0
True,1.12188523110607,0
True,2.74633803183344,0
True,1.2781746621048,0
True,2.48373265431929,0
True,1.24307063180882,0
True,2.20709689422031,0
True,1.89683412111275,0
True,1.95229698850755,0
True,1.02529315999277,0
True,1.23515603864869,0
True,2.10933128459279,0
True,1.68211082611084,0
True,0.919987859410685,0
True,1.3013398699769,0
True,1.32924071913707,0
True,2.86598332435588,0
True,2.77316225510308,0
True,1.8943380678927,0
True,1.78614788646515,0
True,1.10913231681213,0
True,1.38631293398895,0
True,2.01534599230865,0
True,1.30182949407569,0
True,1.10322372948724,0
True,1.281487535339,0
True,1.57475538976037,0
True,2.55352570968774,0
True,2.12942526931122,0
True,2.3055607452831,0
True,2.12048504770739,0
True,3.17323952593115,0
True,2.00139298517017,0
True,3.14084008427921,0
True,3.42205673080242,0
True,0.979412920837909,0
True,1.29138911544617,0
True,1.83245325915332,0
True,2.74198192364778,0
True,3.43570273249584,0
True,0.900779259157946,0
True,1.55017635046724,0
True,2.17307317064438,0
True,2.24237589667884,0
True,2.6692637144217,0
True,1.19133057482668,0
True,2.40044578122742,0
True,2.1023757034934,0
True,2.6683717108619,0
True,3.39262174924963,0
True,1.86229905915845,0
True,1.80777057292092,0
True,1.13222289506324,0
True,1.33905093985384,0
True,1.93503189491834,0
True,2.15578160301443,0
False,1.76366401296067,0.000246386468924909
True,2.24216599277034,0
True,1.50060064881215,0
True,2.0247704133535,0
True,1.29900601736804,0
True,0.73200762094128,0
True,3.56049184940274,0
True,2.47593764817945,0
True,0.600418391102885,0
True,3.35518619995893,0
True,2.56149416729582,0
True,3.70897998854808,0
True,3.75376811683086,0
True,1.64621368892924,0
True,1.88335741279047,0
True,1.03911292991936,0
True,3.52711134817454,0
True,1.87891881875598,0
True,1.25410699624498,0
True,2.50265900638339,0
True,1.42433097865764,0
True,1.6363137010819,0
True,1.92893093083726,0
True,3.01040087243142,0
True,3.05239823212237,0
True,2.57814360980333,0
True,2.49822962583079,0
True,1.26093114962382,0
True,1.5936303585801,0
True,3.93577316825691,0
True,2.54853207018221,0
True,1.73801716259662,0
True,2.14958948137294,0
True,2.0628429991666,0
True,2.06259534033991,0
True,1.25846192813059,0
True,1.87865738501577,0
True,2.12491687652561,0
True,2.22468772902594,0
True,1.17911619081439,0
True,1.68896922553674,0
True,1.44525109949796,0
True,2.60431072619103,0
True,2.47157270010676,0
True,3.32187927045201,0
False,3.63902827435085,0.000128964652376347
True,3.73235178813277,0
True,3.35796712245681,0
True,3.45761663510616,0
True,3.43813935133935,0
True,2.25582638132107,0
True,2.35420619188185,0
True,3.41238708043102,0
True,2.18812363685061,0
True,1.88307183076888,0
True,1.1358860779403,0
True,0.940765962765636,0
True,0.995357198625759,0
True,1.63047342828509,0
True,1.02006270621325,0
True,2.84455658268415,0
True,0.941039862962921,0
True,1.58830939089655,0
True,1.24505125263772,0
True,1.07169230463993,0
True,2.66899464020826,0
True,1.1623254063886,0
True,1.50337369754392,0
True,1.20939990448116,0
True,0.801662243068971,0
True,1.84626533831005,0
True,0.720862388078074,0
True,1.05306817560528,0
True,1.73404514932631,0
True,2.62048750621768,0
True,0.996718751333306,0
True,3.76455653372463,0
True,4.38278924121603,0
True,2.75256719587449,0
True,2.14852730407248,0
True,1.04116838391425,0
True,2.01763790436012,0
True,1.75240001667414,0
True,1.10461225309988,0
True,1.60824356630835,0
True,1.53960728434982,0
True,2.35309002719274,0
True,2.01667055798781,0
True,2.45968531628281,0
True,1.6806014761571,0
True,3.6696261878191,0
True,2.99288278348637,0
True,2.47151371987448,0
True,2.9177278213366,0
True,1.97132474149099,0
True,1.9810403518118,0
True,1.23639729529396,0
True,1.64564799261172,0
True,2.0762711219606,0
True,0.979501957408156,0
True,2.34032687208641,0
True,1.82240794321532,0
True,2.2145805298814,0
True,2.40465725327343,0
True,1.76003596210694,0
True,2.35125566922143,0
True,1.61638023854393,0
True,1.34080102717767,0
True,1.86220075367523,0
True,2.08846712487328,0
True,1.51435250590884,0
True,2.76083510699984,0
True,0.977733022853552,0
True,1.08409418124325,0
True,1.99896212134808,0
True,2.49980967390874,0
True,1.62713403568564,0
True,1.25869147149172,0
True,0.729663400962381,0
True,2.36578282976172,0
True,1.32726562216266,0
True,2.05319747487178,0
True,1.26130538753623,0
True,2.37753134011467,0
True,2.55471058995368,0
True,0.730093732170301,0
True,1.80042416286271,0
True,1.63016144487605,0
True,1.20733880805178,0
True,0.988080220430634,0
True,1.25435206340523,0
True,2.27842034536476,0
True,0.971047762671936,0
True,1.7763060026015,0
True,1.83966473451859,0
True,1.88092705160974,0
True,3.95768027891171,0
True,0.694092323909447,0
True,0.809681971765797,0
True,1.58677127702636,0
True,1.78893412965036,0
True,2.15641501148063,0
True,3.16009218204326,0
True,1.50994788212118,0
True,0.817395693579922,0
True,1.96733516060793,0
True,0.874497372516922,0
True,0.910302395257032,0
True,2.25320883275667,0
False,2.94382285084113,8.79634775175214E-05
True,1.0820406409555,0
True,1.04306064592147,0
True,1.35402309660031,0
True,1.31597613566674,0
True,1.68963840948105,0
True,1.82991398771757,0
True,1.79767970520087,0
True,1.90341259857909,0
True,1.66560842643093,0
True,1.38150417312241,0
True,2.58520776836806,0
True,1.06908095194744,0
True,2.47792278391528,0
True,1.26029463485864,0
True,3.18176814273641,0
True,2.67049051570153,0
True,1.53985236133955,0
True,0.732980945245942,0
True,2.12471378316269,0
True,2.26601536505844,0
True,1.26403165007088,0
True,2.09956392068483,0
True,2.08827842264246,0
True,2.72597650324137,0
True,3.75552894094562,0
True,1.9035033339592,0
True,1.50855379623784,0
True,1.28614288236137,0
True,1.1346241230274,0
True,1.98512533968802,0
True,2.77336166122305,0
True,4.00610249288682,0
True,0.958413956315938,0
True,1.11600239841075,0
True,1.05187078628158,0
True,4.07460621600648,0
True,2.00808955214384,0
True,1.05594839490796,0
True,0.609206494912802,0
True,2.99888516587376,0
True,1.05553625375867,0
True,2.62025694660896,0
True,1.44460082085897,0
True,1.87301313799631,0
True,2.18285581355455,0
True,2.21236245725408,0
True,1.68887380348294,0
True,0.938300105633111,0
True,1.72776972403383,0
True,2.30532519949778,0
True,4.52501613834619,0
True,1.43001716982012,0
True,2.68784962254349,0
True,1.92626896060081,0
True,2.92901898120845,0
True,3.23074112558723,0
True,3.73680807506444,0
True,1.3006633999938,0
True,2.41983819499176,0
True,0.800161245570708,0
True,1.88304105584389,0
True,2.41349472487524,0
True,2.11575144083219,0
True,2.9766387912076,0
True,3.04567320167942,0
True,2.75438529981478,0
True,2.23370518278762,0
True,2.95457841187043,0
True,3.51606358521108,0
True,1.44149509405825,0
True,0.92825517272069,0
True,0.720195752996367,0
True,1.85519345034864,0
True,2.94090925858608,0
True,1.77659067873793,0
True,1.02058734030627,0
True,0.815559802219606,0
True,1.56938637694308,0
True,1.1002737312996,0
True,0.805921206926384,0
True,1.22630425655432,0
True,2.52498437544619,0
True,1.74916438276662,0
True,1.03633537753654,0
True,1.99855853496944,0
True,2.59453317946571,0
True,3.01759061893843,0
True,1.93043604822281,0
True,1.3394012993556,0
True,1.96030004556734,0
True,1.4309173527024,0
True,0.836615115431592,0
False,4.32345756696224,0.000111337728976666
True,2.195089827669,0
True,1.98208645842804,0
True,1.53079735509748,0
True,1.64800324180362,0
True,2.74042574522696,0
True,1.89103723729716,0
True,2.2032046977877,0
True,1.39144009658057,0
True,3.24508421004831,0
True,0.979465684891856,0
True,0.850270149307791,0
True,1.83209850525353,0
True,1.75283824478643,0
True,2.46116011448412,0
True,1.0990643791026,0
True,2.11911119148134,0
True,1.83211049196224,0
True,1.97688950678349,0
True,0.754108473912452,0
True,2.45444924403388,0
True,2.60963228673851,0
True,0.747702449575466,0
True,0.846726522049548,0
True,1.42736650199582,0
True,0.903502463081741,0
True,0.969267935454423,0
True,2.15530088158457,0
True,1.12856684126935,0
True,1.39763571804309,0
True,3.94791245262022,0
True,2.4808318877777,0
True,1.52431568244838,0
True,1.66103618929284,0
True,2.16873354476017,0
True,1.87211262922015,0
True,1.78681085657477,0
True,0.801070792072984,0
True,0.984635142966068,0
True,2.17108620124062,0
True,1.76789616518717,0
True,0.714560578261975,0
True,1.81103160303889,0
True,2.55443960797717,0
True,2.36234510595357,0
True,1.27884739929794,0
True,1.45168202660395,0
True,1.15340326152061,0
True,1.73146519197855,0
True,0.93491811489417,0
True,2.57100367971971,0
True,2.49394842305198,0
True,1.25836172992981,0
True,1.50931037063068,0
True,1.52026647953295,0
True,1.55038607279161,0
True,1.79151863559803,0
True,1.89099706021305,0
True,1.89384909325889,0
True,2.45880116872355,0
True,1.19946589119688,0
True,1.56111969409768,0
True,1.2840510970427,0
True,1.17421331984224,0
True,1.14825956587735,0
True,0.630256602341998,0
True,1.75412078271415,0
True,2.25398973686991,0
True,1.79234506907772,0
True,1.90624757360685,0
True,2.26206373790187,0
True,2.83318471154845,0
True,1.27118711095002,0
True,1.35997295715079,0
True,2.28185901417868,0
True,1.52803784297086,0
True,2.14972194474016,0
True,1.91294808107565,0
True,1.61000631019279,0
True,1.84727285283295,0
True,2.10367534981775,0
True,2.09940652599459,0
True,1.50268527137351,0
True,1.73672519005568,0
True,2.80306364326217,0
True,4.16994103564228,0
True,1.45645746240891,0
True,2.69234373943764,0
True,3.17685738964278,0
True,1.89489202915829,0
True,0.967759503868062,0
True,2.31473609141321,0
True,2.99732992647268,0
True,2.59475765176545,0
True,1.64199450847557,0
True,1.51693714937844,0
True,1.33176369766086,0
True,1.18273226974218,0
True,4.49161602541231,0
True,0.939720370834575,0
True,1.02854602525879,0
True,1.68903104134371,0
True,1.65921885703105,0
True,2.17678542570767,0
True,1.8557289021587,0
True,1.59229916917446,0
True,2.07940722223685,0
True,2.36338137267655,0
True,2.04648344128756,0
True,3.22343934276517,0
True,1.59705583576473,0
True,1.41125259871708,0
True,2.21489999051995,0
True,1.17131578986263,0
True,1.82205449405531,0
True,0.835534964951551,0
True,2.89276877949858,0
True,1.11573836295618,0
True,1.6183174521523,0
True,2.1326665432653,0
True,1.25804997942166,0
True,1.89489423808531,0
True,1.25181097178236,0
True,0.21298918847228,0
True,4.06655850281187,0
True,2.1985199659236,0
True,1.37157567733083,0
True,1.47129629640189,0
True,0.996752727531611,0
True,1.09162703382965,0
True,0.851748103488389,0
True,1.05756159752633,0
True,3.93719842500577,0
True,2.24721282816286,0
True,3.55533830523962,0
True,3.34387206240285,0
True,1.82372535751706,0
True,2.47607573290269,0
True,2.53053033916765,0
True,1.3716361247055,0
True,2.8744745668071,0
True,0.738347339629701,0
True,3.12756352970709,0
True,3.31774702773077,0
True,3.20526741418223,0
True,2.13510770975266,0
True,2.4608949258127,0
True,3.75885991436286,0
True,1.97109245169086,0
True,2.10868883411551,0
True,1.44111270013826,0
True,1.59550694423915,0
True,1.51267667070521,0
True,2.08889410806428,0
True,1.75862457814388,0
True,1.350732107319,0
True,2.03440528249163,0
True,1.82987633992514,0
True,0.800510479038104,0
True,2.20602630148827,0
True,1.89683783430628,0
True,2.86030302996326,0
True,2.23135075221642,0
True,3.85348101656219,0
True,1.81531329648893,0
True,2.35152838977075,0
True,1.86511829448547,0
True,2.26640437396906,0
True,0.680156673432102,0
True,2.92402229875564,0
True,2.67810004647168,0
True,1.71568937722774,0
True,2.71858167067663,0
True,0.667475751704401,0
True,2.54725482317547,0
True,1.02385539350666,0
True,2.94068321962586,0
True,2.94869132302351,0
True,3.98521446487281,0
True,2.24562968133293,0
True,1.43952757350265,0
True,1.48949224147825,0
True,4.00192601375122,0
True,1.14163103042454,0
True,2.79050350326723,0
True,2.08923545366668,0
True,3.56801828272776,0
True,1.05656209733929,0
True,2.16424998605367,0
True,2.31470762460138,0
True,1.45701452774084,0
True,2.62274663666566,0
True,1.85602875072911,0
True,2.12295407515252,0
True,1.06742098789109,0
True,3.27817669707567,0
True,1.71290698801619,0
True,3.44620077486381,0
True,2.97420160659018,0
True,2.51762616176112,0
True,0.861610829614842,0
True,1.3922788901146,0
True,2.2832583432855,0
True,1.78666002670589,0
True,1.64061719098451,0
True,1.9095476385206,0
True,3.91297779406304,0
True,3.11156663455581,0
True,1.22519826214119,0
True,1.07847176985054,0
True,1.09238391808214,0
True,3.50774244232104,0
True,2.02050084270835,0
True,1.86619604310763,0
True,1.18430637188932,0
True,1.72350702520768,0
True,1.3307678380326,0
True,1.70766007059516,0
True,2.95283246075468,0
True,3.40010129144267,0
True,1.04920281344608,0
True,2.4349980243964,0
True,1.53042159983785,0
True,0.930841458982301,0
True,1.37024169774307,0
True,1.71617048074935,0
True,2.58243262333752,0
True,1.32930093445448,0
True,2.19030416684306,0
True,1.07351669213152,0
True,0.759120333901339,0
True,2.1261185320677,0
True,2.14575634419445,0
True,1.17462423729816,0
True,2.13391364060675,0
True,1.56444556198687,0
True,1.46881969076679,0
True,2.76213543410572,0
True,1.15105397908018,0
True,1.10551399920253,0
True,1.75922099724757,0
True,0.9207775330147,0
True,1.59332112084914,0
True,3.43058125466342,0
True,2.00947405081573,0
True,1.31684609953385,0
True,1.86687738602709,0
True,3.17824692276973,0
True,1.14212979864068,0
True,1.57747436374908,0
True,1.27966837464966,0
True,1.54827833105772,0
True,0.973971283397769,0
True,2.94485102631707,0
True,1.83753096003688,0
True,1.88602900835125,0
True,1.28032197399859,0
True,1.90907510317688,0
True,2.28110510677367,0
True,3.5005282848862,0
True,3.31178065989785,0
True,1.80790352222146,0
True,1.51569194396925,0
True,1.52511380137729,0
True,2.79603906931655,0
True,3.01184448141068,0
True,1.1059368240981,0
True,1.60085192906617,0
True,0.953634191030349,0
True,2.55782523481645,0
True,2.77560732829411,0
True,0.887741253736109,0
True,2.6602345821774,0
True,3.7001591040901,0
True,1.54695467888141,0
True,1.59666136735719,0
True,1.79652311826998,0
True,2.2593936861056,0
True,4.18566493559689,0
True,1.92826522931922,0
True,2.64279557715789,0
True,1.99393219018682,0
True,1.78930547792478,0
True,1.40553624837352,0
True,1.69110825733975,0
True,1.57276053333196,0
True,3.28624836209663,0
True,2.40689884186075,0
True,2.42007976688844,0
True,3.30722779846291,0
True,2.26914696587578,0
True,1.04730660646726,0
True,2.87450413905265,0
True,1.54665584703144,0
True,1.31046795734234,0
True,1.19105685725485,0
True,2.79910080271739,0
True,1.14887269547008,0
True,3.14723631422598,0
True,3.63676229183321,0
True,1.95467463433943,0
True,2.50882789453268,0
True,2.37516773747965,0
True,2.45484502533614,0
True,0.749773024357795,0
True,2.56422287814839,0
True,0.95495017402628,0
True,1.89877996545603,0
True,2.24435844315939,0
True,3.58669185741532,0
True,1.13093763362813,0
True,1.91598660988495,0
True,1.81955965396416,0
True,3.96675614754927,0
True,2.12902669778872,0
True,0.876795872675925,0
True,1.80752287834092,0
True,1.26504996792838,0
True,1.17339155420945,0
True,1.27086199001662,0
True,2.8901830397575,0
True,3.10429182941302,0
True,2.33880769651974,0
True,1.20910974399129,0
True,3.98539610499263,0
True,2.19827796462008,0
True,1.13401504980944,0
True,1.54703589766039,0
True,1.2172658792802,0
True,2.79390944038133,0
True,0.679395427092348,0
True,2.95555840460558,0
True,1.86586841116446,0
True,2.61537377948386,0
True,3.27560293084963,0
True,1.05538314351279,0
True,1.81143195089173,0
True,1.76048859755658,0
True,1.56759561960338,0
True,1.76388019383669,0
True,2.42437162712204,0
True,3.02553817938938,0
True,0.771578112947207,0
True,1.86721448959228,0
True,2.38968902496216,0
True,2.44739358605234,0
True,2.29247054180697,0
True,2.58293129524935,0
True,1.68388135657534,0
True,2.05845970816901,0
True,1.63995356845811,0
True,3.28339486566706,0
True,2.93797430543806,0
True,1.78400922487436,0
True,0.840232122420617,0
True,0.685538124231944,0
True,2.05572183072592,0
True,2.22131836841204,0
True,1.76050275823665,0
True,2.41805160066331,0
True,1.46435560523752,0
True,2.2140281553003,0
True,1.19588735730075,0
True,3.36134016984814,0
True,1.36755006573428,0
True,0.969104379536579,0
True,2.33855891810621,0
True,1.84733936971232,0
True,0.72547526619101,0
True,2.50463631680548,0
True,2.06848301171859,0
True,0.866083079989766,0
True,0.972038172960563,0
True,1.25386849164909,0
True,2.83282248379044,0
False,2.63245705482517,0.000680623914073503
True,2.85398289644239,0
True,1.67752491578323,0
True,1.96042401293504,0
True,0.657931448663244,0
True,2.46789195599567,0
True,3.96694460706932,0
True,0.905741777910791,0
True,2.27776945793845,0
True,2.18757350413878,0
True,0.994866162993153,0
True,3.02193156074154,0
True,0.936335357780029,0
True,1.65218178021967,0
True,1.79217709307969,0
True,1.37677091388487,0
True,1.5144167093579,0
True,2.0072278303021,0
True,2.31285978786622,0
True,1.89463083733727,0
True,1.66120187294191,0
True,3.34480206290494,0
True,2.24278982542996,0
True,3.18382243596352,0
True,1.84769755833688,0
True,1.69347316177344,0
True,1.96188466307062,0
True,0.844220989786514,0
True,1.29420519033317,0
True,2.91190278438395,0
True,2.60382385664526,0
True,0.883439317726755,0
True,2.35185449295654,0
True,3.14893701291836,0
True,1.87973250881438,0
True,1.02004576185664,0
True,1.86917273406611,0
True,2.52681642443177,0
True,2.72915857719032,0
True,2.36086712990423,0
True,2.70498477218126,0
True,2.22103337098395,0
True,3.52768235117813,0
True,4.39190241379729,0
True,2.33108370854294,0
True,1.86665052837666,0
True,1.26182465034569,0
True,1.65982814176578,0
True,1.79552213358428,0
True,0.961946534245152,0
True,1.99161403414679,0
True,1.13505279633644,0
True,1.46605725564654,0
True,2.28337111818535,0
True,1.65520295696136,0
True,3.22770859510225,0
True,2.95782813354227,0
True,1.99229834042106,0
True,2.15137447277756,0
True,1.38599092197451,0
True,2.30494649006967,0
False,3.61497036341651,0.000633804905966271
True,1.0463787919963,0
True,3.1421475703119,0
True,0.799896050036224,0
True,1.61045482395186,0
True,1.346431034651,0
True,0.911776024133054,0
True,3.07143821612446,0
True,1.35990277823343,0
True,1.41016434316418,0
True,1.56910408604312,0
True,1.72513703451275,0
True,2.31099615031553,0
True,1.38554708404725,0
True,2.82216450961555,0
True,4.13048430594914,0
True,2.12501374992505,0
True,3.39811832715586,0
True,2.19344270405181,0
True,2.192648733855,0
True,2.89290145953026,0
True,1.76916567143097,0
True,1.27378098078368,0
True,1.8550826710199,0
True,2.05323581736742,0
True,2.63720237710608,0
True,1.3682470326675,0
True,1.55355044662966,0
True,2.05713845773945,0
True,3.917587605175,0
True,2.04389536076305,0
True,2.0555232787895,0
True,2.30542017423648,0
True,2.56718565657802,0
True,1.10862584080358,0
True,1.6147196738128,0
True,2.78397106243484,0
True,1.01762505031515,0
True,2.93059562292502,0
True,2.0903209717508,0
True,2.06107696555774,0
True,1.44692542393754,0
True,1.42769685231721,0
True,1.17575836263217,0
True,0.907896719268356,0
True,1.75343523982718,0
True,2.60083497953835,0
True,1.63363890360209,0
True,1.8667018645117,0
True,2.43336459604135,0
True,2.06456226179484,0
True,2.50520726365629,0
True,2.79658776388445,0
True,2.59988590293571,0
True,1.61947427078579,0
True,3.25408601072471,0
True,1.99190305645697,0
True,0.979843014407442,0
True,0.860602165218068,0
True,1.95843792725213,0
True,2.88828256147224,0
True,2.05843109663116,0
True,1.7691979572977,0
True,2.03548628462549,0
True,0.906195113571711,0
True,0.807944578346557,0
True,1.16824508477172,0
False,2.23871294652866,8.62670763878545E-05
True,1.10896422525768,0
True,1.30376452903302,0
False,2.45592658195169,0.000482888251033922
True,3.12848815509089,0
True,1.09624789957396,0
True,1.41238867521156,0
True,1.12882232852703,0
True,1.00479729946082,0
True,1.70940054595214,0
True,0.575093967465161,0
True,2.2775667727824,0
True,1.40946408497891,0
True,0.956034757334975,0
True,2.5722917805129,0
True,3.71419346307537,0
True,3.19503443874393,0
True,1.44941647665508,0
True,1.44782681391059,0
True,1.85661060302305,0
True,3.60801567129171,0
True,3.61106299859523,0
True,1.50497858868982,0
True,1.50953648609721,0
True,2.34565045224987,0
True,3.29537590175069,0
True,1.71100808048876,0
True,2.12935193996615,0
True,3.40320854217159,0
True,1.99984275645405,0
True,1.69263880282061,0
True,0.920158731731229,0
True,0.832337017820765,0
True,1.22245863656714,0
True,3.97798504302437,0
True,4.07074808981587,0
True,1.28906258089838,0
True,2.284048103278,0
True,1.14302096169688,0
True,1.8304769086409,0
True,2.2000589549516,0
True,2.58179302129686,0
True,1.98157467097662,0
True,1.09273369613577,0
True,3.65268382246912,0
True,0.969792023849944,0
True,1.90739341273363,0
True,2.78855231091937,0
True,1.99760334982348,0
True,1.38620301881727,0
True,1.51703481056759,0
True,1.77249268568188,0
True,1.72886743140821,0
True,2.04447995981989,0
True,1.48923431616877,0
True,1.15377992308116,0
True,1.53783511790997,0
True,1.37689906480952,0
True,1.31136185279059,0
True,2.41388971133377,0
True,1.3394507790513,0
True,1.41942681903348,0
True,1.11380517698298,0
True,1.44260566334264,0
True,2.02661205308039,0
True,1.28579158789901,0
True,1.76525839138377,0
True,2.28989922487637,0
True,1.51849858150273,0
True,2.67352573448265,0
True,2.40662037778346,0
True,2.24136440358504,0
True,1.88663811413919,0
True,2.37714532989125,0
True,1.84470714883115,0
True,2.37131941551652,0
True,3.0230545350349,0
True,1.67491315136135,0
True,1.6921928391175,0
True,2.23276205550208,0
True,3.53249786723592,0
True,1.65893765091706,0
True,1.53436966637356,0
True,1.63155973285936,0
True,1.21210590945051,0
True,2.71129600424902,0
True,2.48520182474154,0
True,0.859244550173092,0
True,1.15366802837654,0
True,3.65916111108966,0
True,2.05948997755066,0
True,2.2056792144402,0
True,1.11183584858798,0
True,1.22093652973223,0
True,1.35689047302186,0
True,2.82472180039823,0
True,2.40275105133777,0
True,3.47297404199325,0
True,2.25013077119636,0
True,2.77945217836077,0
True,1.94351988270693,0
True,1.69072741807325,0
True,1.242558109018,0
True,1.85723403237237,0
True,2.08077142547501,0
True,2.72798067853571,0
True,1.22007438781225,0
True,2.17662685467074,0
True,2.09072924257308,0
True,1.67706172731714,0
True,1.24340952920791,0
True,2.49226257213188,0
True,1.22121705699891,0
True,0.88331029867919,0
True,1.48886641811968,0
True,1.65362405466798,0
False,1.16112093093468,7.66362531178891E-05
True,2.03654853685638,0
True,2.07701526827988,0
True,2.21622999581087,0
True,1.11173114382064,0
True,2.63583603697203,0
True,1.78013274499451,0
True,2.57019737089139,0
True,1.96382477743933,0
True,1.31249876692883,0
True,1.84367288071657,0
True,2.37405952164397,0
True,3.98662019973282,0
True,0.937714935564253,0
True,1.05052609770178,0
True,2.62978400400666,0
True,1.84601237681213,0
True,2.90125279426977,0
True,2.56921006272208,0
True,2.82773747857374,0
True,2.14411003916039,0
True,2.12354887509195,0
True,1.38116942982306,0
True,1.03363290294122,0
True,2.02759244383379,0
True,1.63135681971152,0
True,3.44777563987361,0
True,2.21770322508076,0
True,0.806968333702937,0
True,2.15287973120541,0
True,1.80263061166758,0
True,2.56988039579232,0
True,2.22564891437798,0
True,1.8266383388659,0
True,2.58529001544587,0
True,1.27447506686657,0
True,2.91913499904564,0
True,2.16982392716378,0
True,1.79807557917105,0
True,1.49776947575532,0
True,1.60337237932503,0
True,4.00667666850154,0
True,1.89009785446002,0
True,3.47863942869876,0
True,1.88414144711502,0
True,0.978500539556818,0
True,0.93967456419673,0
True,1.15157354004762,0
True,3.22995661219792,0
True,1.9863337091534,0
True,2.05005043835648,0
True,2.51811572974058,0
True,1.93183360610594,0
True,0.874657578267271,0
True,0.959432418253465,0
True,3.34930100945175,0
True,1.51092863619529,0
True,3.72329660501427,0
True,2.04543485750973,0
True,2.85417807182766,0
True,1.05081930251843,0
True,3.15735310819287,0
True,4.00027012137333,0
True,3.84344306061304,0
True,1.13058093606252,0
True,1.733142246585,0
True,1.5334658247022,0
True,1.17664135780486,0
True,1.60425875218607,0
True,2.31388009897516,0
True,2.72418746583303,0
True,2.11170323937988,0
True,2.92376066410398,0
True,1.18204965527714,0
True,3.27692859086793,0
True,2.06625313667516,0
True,1.50827866018049,0
True,0.761291798231976,0
True,1.0213748661657,0
True,2.04272078898692,0
True,2.44909344125331,0
True,2.18519007544967,0
True,2.01107399645014,0
True,3.42031541187096,0
True,3.53651204972728,0
True,4.01784688509194,0
True,0.98533073177752,0
True,1.15511414156615,0
True,1.78148531729354,0
True,0.952492090279918,0
True,1.12524547854567,0
True,2.65768920175238,0
True,1.02971833673065,0
True,1.07021742850874,0
True,2.17987495690409,0
True,2.35629592272351,0
True,1.3308626494505,0
True,2.07600756704405,0
True,1.03664729030093,0
True,1.33465860852686,0
True,3.37772178087209,0
True,2.08602428332277,0
True,1.83124938541749,0
True,1.6970491100655,0
True,1.8487621937381,0
True,1.85262773791687,0
True,0.91271906816485,0
True,1.96065412386547,0
True,3.84575769867629,0
True,1.53513982405586,0
True,1.05211813898609,0
True,2.12740666463252,0
True,1.69070851622069,0
True,1.80028651019737,0
True,4.28510865436002,0
True,2.60280155091758,0
True,2.91360754705588,0
True,1.03607998163589,0
True,1.5641494239933,0
True,3.44240152572816,0
True,1.47974006863849,0
True,0.878674082853794,0
True,1.20861926465888,0
True,1.23382428765555,0
True,1.22468232652522,0
True,1.15047370819954,0
True,1.32927690491549,0
True,3.18061823781451,0
True,1.22192740836651,0
True,1.62756667966372,0
True,1.4930966328045,0
True,2.04188681850087,0
True,3.50641155662041,0
True,1.23162350647809,0
True,1.10353322004945,0
True,2.30835203036184,0
True,1.49763674350011,0
True,1.37236142445647,0
True,1.60233365521961,0
True,2.19466830746882,0
True,1.45378109958761,0
True,1.91938711626888,0
True,1.36600374723403,0
True,0.796516453834643,0
True,0.920569162316537,0
True,1.17698872092757,0
True,1.67434223762583,0
True,4.18610611179621,0
True,2.8818443254889,0
False,2.14061547071552,7.57099132391694E-05
True,1.70344115267742,0
True,2.07534376652168,0
True,2.60916443558807,0
True,2.82380759283428,0
True,1.63086531445294,0
True,3.34856910336838,0
True,1.47065093739527,0
True,0.735304261265224,0
True,2.22524309039893,0
True,0.892329944619033,0
True,1.55668394394007,0
True,1.72905863471244,0
True,4.37114264258593,0
True,2.11452463098078,0
True,2.07878757387392,0
True,2.08622115405507,0
True,1.78623818216459,0
True,1.73722908412054,0
True,1.26229543937763,0
True,2.01931017900794,0
True,1.57514146568875,0
True,1.48262722689263,0
True,2.91662402396227,0
True,2.69739030888,0
True,2.57358888604316,0
True,2.06881589861207,0
True,2.46096160685786,0
True,1.68974590161129,0
True,0.693010532367482,0
True,2.48161706555001,0
True,3.44294237006266,0
True,3.98682802498277,0
True,2.65311193005985,0
True,2.45877063444851,0
True,1.31593930466598,0
True,1.61319590105255,0
True,1.60133630478319,0
True,1.59477663941264,0
True,1.71433764851523,0
True,1.89099708460217,0
True,1.26400690147753,0
True,1.97400156968847,0
True,1.29982178355333,0
True,2.93279258717555,0
True,3.1562776589382,0
True,0.960043890006847,0
True,3.41966396990444,0
True,3.29085727415934,0
True,1.1000955646845,0
True,1.43000213726277,0
True,1.39178457764809,0
True,1.43337533358623,0
True,2.87850148959518,0
True,2.1457547828791,0
True,3.09068541850094,0
True,2.08860925538548,0
True,2.6119828603721,0
True,2.44245940282078,0
True,3.06875987249484,0
True,1.63143571802234,0
True,2.38872945090018,0
True,1.8121641547473,0
True,0.965650895909322,0
True,1.62704466472559,0
True,0.776073818469089,0
True,1.37267714263481,0
True,0.484544797597941,0
True,2.8486239101714,0
True,2.77682799709908,0
True,2.66572554011611,0
True,1.49721186664022,0
True,1.42206884228602,0
True,1.38445828950049,0
True,2.22573861233367,0
True,1.95723511100778,0
True,2.68550842192134,0
True,1.37967838299684,0
True,1.42122952012479,0
True,2.16244328525791,0
True,2.54767722162493,0
True,1.41813724542924,0
True,1.40738082401187,0
True,2.37415355014537,0
True,1.69017671639429,0
True,0.843406709367341,0
True,0.854735642431612,0
True,1.13039255055714,0
True,1.54997610706035,0
True,2.07080817291642,0
True,2.35706997445638,0
True,2.73361292895049,0
True,2.98630097854178,0
True,0.639944585123091,0
True,3.13132001673375,0
True,1.08692432806013,0
True,2.21452487030857,0
True,1.9963817688631,0
True,1.71468054635868,0
True,2.05903207852179,0
True,2.81156209524205,0
True,1.13114826892865,0
True,2.77157935122935,0
True,1.63766059385138,0
True,1.45077972447293,0
True,2.91172460653957,0
True,1.63078927117946,0
True,2.08128897705242,0
True,1.71331322832911,0
True,1.17400429389763,0
True,2.0461686859776,0
True,0.988075586943338,0
True,0.678816864389496,0
True,1.73761252328043,0
True,0.723290483468395,0
True,1.52212296038065,0
True,1.58363576818349,0
True,1.27181165087959,0
True,1.64395516511546,0
True,1.30288265842719,0
True,1.6513065153161,0
True,1.98084982730551,0
True,1.24752057875027,0
True,1.31352534689019,0
True,0.730439112966665,0
True,2.26162046265674,0
True,1.42653231051527,0
True,3.32708693386927,0
True,1.39827697642775,0
True,1.84275704778174,0
True,1.04794262195032,0
True,1.06125596922752,0
True,2.73150766048551,0
True,3.06719760729362,0
True,2.09715884073413,0
True,2.57238296781638,0
True,1.56041312280651,0
True,1.43834070995515,0
True,3.34299739598406,0
True,3.27982220381656,0
True,2.6583287895329,0
True,1.32314773893674,0
True,3.05466790791971,0
True,3.05965915010909,0
True,2.61092129494378,0
True,1.72890349274309,0
True,2.78024255865176,0
True,2.46208778522576,0
True,1.11993144408889,0
True,1.99976328477437,0
True,2.514205150824,0
True,1.52090777069214,0
True,1.09199126816784,0
True,2.12165788450502,0
True,2.30116163389587,0
True,2.71881590923498,0
True,3.26534848686949,0
True,2.54265222863032,0
True,1.36881176876314,0
True,0.876453634035571,0
True,1.4941162962074,0
True,1.08994933741101,0
True,0.833053793863244,0
True,1.58055033123833,0
True,2.47038955474527,0
True,1.66610963461909,0
True,2.63830501756082,0
True,2.36659203535138,0
True,4.29941760049605,0
True,1.52775823035471,0
True,1.16378205206453,0
True,2.0796242275034,0
True,2.99835809611795,0
True,3.36865194495616,0
True,1.9175774319421,0
True,1.77635856588298,0
True,1.30013184005285,0
True,1.3814902219347,0
True,1.79147998965062,0
True,1.70756418233149,0
True,1.36672347138891,0
True,1.27782734441244,0
True,1.4744159431251,0
True,2.22511848623097,0
True,2.15149204349569,0
True,0.896845912094851,0
True,1.65614367712619,0
True,1.85519158570987,0
True,3.89453918708606,0
True,2.23569822058713,0
True,1.83740867451643,0
True,0.972853791994755,0
True,0.840264501730399,0
True,2.03576019534347,0
True,1.47192737158815,0
True,1.11255460034837,0
True,3.27395005224479,0
True,1.38325776961499,0
True,1.61861629793638,0
True,1.52815834842122,0
True,2.0848048628833,0
True,0.971797158474639,0
True,1.71120350468277,0
True,1.96303550190274,0
True,0.507266803135808,0
True,2.04389666403229,0
True,1.46053752401096,0
True,3.17194259993703,0
True,1.60284876421609,0
True,0.745206174559067,0
True,0.724032484630749,0
True,2.06301406913295,0
True,1.99803198310836,0
True,1.01067546336954,0
True,1.47395006639802,0
True,1.3413399236609,0
True,0.58607526139509,0
True,2.0008722192433,0
True,2.08930030723557,0
True,1.95952740412891,0
True,2.57975324329341,0
True,2.22003813663284,0
True,1.73848090319488,0
True,2.10541263627604,0
True,3.1927381188688,0
True,1.2637488104827,0
True,1.33840413584566,0
True,0.748022652567174,0
True,1.58197162992506,0
True,2.36265159616341,0
True,3.37062434387187,0
True,1.8553261317141,0
True,1.33550091138995,0
True,1.58538237702597,0
True,1.84124433828574,0
True,1.75856962364616,0
True,2.10980581173028,0
True,2.70506585783899,0
False,2.69342997335524,0.000158900821517785
True,1.20430941130101,0
True,0.990823685690935,0
True,1.64357309126931,0
True,0.788525823713564,0
True,2.48729407406602,0
True,1.26208003816523,0
True,1.18510456313512,0
True,1.72758994288993,0
True,2.37514712999036,0
True,1.55889087718576,0
True,1.60485977112584,0
False,3.11969332797628,9.09244078996561E-05
True,2.51213163552516,0
True,1.28628023444096,0
True,3.40895203042812,0
True,1.63757834058218,0
True,3.20792120816089,0
True,2.42879581808558,0
True,0.638916386030764,0
True,1.08402786042861,0
True,1.08110979660232,0
True,1.13412991878537,0
True,1.18387564018571,0
True,1.21822986038487,0
True,1.45511364295806,0
True,1.19789469968401,0
True,1.57731891836863,0
True,0.924904903665527,0
True,3.93114979544912,0
True,1.23094411339539,0
True,0.861053401061163,0
True,0.919124161839154,0
True,2.00337631659433,0
True,0.778169158447003,0
True,1.39671917014934,0
True,0.979989114225732,0
True,2.58788450773649,0
True,2.91908652003095,0
True,3.80247789774698,0
True,2.40405332809748,0
True,2.40410316905286,0
True,2.8806874853124,0
True,3.53583352715922,0
True,1.35462569384734,0
True,1.07194830190389,0
True,2.5153872627459,0
True,1.63266231478884,0
True,2.24278276898226,0
True,2.63137666495984,0
True,2.48451845974881,0
True,0.980151046801412,0
True,2.86641063996639,0
True,3.53172609551382,0
True,2.66190717734303,0
True,1.71787833095494,0
True,0.647828741575408,0
True,3.88189065056085,0
True,2.46658914046281,0
True,1.31418463266805,0
True,3.43838226545459,0
True,2.00117498482187,0
True,2.15142134234603,0
True,1.6854882962322,0
True,1.59090654321122,0
True,1.59112362403596,0
True,0.960272975967679,0
True,1.36703643328817,0
True,1.20351853379691,0
True,2.79151880621002,0
True,4.25609597726819,0
True,1.53115993921232,0
True,1.59488082766205,0
True,4.07535628158308,0
True,2.55762351213327,0
True,1.20002896268197,0
True,1.838983237872,0
True,1.29929349262322,0
True,1.22697521327117,0
True,1.11521530802515,0
True,1.98324313865424,0
True,1.64326244147358,0
True,1.0922525286002,0
True,1.20818568673331,0
True,2.57240708943346,0
True,3.36011426984019,0
True,2.20877442126731,0
True,2.45819764941205,0
True,1.26406211529972,0
True,1.3958391430303,0
True,2.90551030149437,0
True,1.98230880460626,0
True,1.76306070157578,0
True,2.93738369657069,0
True,3.70480239865585,0
True,2.32867353478518,0
True,1.62681849187736,0
True,2.97308618562132,0
True,2.42887748597784,0
True,2.01766580792124,0
True,2.51359369824543,0
True,2.38246130562858,0
True,0.715268393557968,0
True,0.584743424354953,0
True,1.02315002331914,0
True,0.856078157117904,0
True,1.38497399158746,0
True,1.11075549586602,0
True,1.60249645322311,0
True,3.00454736215019,0
True,1.95393444586782,0
True,1.24519329421056,0
True,1.41584766704674,0
True,1.10879827535631,0
True,3.6224854637389,0
True,2.19986383994546,0
True,1.12257904338974,0
True,3.88913383414242,0
True,2.10195360288538,0
True,1.30312271486625,0
True,1.68201033571902,0
True,1.13484140314042,0
True,2.67608357200365,0
True,4.00578706559016,0
True,1.12834388055823,0
True,0.940638008588021,0
True,3.44602204692895,0
True,2.36325558152935,0
True,2.23184000389759,0
True,1.40837833137493,0
True,2.53030700035615,0
True,1.29211471389998,0
True,1.12271904469471,0
True,1.64058484399226,0
True,3.56208279762484,0
True,2.80314901199037,0
True,1.65875208198045,0
True,2.89333876459492,0
True,3.12398760425941,0
True,4.08193634426698,0
True,3.45148242744386,0
True,3.33350049293945,0
True,2.03523288354394,0
True,1.19416913888813,0
True,1.24506046536111,0
True,2.32962739994231,0
True,1.52912427686158,0
True,1.81785073733923,0
True,0.961201725508609,0
True,2.07289597594093,0
True,3.11262263185996,0
True,2.60322234478883,0
True,1.3360583977419,0
True,1.96960807755552,0
True,1.6413410717299,0
True,1.50342462268864,0
True,1.94015556216004,0
True,1.59219930990292,0
True,2.73087240364475,0
True,2.49773332402518,0
True,1.0204598524351,0
True,1.47844680900649,0
True,1.31197199823356,0
True,1.64337267516853,0
True,1.16537005533392,0
True,3.03427433373076,0
True,1.94625879702008,0
True,2.16020263594033,0
True,1.39624173365886,0
True,1.77121517818682,0
True,0.903453280936064,0
True,1.23531631468029,0
True,1.561822872459,0
True,1.60388188606213,0
True,2.47787993724688,0
True,2.60110814162572,0
True,3.5374396732264,0
True,3.67383331637117,0
True,0.845935091649253,0
True,1.32895148973452,0
True,1.06886456600433,0
True,3.01458559069282,0
True,1.30910734785158,0
True,2.21099951178893,0
True,2.98597971794553,0
True,1.78502857581153,0
True,1.65385822887695,0
True,1.4416518002062,0
True,1.10667072065155,0
True,2.018611810108,0
True,1.10366719596476,0
True,3.28930895619668,0
True,1.9850424188329,0
True,1.28976580968373,0
True,2.4508200558763,0
True,0.920726062935132,0
True,0.877564963623865,0
True,1.68810634120307,0
True,1.57846645945735,0
True,1.53741014800191,0
True,3.75916738432615,0
True,2.51926129712856,0
True,2.3033584849563,0
True,1.87896512516419,0
True,1.93775728574521,0
True,0.862702588684834,0
True,1.32224615006662,0
True,1.81078517383266,0
True,2.08950598866969,0
True,2.07412303925109,0
True,1.99245180288922,0
True,1.51619096243159,0
True,0.665086828887232,0
True,1.58088047475886,0
True,2.61374198632397,0
True,2.04638697471283,0
True,1.78759164305737,0
True,1.91533341149522,0
True,4.26185917158911,0
True,2.73016877753949,0
True,1.71025677446814,0
True,1.38135222542566,0
True,2.46306379787067,0
True,1.77745567217321,0
True,2.24563502948083,0
True,2.50216389371358,0
True,1.10916679533614,0
True,1.47201834707717,0
True,1.89053641669632,0
True,1.85675771240021,0
True,2.67443910494103,0
True,3.12995513636005,0
True,2.3578440290099,0
True,1.89942041817921,0
True,2.57532187748825,0
True,2.59276468601612,0
True,2.48630140275906,0
True,1.13186878240305,0
True,2.80663954374366,0
True,3.67099539046794,0
True,2.39685562768302,0
True,2.17893863618927,0
True,2.21774822558764,0
True,1.05874249909309,0
True,1.53785003717332,0
True,3.36198963926602,0
True,4.34062149732476,0
True,1.98780418179648,0
True,1.89455919789434,0
True,2.03366930962897,0
True,1.98271134092712,0
True,2.30476977645812,0
True,3.45648527335842,0
True,2.05986794457778,0
True,1.03155003237176,0
True,1.4097837205474,0
True,2.82856881818343,0
True,2.67231391058892,0
True,2.15163635462432,0
True,1.7794276726467,0
True,2.60209722667328,0
True,2.51398765925073,0
True,2.35709393577451,0
True,2.20601073291499,0
True,2.58859288285024,0
True,3.20919626260708,0
True,1.47218826811555,0
True,1.68599139167343,0
True,1.92631260516409,0
True,1.30789618330516,0
True,2.88150387178604,0
True,0.38727453187435,0
True,1.54681803654701,0
True,2.36502649745326,0
True,2.09018089676382,0
True,3.11120147353146,0
True,1.36987099510921,0
True,1.03225622342259,0
True,2.12651939632897,0
True,1.10146790647016,0
True,1.67538018647853,0
True,1.34120070628077,0
True,2.02191218014397,0
True,2.00549189974099,0
True,1.93142740826101,0
True,2.13945746213508,0
True,1.95310056392922,0
True,2.69297152075224,0
True,1.33678182337252,0
True,1.51882590714617,0
True,2.60849574786829,0
True,2.10587502613352,0
True,0.66486380847208,0
True,3.10931608987684,0
True,1.62809784844759,0
True,2.2243688131664,0
True,1.56940726682767,0
True,2.37702164934336,0
True,2.46482203110478,0
True,2.01282824651014,0
True,0.910953935009984,0
True,2.10602524334233,0
True,1.26182881070103,0
True,1.5954959588322,0
True,2.63920561609023,0
True,1.6481666274164,0
True,2.21116039979951,0
True,2.4435251853103,0
True,3.10135510485699,0
True,1.73574699107071,0
True,0.573309742382179,0
True,0.649598755834777,0
True,1.5100060636749,0
True,1.26607236387546,0
True,2.36186620884288,0
True,1.89759345918812,0
True,2.55797117900189,0
True,2.52004883699073,0
True,1.90324373286164,0
True,3.90235189265541,0
True,1.32272962596299,0
True,0.882948847510362,0
True,4.03320762935581,0
True,1.65964601027236,0
True,2.40394979026361,0
True,1.1825247347393,0
True,1.61001224821291,0
True,3.6967518370327,0
True,3.23449166979621,0
True,2.35436134781761,0
True,2.16561673375004,0
True,1.57251609632415,0
True,1.8923796616859,0
True,1.49943483423112,0
True,0.546669145464154,0
True,1.28825631585794,0
True,0.861855811554609,0
True,3.58955346073651,0
True,3.17559300660184,0
True,1.76285615029214,0
True,1.58997076214331,0
True,1.24048017698801,0
True,3.11874984492297,0
True,3.11887794098263,0
True,2.18314010584792,0
True,1.22048938730923,0
True,1.66045476581823,0
True,1.56309305482184,0
True,1.31720916904941,0
True,1.35952817676791,0
True,0.802788763776608,0
True,1.21263947044105,0
True,2.49833757882605,0
True,1.38483703093712,0
True,1.40564995646617,0
True,2.0123480340981,0
True,2.15020928581928,0
True,1.53969199062494,0
True,0.592761858117067,0
True,3.6225777452855,0
True,1.882348180761,0
True,1.64650064725252,0
True,1.44611587745086,0
True,2.42161947940451,0
True,0.970244284078371,0
True,0.885605303467562,0
True,1.40199859725582,0
True,2.56469785165421,0
True,1.66780716455502,0
True,3.04450268043373,0
True,0.81846773273719,0
True,2.77738956760989,0
True,2.13121378333707,0
True,0.860382399194527,0
True,3.16434935243979,0
True,1.43099735314006,0
True,1.14849216822785,0
True,3.53753735979627,0
True,0.972357355407292,0
True,1.13850402732837,0
True,1.1928956467312,0
True,1.12514549504394,0
True,1.28519691733492,0
False,1.24061296159395,9.19849531671066E-05
True,2.82835490485325,0
True,1.15786993602937,0
True,1.24408545694354,0
True,2.54713197748891,0
True,2.03331341103906,0
True,1.42844222329115,0
True,2.49236201374775,0
True,1.08286037294058,0
False,1.98367246887633,0.000225689509705489
True,2.56221361729111,0
True,1.74683108567363,0
True,1.84461358952095,0
True,2.26610342547447,0
True,1.18941939688679,0
True,2.00815135804058,0
True,1.07785182469951,0
True,0.992717181574748,0
True,3.08414870891467,0
True,1.86412443725061,0
True,2.7844174155588,0
True,2.63547648679689,0
True,2.34009103764302,0
True,1.82002094694272,0
True,2.6645147036677,0
True,1.08534228375883,0
True,2.91433820482288,0
True,1.14164087408652,0
True,2.34356325876455,0
True,1.48817061697867,0
True,2.53168875383925,0
True,2.09812810004466,0
True,2.0323798746693,0
True,1.25755925662917,0
True,2.20014399540759,0
True,1.79590740364119,0
True,2.46449052161622,0
True,1.67403218133311,0
True,3.03120779636,0
True,1.86880960063631,0
True,0.867373369120456,0
True,3.12168820042435,0
True,0.746265613977976,0
True,1.24137783307555,0
True,2.27189823045689,0
True,1.38480807865243,0
True,1.45186643852753,0
True,1.35567378679083,0
True,1.3354325571094,0
True,3.0021729793733,0
True,2.9311272987814,0
True,2.52211331949065,0
True,3.78520094856123,0
True,2.57697908851401,0
True,2.50006452409301,0
True,1.96300465368903,0
True,2.6918900368894,0
True,3.86176875149439,0
True,1.29534037315606,0
True,1.58865239067204,0
True,1.2050689729099,0
False,1.8481126322057,8.81755166137616E-05
True,1.85408322400083,0
True,1.31339232361026,0
True,1.3540891840283,0
True,1.06502726556833,0
True,2.56436148025858,0
True,2.92954122315772,0
True,2.9135217575087,0
True,3.0063338910679,0
True,1.63786774754469,0
True,1.63258323960142,0
True,1.84577804282746,0
True,2.59708124174707,0
True,2.5883490338108,0
True,1.31255125933295,0
True,1.89712682828491,0
True,2.48237874217272,0
True,3.53846415914319,0
True,2.79256740160008,0
True,2.06308278394484,0
True,1.66368651582705,0
True,1.04139125543407,0
True,0.728304952743235,0
True,1.59645428084072,0
True,1.3949069328802,0
True,3.41390514781342,0
True,3.33707803451888,0
True,0.998020979176654,0
True,1.80954465114988,0
True,2.06822211350295,0
True,1.62047442971851,0
True,1.67225069123299,0
True,1.16830196599552,0
True,1.44968315271102,0
True,0.829308788470296,0
True,1.93297981770228,0
True,2.53310832433639,0
True,1.62247967752057,0
True,0.931398965731609,0
True,2.84355721284045,0
True,1.79456359188517,0
True,2.42736658996729,0
True,2.0695296005227,0
True,2.07394707967827,0
True,1.81494718896986,0
True,3.18078528831664,0
True,2.36450941900247,0
True,1.41129930466004,0
True,0.618443855717956,0
True,2.28803271240047,0
True,1.39179595643706,0
True,1.10097427834417,0
True,1.52684813676266,0
True,1.51183239158399,0
True,0.98083868740929,0
True,1.95515640017734,0
True,1.97120325764034,0
True,2.00581789527776,0
True,0.860743060130415,0
True,1.89368734044196,0
True,1.66845485683038,0
True,1.84026208187447,0
True,1.90035454239109,0
True,3.18918934209745,0
True,2.30801107460097,0
True,3.04016041428452,0
True,1.00324760444,0
True,3.39074606732992,0
True,1.48758852035042,0
True,0.941820332724013,0
True,1.63703397014144,0
True,1.92113851110462,0
True,0.997329353236682,0
True,2.68663710370572,0
True,1.26981698603482,0
True,1.54206657796408,0
True,1.74085807409444,0
True,1.25127445643804,0
True,1.60393439978106,0
True,1.92942567440872,0
True,2.67176764600172,0
True,1.28273116611946,0
True,1.53426240333158,0
True,2.20430641673466,0
True,2.11339519922021,0
True,2.11608120617413,0
True,2.48254145318625,0
True,0.859785621511044,0
True,2.28234837299735,0
True,2.32413402896975,0
True,2.3529273988055,0
True,2.12651640472944,0
True,1.82513763342685,0
True,1.45741018045881,0
True,1.19120780429085,0
True,2.27904144973659,0
True,1.00361580368898,0
True,1.16915527797682,0
True,2.62750026686918,0
True,0.900225932387198,0
True,0.980498760323978,0
True,3.27741382568905,0
True,2.90548703251858,0
True,1.40922580024903,0
True,2.45253458635207,0
True,2.80164237008069,0
True,3.57247834255735,0
True,2.90557063035257,0
True,2.19005073225085,0
True,2.0315337601598,0
True,1.59329585934775,0
True,1.52598261573522,0
True,1.38909879224877,0
True,2.66606524411474,0
True,3.22069805003181,0
True,1.28295624004884,0
True,1.12218413155694,0
True,3.65722058958188,0
True,1.80825438357119,0
True,1.85086711066705,0
True,2.03104098075003,0
True,2.92396585678406,0
True,1.43993445824072,0
True,2.39118125690468,0
True,2.63871316190062,0
True,3.58308621979345,0
True,1.03771705291519,0
True,3.33263016792537,0
True,1.78561823844856,0
True,1.66606999853358,0
True,3.28226980710427,0
True,2.02872750391344,0
True,1.26641150902076,0
True,1.42904663443831,0
True,1.2383048973333,0
True,2.52486640325261,0
True,1.26005386442998,0
True,0.828040144060789,0
True,1.41303288473767,0
True,2.87334067202696,0
True,2.07377963700636,0
True,2.67448207958738,0
True,3.69953930216637,0
True,2.32764844670437,0
True,1.16014639777144,0
True,1.3610657853375,0
True,2.53866815104407,0
True,4.57248243485771,0
True,2.3454872450227,0
True,1.91192384797198,0
True,1.54112099652851,0
True,1.14945482811207,0
True,1.41690426777119,0
True,1.2060262731132,0
True,1.51897080565669,0
True,1.8275501232752,0
True,2.12772974473148,0
True,3.71180325311459,0
True,1.22989969806908,0
True,2.5123805992279,0
True,1.04158382239293,0
True,1.55677186043069,0
True,1.7298082967376,0
True,1.81467312199285,0
True,1.46432311789071,0
True,1.6870746252852,0
True,1.22562779171393,0
True,2.32789252708285,0
True,1.8112869958507,0
True,1.55766055703375,0
True,0.940152012740853,0
True,0.839545679756597,0
True,0.716667367805803,0
True,1.91433590136044,0
True,1.35859764946475,0
True,3.65303033900691,0
True,1.12415509491371,0
True,2.41586933186185,0
True,1.22404818865654,0
True,2.65038333158924,0
True,2.88996501126021,0
True,1.10862719840628,0
True,2.66523141333502,0
True,3.28685510272296,0
True,2.40466121332686,0
True,1.89236681478675,0
True,1.80469239591532,0
True,4.19266740074519,0
True,0.84937366126434,0
False,3.48773607748421,7.74361473933609E-05
True,1.52902479312416,0
True,0.773974261101162,0
True,1.26758298195231,0
True,2.57412276209579,0
True,2.1658449032866,0
True,0.998511222382863,0
True,3.02229724622452,0
True,4.09553671991295,0
True,1.19169968617716,0
True,0.996366884491898,0
True,2.24733399697804,0
True,2.86141862769822,0
True,1.60090781223636,0
True,1.05486313863656,0
True,2.1262772579413,0
True,2.67881267609572,0
True,2.66802781863062,0
True,1.15100809083132,0
True,1.93028618037634,0
True,2.27924570777714,0
True,0.508203796388779,0
True,1.85560727479124,0
True,1.1917769214709,0
True,1.77143027755395,0
True,1.41880224544063,0
True,2.00329209399952,0
True,1.46141606818057,0
True,2.03616849731073,0
True,1.48938429930071,0
True,2.41674406818066,0
True,1.92824956429529,0
True,0.927764110564196,0
True,1.83467485388268,0
True,0.893343590040497,0
True,2.48734094380762,0
True,1.05301526372315,0
True,2.1778324870497,0
True,1.74987304084492,0
True,3.89291439608361,0
True,1.89629357563102,0
True,2.71590893210349,0
True,1.70122804254416,0
True,1.4205750538883,0
True,1.48299607548438,0
True,3.90995795460977,0
True,2.1924736152009,0
True,1.49856092390109,0
True,2.25688613495075,0
True,1.20619156615056,0
True,1.52623783360018,0
True,1.01622918503748,0
True,2.00624224594023,0
True,0.89132330609625,0
True,1.51996334558842,0
True,2.22902492692046,0
True,1.26062021976859,0
True,1.99272924067012,0
True,1.91139526640983,0
True,1.87213963196682,0
True,2.39211498047161,0
True,1.22417505470818,0
True,2.74502506223534,0
True,1.86359176087616,0
True,0.875033319713061,0
True,3.37240366493544,0
True,2.05496947860214,0
True,1.37646756906854,0
True,2.66329752779007,0
True,0.95103135809427,0
True,3.66445022405476,0
True,1.85729843311973,0
True,1.68398735477762,0
True,3.57724457035564,0
True,2.19561239293323,0
True,1.53302862808711,0
True,1.81242724966952,0
True,2.15367492675199,0
True,1.15272533769868,0
True,2.22009932197959,0
True,1.04500773076,0
True,1.30261531472837,0
True,1.62968492858418,0
True,1.61485569654088,0
True,1.14149088959751,0
True,1.23279940075776,0
True,0.754704166065965,0
True,0.539041967540509,0
True,1.76909270101198,0
True,3.13815194068025,0
True,1.97388913732674,0
True,2.46443574198719,0
True,2.59998088616256,0
True,4.12036413375523,0
True,3.04905350833036,0
True,1.3434062866699,0
True,2.34181682701022,0
True,1.96416679397709,0
True,1.29808710896802,0
True,2.14234872111917,0
True,1.8566419339941,0
True,1.09831525236476,0
True,4.06313575650983,0
True,2.62299443020711,0
True,2.66015454358216,0
True,1.45207438518661,0
True,3.39790860543825,0
True,2.67547679014187,0
True,1.67718500018123,0
True,1.3239038217361,0
True,1.17149338978605,0
True,1.78244767854238,0
True,1.05049579944587,0
True,3.67201636603185,0
True,0.756999458717021,0
True,1.30436258814556,0
True,1.55254115614174,0
True,2.39983022423261,0
True,1.74337014030551,0
True,1.17457565193002,0
True,1.27121738821869,0
True,2.74930858934155,0
True,1.65403786168017,0
True,2.46395059932603,0
True,2.20009129562107,0
True,1.99826114116866,0
True,2.43112065184277,0
True,2.03545801331427,0
True,1.90810407110233,0
True,1.44487779112114,0
True,1.36327078545451,0
True,2.50308509228261,0
True,1.98413392568524,0
True,1.73031735310374,0
True,1.81174306554626,0
True,1.72591859461412,0
True,1.40770961185034,0
True,2.48107200977702,0
True,1.49788801829096,0
True,1.79565546085676,0
True,2.53481176948664,0
True,1.27608561953783,0
True,1.8508511576137,0
True,1.71637375216715,0
True,1.79996683442905,0
True,1.3943178624669,0
True,1.43500909232441,0
True,1.7702841890128,0
True,2.34462269348669,0
True,2.26807774673761,0
True,1.74629234150095,0
True,2.04787539704591,0
True,1.46808429705683,0
True,1.60155736878045,0
True,2.16700310596949,0
True,0.943673532716767,0
True,1.19438641467826,0
True,2.04682943219662,0
True,2.44807407902243,0
True,3.86200946045698,0
True,3.38878666763288,0
True,3.65249302252236,0
True,0.638342554693897,0
True,1.83340209728348,0
True,1.49253782665139,0
True,1.19414629293539,0
True,2.36103155987551,0
True,1.41192268683574,0
True,2.01464084912849,0
True,1.17826368122987,0
True,1.66692709993231,0
True,0.952006868670646,0
True,3.06618702244438,0
True,1.48930001041306,0
True,1.92092167232885,0
False,3.92570591293382,0.000143407543919615
True,4.09447978094757,0
True,0.999753618372513,0
True,3.39106991554632,0
True,2.18122954123948,0
True,2.35817392748314,0
False,2.73043913487641,0.000105193998021382
True,0.998747989929762,0
True,2.7262252810427,0
True,3.28177241550258,0
True,2.29310616809608,0
True,3.39886891853421,0
True,1.50593675003806,0
True,1.31818245237814,0
True,1.22173142259568,0
True,1.03519564060569,0
True,1.98273942081732,0
True,1.06198426897959,0
True,0.950815602288163,0
True,1.38603576287384,0
True,1.00104997357246,0
True,1.64246444041944,0
True,2.39527153339099,0
True,2.45275809019549,0
True,1.78064362439834,0
True,2.04904885453754,0
True,4.34878205657547,0
True,2.75158346751321,0
True,2.2862432218528,0
True,0.862726834063671,0
True,1.89598820654502,0
True,3.19912914124703,0
True,1.33395319358575,0
True,1.53668568017237,0
True,1.45887847888089,0
True,2.70215538337077,0
True,1.0319725691757,0
True,1.12145636059007,0
True,1.29780270796415,0
True,0.979738418298641,0
True,1.89710606315551,0
True,1.21160998988606,0
True,2.03295003768021,0
True,0.890388166444723,0
True,4.11203262870632,0
True,2.46635455211973,0
True,1.03447992914656,0
True,2.86951388037356,0
True,1.73410018977384,0
True,3.71292917542019,0
True,3.23096432306983,0
True,3.94645118020995,0
True,4.23109838769072,0
True,1.12240083443424,0
True,0.722019378891341,0
True,1.57411694733433,0
True,2.27328745516958,0
True,2.49253276588331,0
True,2.62286098648264,0
True,1.72641408678326,0
True,2.0327850491071,0
True,2.34247325622431,0
True,2.75722042952644,0
True,1.32883571037065,0
True,1.67006539280941,0
True,1.75112362790041,0
True,1.10641283888342,0
True,1.30374148653445,0
True,3.81500501115946,0
True,1.84243853931636,0
True,1.42952641737568,0
True,0.927299924590238,0
True,1.94472887752088,0
True,0.929983885119863,0
True,1.69098919001776,0
True,3.56321713657075,0
True,2.70943067158113,0
True,1.10024915957774,0
True,0.893981380523774,0
True,1.61574403941757,0
True,2.74646112293044,0
True,1.48831210413176,0
True,1.84413402124331,0
True,2.43850923585271,0
True,2.1000607108811,0
True,2.70684528312395,0
True,1.61281313260075,0
True,2.24478226444782,0
True,2.50904615926673,0
True,2.23872790623687,0
True,3.1474140803251,0
True,1.67533925807963,0
True,1.20919395027142,0
True,1.97838360945101,0
True,1.03767213553672,0
True,2.84476812092954,0
True,3.37599941474295,0
True,1.74837642127287,0
True,1.46627245203699,0
True,2.19852935684678,0
True,1.13348179472144,0
True,1.5883455636622,0
True,1.44425725031958,0
True,2.80380404457489,0
True,2.01913141571029,0
True,2.43210658609268,0
True,2.25063660685721,0
True,2.30084920780926,0
True,2.51746250773388,0
True,3.17141598294174,0
True,1.94156948225392,0
True,1.59554730234658,0
True,3.53303035920717,0
True,1.50285443478123,0
True,1.0085807110446,0
True,1.30653669298783,0
True,4.29983851306616,0
True,1.80763741359698,0
True,1.51237509861274,0
True,2.45593083218358,0
True,1.75295445270265,0
True,2.18061014844734,0
True,1.097020356341,0
True,1.79929935462896,0
True,0.670337110627602,0
True,2.00484604451268,0
True,1.51722283624543,0
True,1.32605354526056,0
True,0.838780856151192,0
True,2.59994024431345,0
True,3.55377173691848,0
True,1.41890692744563,0
True,2.42147275013053,0
True,2.76393998693751,0
True,3.85090881533129,0
True,2.43321701168455,0
True,1.03877017360482,0
True,1.18451105104617,0
True,1.42584778857508,0
True,2.63474787769698,0
True,2.51672142129704,0
True,0.976555002670744,0
True,1.67047410506543,0
True,2.2537962457955,0
True,1.37042403714694,0
True,2.27435732054826,0
True,1.52996222494879,0
True,1.33396132633272,0
True,3.89218283702768,0
True,3.44758426562126,0
True,3.23465463581215,0
True,1.01391478213585,0
False,2.67649909452795,0.00090095779621935
True,2.84029758611233,0
True,2.90061429459349,0
True,2.64734800915186,0
True,3.25281104283075,0
True,1.36220729030882,0
True,0.502137579038365,0
True,2.1049945416179,0
True,1.98039909143498,0
True,2.52741652488955,0
True,1.58229263208969,0
True,1.59607664964366,0
True,1.3164536353072,0
True,3.25903641370273,0
True,3.53353480279359,0
True,1.05539124583963,0
True,1.13937567531892,0
True,2.07401080677369,0
True,1.31261664432818,0
True,0.758088290806918,0
True,1.38800249091287,0
True,1.13751018166451,0
True,0.660094197172738,0
True,1.06963014307813,0
True,1.93950451523843,0
True,1.702083186301,0
True,2.49836887745598,0
True,1.19824855583628,0
True,0.705451045257385,0
True,1.01612747534257,0
True,1.30960439382008,0
True,1.70670251369235,0
True,3.40826403364285,0
True,2.49612888322941,0
True,2.44813054828441,0
True,2.21345567639469,0
True,3.56437700188652,0
True,0.764891640217508,0
True,3.70122280842072,0
True,0.952008395139093,0
True,1.30133035515761,0
True,1.11108996389428,0
True,1.39106500968661,0
True,3.07830824541625,0
True,1.96504917581902,0
True,1.92251044590097,0
True,2.59367949164201,0
True,1.69085227748271,0
True,1.92755881818703,0
True,1.42137369193349,0
True,1.5365057549383,0
True,1.69775829112673,0
True,2.71780985223653,0
True,2.12835974757757,0
True,1.70073477005152,0
True,0.817645019418045,0
True,1.64989454497951,0
True,1.33359465172756,0
True,1.1049140272995,0
True,1.77739930078603,0
True,1.97697159437266,0
True,0.79703612253962,0
True,2.8010901158193,0
True,2.70612967926736,0
True,2.82709377121586,0
True,2.41432945350494,0
True,0.71462027260483,0
True,1.90532777420239,0
True,0.975391258986461,0
True,2.04149121609661,0
True,1.62754769545866,0
True,3.50162619213371,0
True,1.61301082134083,0
True,2.18653835726503,0
True,1.1990513509287,0
True,1.54286412784225,0
True,2.65900918833223,0
True,1.80664892365243,0
True,2.36350663134612,0
True,1.19731907472698,0
True,3.38635485202669,0
True,1.24071585379072,0
True,2.50109684004209,0
True,1.51215657738601,0
True,1.77630776840404,0
True,1.30571464773435,0
True,2.53184514357545,0
True,2.17428834902491,0
True,1.89249526596075,0
True,0.783283966449755,0
True,2.31962840968401,0
True,1.61576557601821,0
True,0.805332838285309,0
True,0.957732818035979,0
True,1.69706674910569,0
True,1.6139714149705,0
True,1.53277428810215,0
True,2.21085183739983,0
True,1.98475665378549,0
True,1.33905532504252,0
True,2.16074705586151,0
True,2.25219032327648,0
True,0.926868762435799,0
True,1.23148265890661,0
True,1.11763396017888,0
True,1.27906093127029,0
True,2.12500772009549,0
True,1.93071976534264,0
True,1.4381071384468,0
True,1.59470776055518,0
True,1.30079480197815,0
True,0.787974479839719,0
True,2.52899488478852,0
True,2.43856674878896,0
True,2.55372490049135,0
True,1.92015147273732,0
True,1.00047547868135,0
True,1.58548323810198,0
True,3.07792818386354,0
True,1.58296193829133,0
True,1.71560752039405,0
True,1.76084003769697,0
True,0.966750955131946,0
True,2.24057449945294,0
True,1.16829267481722,0
True,0.874518512929709,0
True,1.0122000005698,0
True,1.95779028831987,0
True,1.68049706917361,0
True,1.24968709511671,0
True,2.01190623358655,0
True,3.80976198069542,0
True,1.23283412250586,0
True,1.36464804881114,0
True,1.80023072303863,0
True,1.20448016878749,0
True,2.39634657152934,0
True,1.16247293124055,0
True,3.14170825472133,0
True,3.17474114741085,0
True,2.71425617394484,0
True,1.67631219480894,0
True,0.98187716210088,0
True,1.48662789001635,0
True,1.60458462120933,0
True,2.1735206335486,0
True,2.46059558462363,0
True,1.70938555555917,0
True,2.25837718878453,0
True,2.05240261829689,0
True,1.61729194455833,0
True,1.06333253435458,0
True,1.88732409416802,0
True,2.42958652032831,0
True,1.87670882683494,0
True,3.06267718998563,0
True,2.43298526113105,0
True,1.50458823706629,0
True,1.23456037176532,0
True,1.61252409469883,0
True,1.67488608017469,0
True,1.55741615098251,0
True,3.39566628782404,0
True,1.78153591739559,0
True,2.59200142273467,0
True,2.96878221963435,0
True,1.6279663952379,0
True,2.00889412272248,0
True,2.7768313568992,0
True,2.50476447263627,0
True,1.22352071092119,0
True,3.83253051998156,0
True,1.82296623645263,0
True,3.01715783234574,0
True,1.19448905798883,0
True,1.34555175476854,0
True,2.23353163403531,0
True,2.45745697340773,0
True,2.19365856627642,0
True,1.58485578855461,0
True,1.01678040032797,0
True,2.15385836774657,0
True,1.13513578593381,0
True,1.28599516344518,0
True,3.99108685780348,0
True,1.97890720908258,0
True,3.28791895668266,0
True,3.62368155233221,0
True,4.14902052750391,0
True,1.93501874070464,0
True,4.30162568650947,0
True,3.87466735933205,0
True,4.15639375257705,0
True,2.81421828423947,0
True,1.30064570808655,0
True,2.86808994911011,0
True,1.41262829594419,0
True,2.07049667152373,0
True,1.0343517487743,0
True,2.2703975020841,0
True,1.83549892491373,0
True,2.32807566860938,0
True,3.38434844332627,0
True,2.07004033602615,0
True,2.56006300522273,0
True,1.75802914739099,0
True,1.23867279419871,0
True,1.77833482604932,0
True,1.39130402789088,0
True,1.2171445185257,0
True,2.64123704749585,0
True,1.87585037669006,0
True,1.28557495341467,0
True,1.79640168664339,0
True,2.76714350909494,0
True,1.23180592360751,0
True,1.87696355709407,0
True,2.35895239076286,0
True,1.07717542026057,0
True,2.4230090529239,0
True,3.67912805152203,0
True,1.30165544600718,0
True,2.13177388646902,0
True,1.26087504159122,0
False,1.64327604547424,0.000243039226807465
True,1.41020288385283,0
True,1.13047837387544,0
True,1.70131984036732,0
True,1.07955429127338,0
True,2.0160755393914,0
True,2.52382586343831,0
True,2.78049865873482,0
True,1.16060135150467,0
True,2.57705227730154,0
True,2.58405354374156,0
True,2.28012003495113,0
True,1.24963179017018,0
True,1.16106682018919,0
True,1.74852031858214,0
True,1.07014930916539,0
True,2.10646198175577,0
True,1.97630905741357,0
True,1.9298150000958,0
True,2.61423318616165,0
True,1.91802737584364,0
True,2.76049974721711,0
True,2.70835143883694,0
True,2.2883335947788,0
True,2.28741110566336,0
True,0.995368754304723,0
True,1.6599204723727,0
True,1.67094325730225,0
True,0.723362021678625,0
True,1.97251540448878,0
True,2.57490898193782,0
True,2.21875321913166,0
True,2.50166640124113,0
True,2.40269957984639,0
True,1.65758166543623,0
True,1.02695654553907,0
True,1.72346056733208,0
True,0.901994503003381,0
True,3.56913616956483,0
True,1.51860137789805,0
True,3.79734828926888,0
True,2.67667169488265,0
True,1.35431422462526,0
True,1.59177675627986,0
True,1.70112283049357,0
True,1.25813341103032,0
True,2.08761074804269,0
True,2.60083434834237,0
True,2.55731023090349,0
True,3.16118351844363,0
True,3.00116328142142,0
True,1.78709328153497,0
True,3.30839709789784,0
True,1.33952028418263,0
True,1.47673394679967,0
True,1.00643067293213,0
True,1.7363660355847,0
True,2.46278827311811,0
True,1.4891737433383,0
True,2.26322696785836,0
True,1.10027129502988,0
True,2.18160175357152,0
True,2.78445535805241,0
True,2.82914128739058,0
True,2.13513451448509,0
True,0.958348701431164,0
True,1.29554924311693,0
True,1.25885316953863,0
True,1.80073569149555,0
True,1.5557436254434,0
True,2.26139381978671,0
True,3.01481126069779,0
True,0.62803345451364,0
True,0.780902812970287,0
True,0.812102863513193,0
True,1.01600189484607,0
True,1.08635592491217,0
True,1.67437046003211,0
True,2.33673510216143,0
True,1.83326432385083,0
True,1.21493193414678,0
True,1.25491557226649,0
True,1.49736028422727,0
True,1.41410396612062,0
True,3.28700381588936,0
True,1.0940696902383,0
True,1.55423069572001,0
True,2.79573207636953,0
True,2.45548098414932,0
True,1.98950345491067,0
True,2.78151954264109,0
True,2.56541511073636,0
True,1.39467537285252,0
True,1.17781294756078,0
True,0.75727939217234,0
True,2.43963563896439,0
True,1.62670013346554,0
True,1.12205579416755,0
True,1.09534767156705,0
True,1.51406856176891,0
True,2.73105582466887,0
True,1.87278897505171,0
True,2.70614922446309,0
True,2.6578394420936,0
True,1.8711822431522,0
True,1.66319378853819,0
True,2.47219341657707,0
True,2.57102331653881,0
True,3.12084719742559,0
True,3.75656735232567,0
True,2.2905848836228,0
True,1.09774201266179,0
True,1.34860977975864,0
True,2.11560532218254,0
True,4.29612792970835,0
True,2.62712351582077,0
True,1.33094939973518,0
True,1.65389011064366,0
True,1.34929305760871,0
True,0.97808217205852,0
True,2.53697947918136,0
True,1.69825433868997,0
True,0.883449123101734,0
True,1.80666036427182,0
True,2.35209389762957,0
True,2.73152563604503,0
True,0.873761390910822,0
True,2.85151331126854,0
True,1.80720447134344,0
True,1.10526356869096,0
True,2.80680099103117,0
True,1.21302175044127,0
True,0.756618745007112,0
True,1.51712143083273,0
True,1.47269652462112,0
True,1.74201591763352,0
True,2.08223170263005,0
True,1.36258708864246,0
True,2.12400483524323,0
True,2.07838874041388,0
True,1.58704586504168,0
True,3.84352752772042,0
True,2.31114606929106,0
True,1.67266346642143,0
True,1.87941039408194,0
True,2.3692673378133,0
True,3.30053070554064,0
True,2.58518524236109,0
True,1.28550124647802,0
True,3.81009563457148,0
True,3.23538312163723,0
True,2.42078912913669,0
True,1.10875781786646,0
True,3.10667163572778,0
True,1.11083555286946,0
True,1.69969688670743,0
True,1.24782336224873,0
True,2.13760192818646,0
False,1.6105743286457,8.09232153378682E-05
True,0.74420047875239,0
True,2.5596785278939,0
True,1.9843877279335,0
True,3.20216981043615,0
True,1.66931997786027,0
True,1.22912782716507,0
True,4.4502121067433,0
True,3.03197529966576,0
True,1.86464263593809,0
True,1.81447097517573,0
True,1.19623930884706,0
True,1.97187168566026,0
True,1.24266613444827,0
True,1.39920876570979,0
True,1.24838468599369,0
True,2.05592005794294,0
True,1.23027894994946,0
True,2.6058951920551,0
True,1.78723087410683,0
True,1.07225153517971,0
True,2.12110882077329,0
True,1.438194767113,0
True,1.47062076234476,0
True,1.09454794692321,0
True,2.01938047421366,0
True,1.64105329444024,0
True,1.10252447912696,0
True,1.52317651038291,0
True,1.83770827513508,0
True,1.00802175064563,0
True,1.61369312662252,0
True,2.58861574820034,0
True,2.09463063264816,0
True,1.59466191186077,0
True,1.51077550704481,0
True,2.55672080567572,0
True,2.78092366346728,0
True,0.873375532111754,0
True,1.77888252444574,0
True,1.87732066491829,0
True,1.98779736779573,0
True,2.89057121362307,0
True,3.26768543649768,0
True,3.17044267803033,0
True,1.32557887543914,0
True,1.56247996018384,0
True,0.909623111192271,0
True,3.57151964081727,0
True,1.78893162496409,0
True,3.45680934490008,0
True,2.66485561236215,0
True,1.6529736953678,0
True,1.43265419762377,0
True,1.93280381131737,0
True,1.83799073848736,0
True,2.11914035331191,0
True,1.53174446106225,0
True,1.90941307900983,0
True,1.96102745408711,0
True,1.8435087985418,0
True,2.26094728610535,0
True,0.951087228736251,0
True,1.76949896408291,0
True,2.62684968232329,0
True,1.27116316025586,0
True,2.2610886043278,0
True,2.49288067884239,0
True,2.17394089493312,0
True,1.03975238507858,0
True,2.50428081345248,0
True,3.02089068139441,0
True,1.40838097775112,0
True,1.84992356381943,0
True,1.01354144731361,0
True,1.17842001957831,0
True,2.00102498967246,0
True,2.28709754937603,0
True,2.50812427626494,0
True,1.67470405345466,0
True,1.52040027079902,0
True,1.42561760212906,0
True,3.17743281861867,0
True,2.23213745141337,0
True,2.32582303128977,0
True,1.56294424535583,0
True,1.24062537848386,0
True,2.0391053373523,0
True,0.749739826671829,0
True,1.20681027365451,0
True,1.38274097031001,0
True,2.07152384444478,0
True,1.57562452130969,0
True,1.78129025637767,0
True,1.77874422116718,0
True,1.8601753767498,0
True,2.20775664653005,0
True,1.976333339996,0
True,1.15569874691436,0
True,1.52015116687633,0
True,3.92071206389277,0
True,2.77278850828766,0
True,1.84513320418989,0
True,2.50234055003825,0
True,1.60147783233301,0
True,2.3678184864419,0
True,0.845743054042359,0
True,3.28728314748003,0
True,1.89555379540119,0
True,1.46836517061211,0
True,1.10334023052521,0
True,4.31734958877653,0
True,1.33528545848709,0
True,1.30561353277345,0
True,1.32106850730052,0
True,1.0422707904205,0
True,1.92614973091603,0
True,2.11293743265906,0
True,1.01420223018384,0
True,1.77245357708386,0
True,1.91952374739054,0
True,1.34838230509192,0
True,2.63735806179563,0
True,1.91589880042748,0
True,1.38865395121805,0
True,2.2613142311904,0
True,2.04857360451316,0
True,1.77620015805488,0
True,1.50762982058121,0
True,1.38182893978505,0
True,1.33518331984471,0
True,1.55369271237292,0
True,2.97209131818139,0
True,1.31588486515725,0
True,1.58946731805751,0
True,4.54375334439424,0
True,2.2097654206608,0
True,2.28743894850777,0
True,1.90519609801374,0
True,1.08515908509728,0
True,1.72386387568404,0
True,1.98151407664822,0
True,1.56177078331872,0
True,2.92969774346154,0
True,1.35732693823344,0
True,2.24246547268664,0
True,1.82532218356406,0
True,2.03607034564785,0
True,1.8896871993875,0
True,1.47998310368447,0
True,1.98674597662374,0
True,2.55916355735563,0
True,1.35531536909828,0
True,2.65419483348798,0
True,0.994704367011177,0
True,3.0364355360512,0
True,1.52162031720508,0
True,2.41871980882149,0
True,2.70771457654922,0
True,4.43427943583031,0
True,3.64732206400911,0
True,1.2982413103832,0
True,3.5932723930047,0
True,1.49268171101854,0
True,0.567841890092689,0
True,2.28031651032367,0
True,2.80292476600033,0
True,2.8680311756469,0
True,2.510648906432,0
True,1.38568938421096,0
True,2.66882005397224,0
True,1.15850063918344,0
True,1.40486944717469,0
True,1.88066384290019,0
True,2.71986625627856,0
True,2.33416941957507,0
True,2.00730260738698,0
True,1.42946040557356,0
True,4.23018028736414,0
True,2.30647942455264,0
True,1.46518188899583,0
True,0.7901912020178,0
True,0.825583705987151,0
True,1.29580026101954,0
True,1.29773050940593,0
True,1.63352097413703,0
True,2.68396676687644,0
True,2.877016052573,0
True,3.03821288349912,0
True,1.06066730837331,0
True,1.67463868690243,0
True,3.28931315984072,0
True,2.33474974061817,0
True,1.48544371400754,0
True,2.79238561586531,0
True,1.96137843045161,0
True,2.07452359518271,0
True,2.47073056931072,0
True,1.0489797420023,0
True,2.313283582866,0
True,0.881083852969815,0
True,2.32033311316068,0
True,1.05082103044611,0
True,0.974896701436601,0
True,1.34742238489175,0
True,1.59733964548897,0
True,1.43812824526893,0
True,1.74201733435967,0
True,2.20960472022393,0
True,1.72797756560767,0
True,3.01258472743074,0
True,1.57101924166335,0
True,1.31658150467915,0
True,0.869122397849051,0
True,1.42893502948159,0
True,1.92370575210678,0
True,1.476288798115,0
True,3.52524009457394,0
True,0.599635492531181,0
True,1.10086703707663,0
True,3.60040448846864,0
True,1.27198169301763,0
True,0.801879740515325,0
True,2.70843483290086,0
True,2.51647594395757,0
True,2.87079609674846,0
True,1.28462094548973,0
True,1.98606972336528,0
True,2.60021632294904,0
True,3.06571537771523,0
True,1.86886636663087,0
True,0.663572263925427,0
True,2.84897773705819,0
True,2.13666963250553,0
True,2.88664776916454,0
True,2.0783723455072,0
True,0.793934881891902,0
True,1.08939428632331,0
True,1.15972189718672,0
True,1.68530990608075,0
True,0.443738866458428,0
True,1.02801033403147,0
True,2.17934782237388,0
True,1.13054057520176,0
True,1.52428661852562,0
True,1.70342286936265,0
True,1.40938410150725,0
True,1.15268603286018,0
True,2.66013729965903,0
True,3.32778257439856,0
True,2.70772651178468,0
True,0.567908042147828,0
True,2.44666549658988,0
True,1.67851781299316,0
True,1.2639739321109,0
True,1.98666742455861,0
True,2.1136123955416,0
True,1.52893835278238,0
True,1.45660564473824,0
True,1.01404736782668,0
True,1.50703150962204,0
True,1.52565502075882,0
True,1.28081351717442,0
True,1.88160230275443,0
True,2.11427053240438,0
True,1.78939002585391,0
True,2.00908906785345,0
True,1.92423347874006,0
False,2.29878332443335,8.8073507704237E-05
True,2.33056933356472,0
True,1.41206357156339,0
True,0.770232238513744,0
True,0.811774166608946,0
True,1.60083645034501,0
True,2.198054704721,0
True,1.00938877570733,0
True,2.51703038898156,0
True,1.74083333844583,0
True,3.67485227253298,0
True,3.92694833097334,0
True,4.16451802963871,0
True,4.44114718185108,0
True,4.0923289222445,0
True,0.592396110513666,0
True,2.68505546157293,0
True,1.10438275982845,0
True,3.0668737122165,0
True,4.08779280350741,0
True,2.9910545392213,0
True,0.973597827994951,0
True,1.3401852813015,0
True,1.41308008827081,0
True,0.797774288162396,0
True,1.60862790777757,0
True,1.28792241755486,0
True,2.07673844337073,0
True,1.52365015817068,0
True,1.52690115688003,0
True,1.17965573426786,0
True,1.79990158989387,0
True,1.96583790359235,0
True,1.68600351364504,0
True,1.83223804278868,0
True,1.71682058028183,0
True,1.96443433025863,0
True,1.63739512598218,0
True,1.22740553419806,0
True,1.99732056454879,0
True,1.96518877266462,0
True,3.40933349436307,0
True,3.85507308585896,0
True,4.52419392444156,0
True,3.29344167922252,0
False,0.910955466064738,0.000765737198997914
True,2.55958168430279,0
True,1.00700473494923,0
True,1.5389753953229,0
True,1.54981032650777,0
True,1.6505529571424,0
True,1.07738503786576,0
True,2.6048550684337,0
True,1.23009232555621,0
True,1.35311078399489,0
True,0.703557530291717,0
True,2.07205043075188,0
True,4.42422470668791,0
True,1.30894369733973,0
True,0.948429685533033,0
True,1.13572033441169,0
True,1.27138503624374,0
True,2.45149014381974,0
True,3.28174356243799,0
True,2.68550162768247,0
True,1.36688987984784,0
True,1.00303066441157,0
True,2.9890245063197,0
True,3.61174390956313,0
True,3.51772940364206,0
True,2.33652316570549,0
True,0.861149332356335,0
True,2.07256344072033,0
True,2.94904805847733,0
True,1.23435977058515,0
True,1.83832079077859,0
True,1.90405158244922,0
True,1.65091636332694,0
True,3.07088741945055,0
True,2.04666444343612,0
True,1.52578971034563,0
True,2.25884056596447,0
True,3.26170636999237,0
True,1.66476605903613,0
True,2.13003009790334,0
True,1.21901761796641,0
True,1.41655161283621,0
True,1.81391820075971,0
True,1.6869802959402,0
True,2.22786919853025,0
True,1.18331463663954,0
True,1.18354685405528,0
True,1.21735514051738,0
True,2.06749751150041,0
True,0.857170768468085,0
True,2.11653427153508,0
True,2.44263063353882,0
True,2.00031023868042,0
True,2.5275334218759,0
True,2.32277425356701,0
True,1.23266025214031,0
True,1.60652327505287,0
True,1.96979384768426,0
True,1.39821522620825,0
True,1.24295673225222,0
True,1.07863276153691,0
True,1.49405821166623,0
True,1.41771229084897,0
True,0.759930335748203,0
True,2.23088754534187,0
True,1.11027519507027,0
True,1.77190989131422,0
True,3.68095321879762,0
True,1.83716388308957,0
True,2.31991849941123,0
True,4.15017373549817,0
True,2.29665836436047,0
True,3.62440554180478,0
True,3.78512357543642,0
True,1.76659477043099,0
True,1.99082007503051,0
True,4.2078459937318,0
True,3.80015756584159,0
True,0.916714666683693,0
True,0.952456251000959,0
True,2.09785139865727,0
True,3.74616813673297,0
True,1.15722887517945,0
True,0.851592678207496,0
True,1.28866749736639,0
True,2.64271137390446,0
True,0.69439959170084,0
True,1.9685435341409,0
True,1.95526357822054,0
True,1.50440972241517,0
True,0.645391782051365,0
True,2.60535089649198,0
True,2.06370379534973,0
True,1.62248374748182,0
True,1.50779299276308,0
True,2.15322219894664,0
True,1.85994834584533,0
True,1.97171683315408,0
True,1.96589220990482,0
True,1.03681622908234,0
True,2.00263056530891,0
True,1.22124501966008,0
True,1.69883619581775,0
True,4.06520202794507,0
True,1.72657239193233,0
True,1.50096339761069,0
True,2.29961440986771,0
True,2.475647360472,0
True,1.49083169813096,0
True,1.42406185890889,0
True,1.58519175798564,0
True,2.63408786117532,0
True,1.30474222023278,0
True,2.54316192777684,0
True,1.51920205162161,0
True,1.63167107167374,0
True,2.20411379382323,0
True,1.56658753616607,0
True,1.14203855908432,0
True,1.85354233602147,0
True,2.15633211643275,0
True,2.55200751441177,0
True,1.73499814599467,0
True,1.82281329121457,0
True,2.72744587129267,0
True,1.21885936481791,0
True,1.42985979315208,0
True,1.57288614120053,0
True,3.37060702300854,0
True,2.21742436445796,0
True,1.05721280490844,0
True,2.24745486126185,0
True,1.00195312649403,0
True,1.90233305458309,0
True,1.33265519362984,0
True,1.61172681302914,0
True,1.59606531679701,0
True,1.36254478805731,0
True,2.2784159157425,0
True,2.05492287443824,0
True,0.861678140485828,0
True,1.14464875453866,0
True,2.05194572448552,0
True,1.56960306857281,0
True,2.69131600008637,0
True,2.26866611478617,0
True,1.04374680214901,0
True,2.91955490486348,0
True,3.78854320741447,0
True,0.876454380535126,0
True,1.18870824332221,0
True,1.73428625365906,0
True,2.30146640052496,0
True,2.32777234631398,0
True,0.940023950289387,0
True,3.16172431073722,0
True,2.46175521449978,0
True,0.867207686225472,0
True,1.03652077181942,0
True,2.15024854170035,0
True,2.78499399205829,0
True,1.92184270726457,0
True,2.02606304545064,0
True,1.71985947543612,0
True,2.57084863526704,0
True,2.19375916401853,0
True,2.45844305651877,0
True,1.44883235610375,0
True,2.27522321698746,0
True,1.88622921367542,0
True,1.25273778868337,0
True,3.30580194490972,0
True,1.9996397873522,0
True,1.71021886859575,0
True,1.26786296913456,0
True,1.18140787380739,0
True,1.2149619726564,0
True,1.44683693317067,0
True,2.93436375236753,0
True,0.937681240866284,0
True,2.74410186696486,0
True,1.75488767705045,0
True,3.40938791844092,0
True,4.14719437605273,0
True,1.51674449027602,0
True,1.33915483008885,0
True,2.84713043115402,0
True,3.5009501811191,0
True,1.61074652604225,0
True,1.5107371503989,0
True,2.29197299366608,0
True,1.95022858180883,0
True,2.40143774211535,0
True,1.40125662483612,0
True,1.6683400582489,0
True,1.73535885328618,0
True,4.56474233548625,0
True,2.35707404873814,0
True,1.1920812936604,0
True,2.7196448206254,0
True,0.900076134860513,0
True,2.00524657866257,0
True,2.58969807012478,0
True,2.03422298784115,0
True,3.2135542634124,0
True,1.24540068814222,0
True,3.11015040091824,0
True,1.18223558294246,0
True,2.63913319687982,0
True,2.24151910150482,0
True,1.36350275078625,0
True,1.66327041728499,0
True,1.71876050497898,0
True,1.73102406185701,0
True,0.415282937772296,0
True,0.80798597122964,0
True,1.80604773504675,0
True,1.5242818245532,0
True,1.18446941411597,0
True,2.32330576148925,0
True,2.26516223224173,0
True,3.90037609924471,0
True,4.22807881584256,0
True,1.88974545115149,0
True,3.17459022048628,0
True,1.95662485788065,0
True,1.38848454288164,0
True,2.2503288708856,0
True,1.44046334286034,0
True,1.92915657824741,0
True,1.68133783886335,0
True,3.25223917384597,0
True,4.12168342784522,0
True,3.3763638566688,0
True,4.01181886282636,0
True,2.25701727987282,0
True,2.54463403482107,0
True,1.7145112941939,0
True,1.00420119447744,0
True,1.63382555231036,0
True,3.09659743689969,0
True,1.73818289463467,0
True,1.59485562136186,0
True,2.05395093800292,0
True,2.39589860746759,0
True,2.11734223331929,0
True,2.60098944179158,0
True,2.10090786402199,0
True,1.85757917246439,0
True,1.7794277019454,0
True,2.86424432558142,0
True,0.885636620939087,0
True,1.28787542161084,0
True,2.14849946758635,0
True,2.55288329445968,0
True,1.87899844701706,0
True,1.26204072921561,0
True,1.69407141930783,0
True,1.1708084053479,0
True,1.11476209762126,0
True,0.646583960426518,0
True,2.48375211529487,0
True,0.935243509741368,0
True,1.67729698369046,0
True,1.48527001688813,0
True,0.782704618660779,0
True,1.34027226789541,0
True,1.00016880987202,0
True,1.16579814734402,0
True,0.942184352831403,0
True,1.49453065199717,0
True,1.71814124121677,0
True,1.29270698794455,0
True,2.34009261331779,0
True,1.22335035829022,0
True,2.18295084857997,0
True,3.17002891947783,0
True,1.63770925721356,0
True,3.3632176602361,0
True,1.4394069284054,0
True,1.3355996938963,0
True,0.987367521262985,0
True,1.3129395679829,0
True,0.972761671253642,0
True,1.73254678026943,0
True,1.24714277940634,0
True,2.55896332331764,0
True,0.871289424409674,0
True,1.22500998059754,0
True,1.97018120657423,0
True,1.52610738648345,0
True,1.21282582831542,0
True,1.63681046166866,0
True,2.01282822103494,0
True,1.47065352738287,0
True,1.55612452214705,0
True,1.54978184510498,0
True,1.10341936955733,0
True,1.5805828260043,0
True,0.511744643472897,0
True,0.960927255358456,0
True,2.42472399841513,0
True,2.75077496650212,0
True,0.840681609774065,0
True,1.29176073775787,0
True,0.886947788106374,0
True,2.3235834368693,0
True,2.77321740137921,0
True,4.30726723735941,0
True,1.59312782775593,0
True,2.44914691718185,0
True,1.52807585349829,0
True,2.02932707892928,0
True,1.93325974295203,0
True,2.5304789183862,0
True,1.12599485892046,0
True,0.562725304461189,0
True,2.50825066544293,0
True,3.8160816258996,0
True,3.6056782980931,0
True,1.35904568732862,0
True,1.59437929116603,0
True,2.43079409010322,0
True,2.41366349298286,0
True,1.59777751939388,0
True,2.83477726516706,0
True,1.16646807229632,0
True,1.34524785214766,0
True,1.31476364175383,0
True,4.03486963976783,0
True,1.66716004960464,0
True,3.47980044992582,0
True,1.96773517565194,0
True,3.57701988851029,0
True,1.54351075882953,0
True,2.02038953759122,0
True,1.75763461855132,0
True,1.42967103578259,0
True,2.27780778688035,0
True,1.17914070036695,0
True,1.21294868103485,0
True,1.90053068755293,0
True,1.80542602804874,0
True,2.01915482419736,0
True,0.993116803703754,0
True,2.76723113156754,0
True,2.50454139645369,0
True,1.55161497381776,0
True,1.34186754153669,0
True,1.36155219642004,0
True,2.23228874922006,0
True,1.8888627009391,0
True,1.15114830301707,0
True,0.923224776003763,0
True,1.92434778558187,0
True,2.88534538069103,0
True,1.61823917769424,0
True,2.07552994359905,0
True,1.89919193048159,0
True,3.56753425712366,0
True,3.04809115531663,0
True,2.06226766627508,0
True,1.51025653673282,0
True,2.70042354316682,0
True,2.20450476617952,0
True,1.41227699470548,0
True,1.77922908671511,0
True,1.43285210841393,0
True,1.54464138982066,0
True,1.44174170421654,0
True,1.65666075446477,0
True,1.74978982714267,0
True,4.28750987190856,0
True,2.03090448934069,0
True,1.81995818677449,0
True,1.22866405692288,0
True,1.1003350813898,0
True,2.20232022859288,0
True,2.61272305858516,0
True,2.06050113810356,0
True,1.89603056631597,0
True,1.07927084803736,0
True,0.769580337013882,0
True,1.93472002531146,0
True,2.22012092963523,0
True,1.78224088540075,0
True,1.49359342760945,0
True,1.31793402590626,0
True,1.90639562087482,0
True,2.84296550560557,0
True,2.22797555515922,0
True,1.66460647826704,0
True,1.80039889582302,0
True,1.30587755453211,0
True,3.10984852245686,0
True,1.90111143770063,0
True,2.28231353369027,0
True,2.74413489933325,0
True,1.38740076401591,0
True,1.24289021026101,0
True,2.53738750282511,0
True,2.03017153845393,0
True,1.967579784655,0
True,1.13031075446819,0
True,2.5957676977527,0
True,1.49451874211983,0
True,1.85663762055659,0
True,2.69779992681733,0
True,1.5682956165281,0
True,1.67013361620452,0
True,3.79465147278405,0
False,2.45388849057002,0.000221226070848201
True,2.22475273667401,0
True,2.80884623026456,0
True,1.80444028376811,0
True,1.03185989704282,0
True,1.2818620723138,0
True,0.797342787467264,0
True,3.88768857435271,0
True,3.52218751670519,0
True,1.13552229259686,0
True,2.16126783171218,0
True,1.51231892038007,0
True,1.63924813302942,0
True,4.07218108431121,0
True,3.89038559851219,0
True,1.79001513937049,0
True,2.01784709441777,0
True,1.29894719679792,0
True,1.33349669637621,0
True,0.9604130666272,0
True,1.91850418611294,0
True,2.08833545617945,0
True,1.13846731241975,0
True,1.78184115011017,0
True,2.77316816836518,0
True,1.51471473542406,0
True,1.02559123955004,0
True,4.17541216818913,0
True,1.20005311088081,0
True,2.27115509015795,0
True,1.41303632939158,0
True,1.10757007446038,0
True,1.74760096848928,0
True,1.0972359964794,0
True,3.15042652889365,0
True,3.21727713374987,0
True,1.79173655228584,0
True,3.62540818630088,0
True,1.64208336931007,0
True,1.10852903690986,0
True,1.2236541658298,0
True,1.03687918952917,0
True,3.17281136163227,0
True,2.85444252925167,0
True,1.90256484716994,0
True,1.86531137764419,0
True,2.10123895163302,0
True,1.88068850448299,0
True,1.82329113613058,0
True,2.23380996951412,0
True,3.15105458450223,0
True,2.4359073309606,0
True,2.36095854858247,0
True,3.50610096901728,0
True,1.21973408603085,0
True,2.54138927202412,0
True,1.77456749995434,0
True,1.84221707483603,0
True,2.78741246302297,0
True,3.52279965055336,0
True,0.938775967638333,0
True,1.13812994234041,0
True,0.831560881468742,0
True,4.02681762410728,0
True,4.29982678680118,0
True,3.00966653186757,0
True,3.05186892503977,0
True,2.68191563442362,0
True,2.61939386213287,0
True,2.16271901986238,0
True,2.15929626815424,0
True,1.4466713577174,0
True,0.826352162557042,0
True,0.941087734958254,0
True,1.14758213555532,0
True,1.31618057231574,0
True,1.82210296422405,0
True,2.64455615533713,0
False,2.40241774871541,0.000171471280999528
True,2.66135161309286,0
True,3.19647079274994,0
True,0.735494811799505,0
True,2.53967812643675,0
True,1.33341330711369,0
True,3.38550130012663,0
True,3.77951564384131,0
True,3.39819323040021,0
True,1.50415047505445,0
True,3.14866971332056,0
True,3.67941776635935,0
True,1.67250289956252,0
True,1.6894388872598,0
True,1.03708027488699,0
True,1.79289563660401,0
True,1.44006431289271,0
True,3.99789453236899,0
True,1.5510487076863,0
True,1.73600846700761,0
True,2.18741043338047,0
True,0.923183911838205,0
True,3.08498449219961,0
True,3.05064049635231,0
True,1.72591047685561,0
True,2.39209120971774,0
True,2.27829462415103,0
True,1.00658983801998,0
True,1.91825579219726,0
True,1.7159219955252,0
True,1.39837512477784,0
True,1.09139933651728,0
True,1.48543244190324,0
True,1.40748239191468,0
True,1.28910853836237,0
True,2.37366882144059,0
True,1.06897869680707,0
True,1.57488766338143,0
True,2.36235904155583,0
True,0.332304508882687,0
True,1.92180561543979,0
True,2.65903683752566,0
True,0.834300294685093,0
True,1.76871844921651,0
True,2.41470165380358,0
True,2.47973956839951,0
True,1.74355716747673,0
True,0.830327123607625,0
True,2.40916843652407,0
True,4.27154850676975,0
True,1.80070774203994,0
True,2.78125419871673,0
True,1.39432531211805,0
True,0.866444836998401,0
True,1.56091435838747,0
True,1.21072951982157,0
True,1.16168618381179,0
True,2.43963849403412,0
True,2.47036304978711,0
True,2.61813669037315,0
True,2.99458333160859,0
True,2.14375271191492,0
True,1.67473211005173,0
True,1.36141356339932,0
True,2.39489173841481,0
True,2.24861020421899,0
True,1.67923114357641,0
True,1.72878985185742,0
True,1.41001740411947,0
True,1.7176985863577,0
True,2.49794884308879,0
True,4.01559556984473,0
True,1.02123144978911,0
True,2.04140030783017,0
True,2.32160960883087,0
True,2.9119925692176,0
True,3.51426685633985,0
True,3.3760765064503,0
True,3.70471553449458,0
True,3.63384958898653,0
True,2.09183574315851,0
True,1.28275128497994,0
True,1.74070991500896,0
True,2.68210386824264,0
True,2.71862035966125,0
True,2.41507670383052,0
True,1.47428637679292,0
True,3.36233419526713,0
True,1.96916866760392,0
True,1.42227710276747,0
True,1.95148153368647,0
True,1.5995378801512,0
True,0.83783672792934,0
True,1.31312995133206,0
True,1.76606064885582,0
True,3.05554368922853,0
True,1.79211967425994,0
True,1.73486988882745,0
True,2.27293695979116,0
True,2.46185441229806,0
True,0.659056897896985,0
True,1.36185017232688,0
True,1.46433855496078,0
True,1.44479307694935,0
True,3.55582090235978,0
True,1.706451803799,0
True,1.91512678871018,0
True,3.43336334286439,0
True,2.30462260272629,0
True,2.36643355014119,0
True,2.13412426043265,0
True,1.62776674737135,0
True,1.48192468934224,0
True,1.24448924530701,0
True,1.19026864775534,0
True,1.14833448843806,0
True,1.92832156946184,0
True,1.65266280822852,0
True,3.57088105627905,0
True,2.98321753769589,0
True,2.68006618842937,0
True,0.703941771520328,0
True,2.04767580817194,0
True,2.76234685461461,0
True,2.30867815560259,0
True,1.68816008773894,0
True,1.70436284468242,0
True,2.54489386590705,0
True,2.856164736217,0
True,2.90805693041973,0
True,2.12733429326925,0
True,1.07604546480305,0
True,1.33383550764317,0
True,2.36717890636982,0
True,0.771024055223765,0
True,0.632031124272206,0
True,1.89398590148985,0
True,1.10264116107298,0
True,3.4581400102434,0
True,1.88794700394086,0
True,1.27897768270219,0
True,1.65592081435059,0
True,1.21174877789636,0
True,3.39859202870784,0
True,2.73265130646491,0
True,1.5428529842164,0
True,2.80601298195537,0
True,2.5090204423029,0
True,1.75071658858377,0
True,2.10532241042695,0
True,1.94616735400796,0
True,0.956098008558518,0
True,1.85650482201253,0
True,1.84736663223245,0
True,1.58050421215771,0
True,1.17923107878124,0
True,1.10525600299014,0
True,1.47079690800281,0
True,2.45212257300263,0
True,3.64092519916519,0
True,1.72733356097945,0
True,1.21258676342667,0
True,2.38739546523659,0
True,1.76523870616931,0
True,2.92113046959632,0
True,2.3148604800887,0
True,1.40468931536884,0
True,0.860630970136485,0
True,3.07457543698071,0
True,1.55875915495052,0
True,1.0998919841657,0
True,1.73437397415345,0
True,0.383147053247009,0
True,1.95296731342376,0
True,2.03720553072177,0
True,4.01788310511763,0
True,2.00213976141911,0
True,2.42556069389856,0
True,1.31401839798896,0
True,1.30549425271887,0
True,2.9455918901465,0
True,2.10215841528196,0
True,1.50481958521697,0
True,2.05754622720691,0
True,2.22925564176732,0
True,1.57998009401567,0
True,2.268505965343,0
True,3.77826828284816,0
True,2.33304112548339,0
True,0.624480555003785,0
True,2.1966615861342,0
True,0.931458835054852,0
True,1.21451543855012,0
True,1.5639051599403,0
True,2.66871398292268,0
True,1.39742006590675,0
True,3.83085668114571,0
True,0.912152952491985,0
True,1.60679688138884,0
True,0.846367520465102,0
True,2.93122214274619,0
True,2.39556464262359,0
True,2.19067367373184,0
True,1.93655397021191,0
True,1.88837440973241,0
True,2.20603820831633,0
True,1.66746394588501,0
True,2.84768841122669,0
True,1.18613640119315,0
True,1.34196034172175,0
True,1.04899493406512,0
True,1.85879089625689,0
True,0.648410852179218,0
True,1.48979049300015,0
True,2.53463187268391,0
True,1.23134929518806,0
True,1.62413505452351,0
True,1.21564492936126,0
True,1.2222251254549,0
True,2.94475763230472,0
True,1.91892097587806,0
True,2.97829445707138,0
True,1.03835300570701,0
True,0.77484692530713,0
True,0.847542472285693,0
True,1.12825351457964,0
True,2.8085481498901,0
True,1.29120810610092,0
True,1.48238589068262,0
True,1.49682595967037,0
True,2.31479541166128,0
True,1.56446372193023,0
True,1.32004443477713,0
True,1.52925376336429,0
True,1.86767014673786,0
True,1.56716654055456,0
True,1.285139225364,0
True,1.51467917678352,0
True,2.80117550891068,0
True,1.11439566094166,0
True,1.82294816579523,0
True,2.50597276095976,0
True,1.14190436901885,0
True,3.39939993764819,0
True,3.49138852589386,0
True,1.93225621863814,0
True,3.21731009345969,0
True,3.33973736542331,0
True,1.71869489467023,0
True,1.33185006307594,0
True,3.3742122617641,0
True,2.1689684015688,0
True,1.59701809280939,0
True,1.10461130506932,0
True,2.21472749416022,0
True,1.2961949089206,0
True,1.65114040678972,0
True,2.61721232054259,0
True,2.97264773185323,0
True,1.44778443338734,0
True,1.38301610732387,0
True,1.83413183127258,0
True,1.15475491610928,0
True,1.78425203238232,0
True,1.1062719179938,0
True,1.49083767946178,0
True,2.23648282712949,0
True,1.73237089961955,0
True,1.4769128576125,0
True,1.81599401052858,0
True,1.31710231635588,0
True,2.00323862665563,0
True,1.60495686362932,0
True,1.44630501958838,0
True,2.16606406714109,0
True,3.8291923449425,0
True,2.75432073457724,0
True,0.966091600505996,0
True,1.14746174118261,0
True,0.932347456716016,0
True,1.19434810722797,0
True,1.53691132821948,0
True,2.05086934713481,0
True,1.01536112574888,0
True,1.19074936548267,0
True,2.05281419972397,0
True,1.62628252336441,0
True,1.07881417581489,0
True,0.898935819314963,0
True,1.43064308686051,0
True,1.28378507210118,0
True,3.39345292049506,0
True,0.729235119843481,0
True,3.85615545162868,0
True,1.92551510181537,0
True,3.91559201388572,0
True,3.83218025590225,0
True,1.87751532004518,0
True,1.8652775019063,0
True,1.065405867203,0
True,1.56620484135472,0
True,1.36121384256149,0
True,1.83222276783275,0
True,3.16451426720399,0
True,4.68098766173129,0
True,1.16337054429986,0
True,2.87673476840564,0
True,3.60802857927651,0
True,4.07978684503449,0
True,1.06304392684616,0
True,0.853189890431832,0
True,0.742820851978519,0
True,2.2543731167963,0
True,1.41270731699761,0
True,1.37282074239787,0
True,2.47146924164053,0
True,1.6426890372982,0
True,1.90905196775032,0
True,2.87186662863153,0
True,2.87864614744675,0
True,0.664994613969791,0
True,3.02203529360802,0
True,1.180777764859,0
True,2.16233061132528,0
True,1.73280735224616,0
True,2.32361672813486,0
True,2.52145094942132,0
True,1.96880756736716,0
True,1.77507891674821,0
True,1.83713750504205,0
True,1.29805834313885,0
True,1.7562903208156,0
True,1.46965703417506,0
True,0.936165954237366,0
True,2.11198248235875,0
True,3.54579755534104,0
True,4.42242585654698,0
True,2.04951315221573,0
True,1.27588697620297,0
True,2.09651146424939,0
True,2.31560047365048,0
True,2.13414401675542,0
True,1.06546681878812,0
True,2.83243840753039,0
True,1.99649736114188,0
True,2.01091801258494,0
True,1.31422233096324,0
True,1.28416790819413,0
True,1.44671357933411,0
True,1.40825126392318,0
True,1.69471996386525,0
True,1.25527334793342,0
True,1.39844447422839,0
True,0.720867920890628,0
True,1.92324641588937,0
True,1.64797568689503,0
True,2.15667904108832,0
True,2.17094318527096,0
True,0.757828265832814,0
True,2.47212888315289,0
True,2.81531367274141,0
True,1.25257390435193,0
True,1.83397933804739,0
True,1.15994344519806,0
True,2.20724058814221,0
True,1.49347150996101,0
True,2.2616641473521,0
True,1.51659778830784,0
True,0.797036492846989,0
True,1.24508323269094,0
True,1.33865267537307,0
True,1.51079354798433,0
True,2.35853389288196,0
True,1.65680560979169,0
True,0.969134591682264,0
True,2.52685159392723,0
True,2.52169528499513,0
True,1.25987637808219,0
True,2.43425549364446,0
True,3.14005346067713,0
True,3.565859191618,0
True,4.24738607109893,0
True,1.55701557401012,0
True,0.707480343142325,0
True,1.53120644364969,0
True,2.17253708511277,0
True,1.82714725642887,0
True,2.88250349068321,0
True,1.24587052663702,0
True,2.49936203245301,0
True,1.4174876414076,0
True,2.30274073604282,0
True,2.97136863178677,0
True,2.14188884912648,0
True,3.4659209488609,0
True,4.27605538929481,0
True,0.811733832272926,0
True,3.63742754985504,0
True,2.84024365464946,0
True,2.11804245524418,0
True,1.14274908349512,0
True,1.28922346665741,0
True,1.80711853114225,0
True,1.56435713127559,0
True,4.07177259984581,0
True,3.60233797406151,0
True,3.63620208326432,0
True,1.71554637057938,0
True,2.27950753268242,0
True,2.56929013988698,0
True,2.43237500036612,0
True,1.962313260617,0
True,1.39469499882943,0
True,1.55877914015877,0
True,1.87044301895021,0
True,1.75756259189098,0
True,0.915850518698281,0
True,2.94847974587665,0
True,2.54262671828492,0
True,3.51120040175193,0
True,2.31379580242371,0
True,2.03378770178824,0
True,1.21618818111372,0
True,2.44130891923323,0
True,2.15271641053283,0
True,1.12538005887956,0
True,3.74808508939174,0
True,1.9439953472011,0
True,1.16699151791373,0
True,1.94168239618856,0
True,1.63356394721668,0
True,2.55958697205464,0
True,2.01866829568599,0
True,0.965302111148677,0
True,0.951692204275531,0
True,2.30354856040113,0
True,2.24932823299173,0
True,2.92179666944474,0
True,1.59392790017361,0
True,2.80318117690619,0
True,3.10676202049047,0
True,1.53222214244908,0
True,3.16159599997624,0
True,2.00773200036032,0
True,2.78401793115003,0
True,1.38365873434763,0
True,0.914418189861841,0
True,2.03963909329238,0
True,4.18910035775005,0
True,1.72804779506066,0
True,3.50603161981168,0
True,2.09828509655538,0
True,0.773047412606694,0
True,1.38130632958673,0
True,0.932583774696605,0
True,1.14011398950102,0
True,3.19752047446003,0
True,1.83117897888355,0
True,1.85233365923928,0
True,1.72577992117313,0
True,1.85491706013112,0
True,1.69175929513469,0
True,2.6381543882067,0
True,2.810104982055,0
True,1.05646464121947,0
True,1.87909801106119,0
True,1.64692319592507,0
True,2.06771044312818,0
True,1.61857813125511,0
True,2.75082553713047,0
True,4.27533389641528,0
True,1.28333794946213,0
True,2.6863665538376,0
True,0.915105389887542,0
True,3.36451116850923,0
True,1.93577089853718,0
True,3.01880438581277,0
True,1.79045742726811,0
True,3.34899020544966,0
True,2.82801990246557,0
True,2.86828088545708,0
True,2.28016910197047,0
True,2.18123568698075,0
True,2.9049918680348,0
True,1.55565144592696,0
True,0.936467004782068,0
True,2.04781135598148,0
True,1.39156639220041,0
True,1.72205707603276,0
True,2.6472368662438,0
True,1.19509676793301,0
True,0.976062793378663,0
True,1.75517017448308,0
True,1.67854103261497,0
True,2.21860911347122,0
True,1.12374317334131,0
True,0.58479093523717,0
True,2.33024039858944,0
True,2.20496474888276,0
True,2.08283254690948,0
True,2.06596795625982,0
True,1.786291784758,0
True,4.2264204504584,0
True,1.99963107835467,0
True,2.70914222065987,0
True,2.34630775606041,0
True,1.23172269571121,0
True,1.39757406907327,0
True,1.19862110661219,0
True,0.710011780440341,0
True,3.22531914316387,0
True,1.55316360250003,0
True,1.71886906496922,0
True,1.68319986280842,0
True,1.3484598209213,0
True,1.55649709693552,0
True,1.68410104802342,0
True,1.76986046286235,0
True,2.38561415139834,0
True,1.92579735791458,0
True,0.96893053153103,0
True,1.60412594006247,0
True,1.62254458629808,0
True,2.53146130706119,0
True,2.45197925424123,0
True,2.07134210440683,0
True,2.5051424874001,0
True,1.58177588218531,0
True,1.84135267568795,0
True,2.67744298136455,0
True,2.89836504429864,0
True,1.82198276614502,0
True,2.39072879299459,0
True,0.812904299444028,0
True,2.0933753646987,0
True,1.39019200179417,0
True,1.69013267667466,0
True,1.99759214372006,0
False,2.07729040452735,7.99353867642138E-05
True,2.73730594037725,0
True,0.836563005477631,0
True,2.51999861786951,0
True,3.02012362658914,0
True,2.59481827636498,0
True,1.08516816847407,0
True,2.19467067701556,0
True,1.01956257194549,0
True,1.56765392637589,0
True,1.1676131022996,0
True,3.01336916991266,0
True,2.10067915910765,0
True,1.41890042390767,0
True,2.18897161943451,0
True,0.883584623707549,0
True,3.94987256389757,0
True,1.0535734613396,0
True,2.23502674645174,0
True,1.27261511006884,0
True,2.70717509646641,0
True,1.8539843569163,0
True,1.40254816515435,0
True,2.19343696581405,0
True,1.53170705833026,0
True,3.41858266587062,0
True,4.14512284250868,0
True,3.65295266155273,0
True,1.50457328605517,0
True,1.57095207522638,0
True,1.31910468382298,0
True,2.05526888521871,0
True,1.99002603462759,0
True,1.97225298879004,0
True,1.96140068112141,0
True,0.754805680957741,0
True,0.865139099641522,0
True,1.31430209856417,0
True,2.20764714836594,0
True,0.995354878884112,0
True,1.35110794204235,0
True,2.23644530438401,0
True,0.885410503108198,0
True,2.75893173890788,0
True,1.38397993398035,0
False,2.20312883965652,0.000668202543638798
True,2.29664411643726,0
True,3.10705548542814,0
True,1.54139806952433,0
True,1.02141752495377,0
True,1.53582356555273,0
True,1.3675512058658,0
True,3.29162123886263,0
True,0.925414069587971,0
True,1.45604106021612,0
True,1.5770947036662,0
True,1.30789538801258,0
True,1.04756517275506,0
True,1.21953497169899,0
True,2.02197274762986,0
True,3.34014583388939,0
True,2.46526273906952,0
True,1.78395616417625,0
True,1.81089091105954,0
True,1.55198677247755,0
True,2.1686909117828,0
True,0.853277625127779,0
True,1.73001103308926,0
True,2.56826730200792,0
True,1.70064295133039,0
True,3.87542408345381,0
True,0.718076584014004,0
True,2.32692286026007,0
True,1.30440523360767,0
True,1.15161063673785,0
True,4.30053515755471,0
True,2.00431470710898,0
True,1.4357939013492,0
True,2.86955049095656,0
True,3.14523707988183,0
True,1.78263744421715,0
True,2.1518118692238,0
True,1.86395056613019,0
True,2.74659402834513,0
True,3.23037322166212,0
True,0.602525644699533,0
True,2.48438929755527,0
True,1.55504201508177,0
True,1.62642425147067,0
True,2.56587174395694,0
True,0.89921679229232,0
True,2.17595910968184,0
True,2.89908629567926,0
True,2.13806854879066,0
True,1.97666969158176,0
True,1.5496665578219,0
True,0.976289565188289,0
True,1.2554966486702,0
True,1.91197286940445,0
True,2.1951946783072,0
True,2.64078982212695,0
True,1.50478959656107,0
True,2.1537682682377,0
True,1.6081256531676,0
True,1.99995346535337,0
True,1.74690698944713,0
True,1.24732871634755,0
True,2.38002760710479,0
True,1.75916934464723,0
True,1.33970756191525,0
True,3.72036088102426,0
True,2.48066986510012,0
True,2.34563672520238,0
True,1.69840349231737,0
True,1.10645028306108,0
True,1.68349146318883,0
True,1.82470723531485,0
True,1.19939788757957,0
True,1.71405354804518,0
True,2.56310224660714,0
True,1.17805387421722,0
True,1.90005722878978,0
True,2.20627024848413,0
True,1.71787236810021,0
True,2.75403584117235,0
True,0.851989289552213,0
True,1.28458057041167,0
True,0.915446417750158,0
True,4.10035711508808,0
True,3.45124127631949,0
True,1.06511681412047,0
True,1.71800923245634,0
True,4.08582412290961,0
True,3.04105242814797,0
True,1.87350501513789,0
True,1.90790847032159,0
True,1.79695638852451,0
False,2.81439935249625,0.000905107938646921
True,3.15274614551595,0
True,1.38607396810514,0
True,1.31617191517449,0
True,1.02960443249623,0
True,3.034763685591,0
True,2.20092797146038,0
True,1.13774551453331,0
True,2.21479872526193,0
True,1.17616564429227,0
True,1.4218288382115,0
True,1.66606271937194,0
True,2.5288004031369,0
True,2.54837003712047,0
True,3.10620635168271,0
True,0.895201094400605,0
True,0.46965410057754,0
True,1.4337581227858,0
True,1.89355316165636,0
True,1.62436655876388,0
True,1.53681034045606,0
True,2.63382616894773,0
True,2.46508378615224,0
True,1.06899879990773,0
True,2.43558543335579,0
True,4.13370719336126,0
True,2.49057874910195,0
True,1.44928603990476,0
True,2.75131506300688,0
True,0.895373357786412,0
True,0.682767497972151,0
True,2.1345390818569,0
True,1.84952183795444,0
True,0.872111035805328,0
True,3.53557677207161,0
True,2.66924118238102,0
True,2.10502885864528,0
True,2.6812203513946,0
True,4.28093567525823,0
True,1.92096387901743,0
True,1.65189576973989,0
True,1.93469323565101,0
True,4.21065168300674,0
True,1.72871359338153,0
True,1.65155792035733,0
True,2.80448928701636,0
True,3.06030811166369,0
True,2.84199630820796,0
True,1.28181513239935,0
True,2.07987086026204,0
True,1.033609593935,0
True,1.40793848515658,0
True,1.99787943484393,0
True,2.35783478040256,0
True,2.29253697759306,0
True,1.65271411974737,0
True,0.863445912776348,0
True,2.2430443603539,0
True,2.09064275972971,0
True,1.00970531268443,0
True,1.55146219280101,0
True,0.899296215343528,0
True,1.49974761857869,0
True,2.24772213422621,0
True,1.93546304395693,0
True,3.07911755098087,0
True,1.28544577403181,0
True,2.34067014738324,0
True,1.59335586814055,0
True,1.36052699381963,0
True,1.23599183158404,0
True,2.01740134752779,0
True,1.81156916224302,0
True,2.28144359280301,0
True,1.62116675345601,0
True,0.963455039332197,0
True,1.09388612647755,0
True,0.711215398952279,0
True,1.76575201996738,0
True,2.26282303587043,0
True,1.23541941414004,0
True,3.28640578808906,0
True,3.78633033270102,0
True,3.83497386518662,0
True,2.30278333539967,0
True,1.41489331293293,0
True,1.08432180327087,0
True,1.4002725376627,0
True,1.5449664377383,0
True,1.58524551400095,0
True,2.79189254364177,0
False,1.44352504679861,0.000201262125477768
True,1.70767620581876,0
True,2.80839594932213,0
True,1.12664565962615,0
True,0.890392001324227,0
True,0.661339170356023,0
True,1.72603964729044,0
True,1.43452905790539,0
True,1.55096722832539,0
True,1.04573741191125,0
True,3.38102190373526,0
True,1.12467648660127,0
True,1.65334752910418,0
True,2.10917777132223,0
True,2.96336702795339,0
True,1.17370329227817,0
True,2.34498744021629,0
True,3.24206198410901,0
True,2.39011813880122,0
True,2.14847355767822,0
True,1.51433020030845,0
True,1.10855762414411,0
True,2.32006699715394,0
True,1.27399801209726,0
True,1.5055302181815,0
True,2.26332282357543,0
True,2.72291878224576,0
True,2.21715883864111,0
True,1.96544395826142,0
True,3.22492567184303,0
True,1.82087910043348,0
True,4.20739754560146,0
False,4.64186614327219,0.000517959463014647
True,3.81637446101654,0
True,2.61162710112844,0
True,2.17151040659803,0
True,0.487204587896528,0
True,2.90607037655849,0
True,2.5423871342022,0
True,1.26966267004117,0
True,1.89230996574791,0
True,3.85210480934047,0
True,1.60586566215155,0
True,1.54152375361852,0
True,1.92742673296775,0
True,2.1088699497736,0
True,3.23029873990152,0
True,0.888590310537397,0
True,1.12612078252375,0
True,2.15091426975957,0
True,2.15709001659674,0
True,1.40370046239412,0
True,1.74677498054357,0
True,1.60350828862353,0
True,1.01163762793733,0
True,4.14997709322677,0
True,2.77664996411106,0
True,1.37934612154526,0
True,1.67818344301282,0
True,1.3930555475203,0
True,1.93874014767565,0
True,1.70901773108363,0
True,2.18897952244467,0
True,2.45233187783453,0
True,1.18818020449537,0
True,2.72079295200681,0
True,1.89692028629722,0
True,2.0634917492087,0
True,3.05395536719396,0
True,2.41505154254987,0
True,1.5642260251174,0
True,2.66319213057155,0
True,1.77147339302144,0
True,1.37124761646253,0
True,1.40456039923618,0
True,2.13598773115161,0
True,2.3351214539841,0
True,0.96049000860668,0
True,2.878217131531,0
True,4.61380916461003,0
True,1.63875199524063,0
True,2.08413271795252,0
True,2.76369007975619,0
True,1.40750936668103,0
True,2.28707995664636,0
True,0.934138365921677,0
True,3.449040658278,0
True,3.68142648967104,0
True,1.97615566967311,0
True,1.43339116834876,0
True,1.69669687964376,0
True,1.32630824243094,0
True,2.4273150984171,0
True,2.18285569415397,0
True,3.84918585251377,0
True,3.8454047495052,0
True,1.19938542875047,0
True,1.00393481053665,0
True,3.60848353057036,0
True,3.92237344349284,0
True,0.766468066263662,0
True,3.73794749888094,0
True,0.916647080030174,0
True,1.93041884954947,0
True,1.482706451761,0
True,1.74621071389615,0
True,1.78463702449182,0
True,2.39030385822707,0
True,1.3305153702155,0
True,1.24217604976475,0
True,1.57513543112156,0
True,1.25637294835338,0
True,2.61223124536838,0
True,2.08846883625488,0
True,1.79306499119808,0
True,1.65704312117052,0
True,2.0816773341611,0
True,2.66409339021197,0
True,1.4405778549863,0
True,1.53526317028226,0
True,4.00401730787558,0
True,2.7302026957236,0
True,1.39710988591471,0
True,1.82649332048366,0
True,0.616901678772185,0
True,1.75328814242252,0
True,1.36258228485544,0
True,1.88080087338887,0
True,2.26980294953389,0
True,3.50703603857789,0
True,1.61392412996085,0
True,2.14237420132049,0
True,2.67440154408759,0
True,1.13343632829147,0
True,1.57625882866136,0
True,1.96684875585556,0
True,2.51996184783375,0
True,1.52918734242562,0
True,2.40453789588122,0
True,1.84321445909881,0
True,0.863075773172985,0
True,2.99146723021121,0
True,0.864392327718722,0
True,2.06664378445126,0
True,3.09138670663665,0
True,1.33806949367685,0
True,1.68355405268089,0
True,1.52330400232505,0
True,3.31846498181903,0
True,2.50959175663797,0
True,2.56447305686887,0
True,1.91603729988222,0
True,2.14041826106487,0
True,2.00358209198267,0
True,1.99726343527736,0
True,0.822450671025149,0
True,3.98474816843799,0
True,3.11811220467975,0
True,2.70514876458155,0
True,2.2665014742536,0
True,3.06615937969052,0
True,3.24583235874787,0
True,3.45310457416443,0
True,1.01284660598818,0
True,3.82251317986454,0
True,1.58044541838731,0
True,2.9793557907967,0
True,2.51966892087476,0
True,1.99089216527051,0
True,2.9989895094895,0
True,3.02948473597801,0
True,1.08413051327771,0
True,0.815340984839787,0
True,1.99464492326813,0
True,2.29240723952647,0
True,1.4986990261976,0
True,0.489771348403736,0
True,1.3531871668086,0
True,2.34396493005148,0
True,1.80097710353044,0
True,1.37507679095754,0
True,0.938649623301102,0
True,0.964997012320487,0
True,1.64877987014169,0
True,1.10658985738919,0
True,1.15520598392586,0
True,1.43762978663541,0
True,1.54949784122553,0
True,2.71165563849258,0
True,3.76507654115392,0
True,2.94337565402559,0
True,1.35314054719928,0
True,1.62732228933155,0
True,2.18879604282334,0
True,1.35233613435838,0
True,1.34082098131752,0
True,0.830292496307258,0
True,1.63441949167364,0
True,1.09049306770101,0
True,1.17823598180033,0
True,1.04590473097874,0
True,1.02182599927209,0
True,1.7090246940871,0
True,2.02161226466952,0
True,0.668372539057644,0
True,1.14990326008463,0
True,4.25611079760169,0
True,1.42011184453033,0
True,1.76924370685822,0
True,1.13722941183818,0
True,1.65526549058837,0
True,2.04959114056196,0
True,1.63628472981082,0
True,1.08391943552367,0
False,2.56220918180337,0.000127760103233923
True,2.50220593561323,0
True,1.26022324723253,0
True,1.76977264990974,0
True,1.64614409605546,0
True,3.53146970997961,0
True,4.12006078951818,0
True,2.88049076882161,0
True,1.58343038698896,0
True,1.58797432688742,0
True,1.84358095609264,0
True,1.21174363238197,0
True,0.980980072582344,0
True,3.10390975281658,0
True,2.56213758251893,0
True,2.81285815436341,0
True,1.28433433123776,0
True,2.34411429141472,0
True,2.37140237559988,0
True,1.70276926981722,0
True,0.941983390673392,0
True,2.66645801403969,0
True,2.37335445510264,0
True,1.22590603679704,0
True,2.93671002505138,0
True,2.01831405923732,0
True,3.35844502344504,0
True,3.53751668279809,0
True,1.4194550326158,0
True,1.38239844808051,0
True,1.67734815981199,0
True,3.92420318746813,0
True,1.0283930326692,0
True,2.94055872750093,0
True,1.54178259307788,0
True,3.85012264294022,0
True,1.68385780159719,0
True,1.28946021746293,0
True,1.08772528262705,0
True,2.50171234453445,0
True,2.21135424985337,0
True,1.05611233998497,0
True,0.962405787941078,0
True,1.64070408917768,0
True,1.86657845249885,0
True,1.47579276914866,0
True,1.91195504808148,0
True,3.20240184229364,0
True,0.87591857700857,0
True,1.21823466467396,0
True,2.23371401425245,0
True,1.66107072466336,0
True,1.38503818098553,0
True,1.30483953240548,0
True,0.927446753449464,0
True,3.2314809822695,0
True,1.08532710439483,0
True,1.76125104987032,0
True,1.01415551515578,0
True,1.25900096513087,0
True,1.27529639585375,0
True,3.42080277425952,0
True,2.18327480555692,0
False,4.29617153325699,0.000702031658094295
True,1.13866377677642,0
True,2.23575085188188,0
True,3.73836689443894,0
True,3.17305021144455,0
True,1.85423920219204,0
True,2.10125859355497,0
True,3.08842004610005,0
True,2.35824297254567,0
True,3.55402888867111,0
True,3.55372831444011,0
True,3.31736964943474,0
True,3.43545504429775,0
True,1.54401678640416,0
True,2.74771677755206,0
True,1.08136406425388,0
True,0.744817403316549,0
True,1.53359646983066,0
True,2.64431876073877,0
True,0.800035593658979,0
True,2.64657134096325,0
True,2.36005132112974,0
True,2.41462937944255,0
True,1.77638887582469,0
True,0.944155954882769,0
True,2.35728426180294,0
True,2.07705645414769,0
True,1.59539502771759,0
True,1.89275900359083,0
True,0.967091420775168,0
True,2.24115090609449,0
True,1.97753457825166,0
True,1.97617434711172,0
True,1.10223503427476,0
True,1.08904130168089,0
True,1.52532176963106,0
True,1.93189179357455,0
True,1.84308176221092,0
True,0.873685862619949,0
True,1.11814870364762,0
True,3.51661931372376,0
True,4.11629752457165,0
True,0.873165080701471,0
True,2.04727832321311,0
True,2.12962170005101,0
True,2.13610724766242,0
True,0.908425820379144,0
True,2.83046830542354,0
True,3.459167630201,0
True,1.42472797061148,0
True,2.30679901968934,0
True,1.88487199194595,0
True,1.87481954776456,0
True,2.0152703046209,0
True,2.53843309071147,0
True,2.69019924822528,0
True,2.38945322904932,0
True,2.07072601723881,0
True,1.46011778549347,0
True,2.41413063695027,0
True,1.85752306441944,0
True,2.91633242611944,0
True,1.96612627159972,0
True,0.95969216811595,0
True,2.196756026372,0
True,0.880086235878858,0
True,2.67864863844392,0
True,1.34261699951752,0
True,1.12637090255506,0
True,2.26516043696525,0
True,3.32705179925927,0
True,3.78497666600349,0
True,2.04804433818018,0
True,4.08864285942863,0
True,3.31059091141552,0
True,2.469752179746,0
True,2.40610226385365,0
True,1.90597790479415,0
True,2.07086062749995,0
True,2.33075474815236,0
True,3.8418075290622,0
True,2.49373586720282,0
True,1.12297934735156,0
True,1.20238360470516,0
True,2.26879254802047,0
True,3.48619535585407,0
True,3.98885657383092,0
True,0.994968829099129,0
True,1.48304766580125,0
True,1.40026023499701,0
True,0.987536097168201,0
True,2.17044910273995,0
True,1.5674041281988,0
True,2.47543891073064,0
True,1.07948045667163,0
True,1.1271712976919,0
True,3.73201465453255,0
True,2.34529765651553,0
True,2.63977801944242,0
True,1.19004648651086,0
True,1.73475379654401,0
True,1.43738554721473,0
True,1.82344339368571,0
True,1.67114622793862,0
True,1.3310602972997,0
True,1.82859222886832,0
True,2.51724874023497,0
True,1.15578702630586,0
True,2.01783304245843,0
True,1.92905740562678,0
True,1.15223646424826,0
True,2.08092463046997,0
True,1.58479761661282,0
True,2.94680336910897,0
True,3.59519075052305,0
True,1.89348456687069,0
True,1.9802600073828,0
True,2.08851464302962,0
True,2.43739686233252,0
True,0.793283831105007,0
True,1.24657718016215,0
True,1.04209780241634,0
True,1.675887899892,0
True,1.52020824924019,0
True,1.66133644979173,0
True,2.03375205502407,0
True,2.18011225747385,0
True,1.56492320802271,0
True,1.24071321099742,0
True,2.13023056060355,0
True,2.23675277604543,0
True,1.20508250996996,0
True,1.11447571319586,0
True,2.34767251751052,0
True,2.96045788722182,0
True,1.22524697868341,0
True,1.32479232980197,0
True,1.45584234864517,0
True,1.780655903153,0
True,1.80382624870853,0
True,2.28269028548649,0
True,4.3445660458799,0
True,4.11145289477278,0
True,2.41027012158544,0
True,1.54608385104548,0
True,0.282284757133099,0
True,3.32357807479625,0
True,1.56207125258395,0
True,2.81274635828524,0
True,1.41115365876684,0
True,1.05074108475317,0
True,0.963989374079247,0
True,1.16685721752855,0
True,2.25761875204688,0
True,2.2037820054513,0
True,1.77772836808411,0
True,1.4368281187259,0
True,1.75573372917267,0
True,2.39643084081697,0
True,3.81193187778535,0
True,2.50787414978404,0
True,2.51863382275213,0
True,1.33593731095825,0
True,1.43145653501267,0
True,1.56404712270069,0
True,2.14349699800977,0
True,2.23035342888134,0
True,2.42516544510313,0
True,2.78682864672713,0
True,1.48235838028203,0
True,2.12055339458039,0
True,1.07384064193229,0
True,1.68519502318914,0
True,4.03943864187331,0
True,2.77951421059701,0
True,2.7770134248523,0
True,2.41402758902049,0
True,1.63337129551957,0
True,1.37907971372647,0
True,2.02257256891568,0
True,1.43817466607568,0
True,3.00587162463709,0
True,3.19143257726499,0
True,2.02655009028173,0
True,1.34535752140006,0
True,2.39578802534708,0
True,2.70929769486469,0
True,3.04137306129088,0
True,2.34381749555632,0
True,2.97513667116178,0
True,3.1923348464017,0
True,2.8768875999278,0
True,3.33716684254141,0
True,1.54044149949243,0
True,1.60546276444552,0
True,0.715674451359966,0
True,1.39384022477771,0
True,1.42707396667504,0
True,1.56603953363272,0
True,1.78240240712033,0
True,1.3626196789504,0
True,2.04140600414428,0
True,3.34394165963831,0
True,2.47694721975077,0
True,1.014218338825,0
True,1.28451827783256,0
True,1.28480858160494,0
True,1.31285336861549,0
True,3.33092412298341,0
True,0.824811634117732,0
False,1.73767303144128,9.36132336488825E-05
True,3.88479311740349,0
True,2.82298662724883,0
True,1.08702561051885,0
True,2.14149272421229,0
True,2.37654230993594,0
True,0.836237522012569,0
True,2.31277470223587,0
True,3.00656720492156,0
True,3.55228125888781,0
True,1.9449349363322,0
True,2.21015880055208,0
True,1.47035939699917,0
True,3.71566641875812,0
True,1.83226557542923,0
True,1.14195907171484,0
True,1.61517596396534,0
True,1.30569015839263,0
True,1.86328001270677,0
True,2.22887162948303,0
True,2.60095072056217,0
True,2.45355742599776,0
True,1.74756321270381,0
True,2.41875580368611,0
True,2.39314876709658,0
True,0.719586071165919,0
True,1.73118393883752,0
True,3.27316012762851,0
True,1.10749624993956,0
True,4.2824412586249,0
True,1.96900918261153,0
True,0.930804854910545,0
True,1.41074305327455,0
True,1.36032267001432,0
True,1.4300320740873,0
True,2.4948088930875,0
True,1.47553954097268,0
True,1.44556498383096,0
True,1.37226859365914,0
True,2.17828848139938,0
True,2.30743392692689,0
True,2.26816340537381,0
True,1.6360037419867,0
True,2.03423349720968,0
True,2.55303152870182,0
True,1.65543853405548,0
True,0.829575533579882,0
True,3.30205963098545,0
True,1.87821796916561,0
True,2.22875855425148,0
True,2.16120435127057,0
True,1.67799626960743,0
True,2.35241841478853,0
True,3.41797336103967,0
True,1.42432222583412,0
True,1.74412631379877,0
True,2.17020446097228,0
True,4.35702905423627,0
True,1.76467948378116,0
True,2.82116904542529,0
True,1.52903075189513,0
True,4.04955734603959,0
True,3.44652749016308,0
True,1.37311433919874,0
True,1.7050842412296,0
True,1.02109442125701,0
True,1.99351212440442,0
True,2.90234952405267,0
True,1.3434992723453,0
True,2.85531658551333,0
True,2.84706990697302,0
True,2.04490021354068,0
True,0.835194184401966,0
True,1.13424159768929,0
True,3.18910188098245,0
True,2.06722030077898,0
True,1.45359928222305,0
True,0.999151077057154,0
True,3.44220771776908,0
True,1.33979316010448,0
True,0.921607469334932,0
True,3.51357201475147,0
True,2.30873750190377,0
True,3.29158323037828,0
True,1.31009386304066,0
True,1.61497837386272,0
True,3.14421128693279,0
True,1.18764327385917,0
True,2.31798886014044,0
True,3.46154808287329,0
True,1.78565502520911,0
True,2.21542353389154,0
True,1.80854967182172,0
True,0.864907891111454,0
True,1.92745960030371,0
True,1.27982415954441,0
True,1.04913428043252,0
True,1.65469895450108,0
True,2.17119988146269,0
True,1.41560113258341,0
True,1.97441824542691,0
True,1.68128819786109,0
True,3.43489209539875,0
True,1.62899880768962,0
True,1.94719067245212,0
True,2.38316348902696,0
True,0.589427730941584,0
True,3.91681969867964,0
True,3.59602364736234,0
True,2.48392515737989,0
True,1.43781983901291,0
True,1.227955435012,0
True,2.67186982368132,0
True,2.6892115495294,0
True,1.42354558604765,0
True,1.15250332270943,0
True,1.66180132635311,0
True,1.4146948287256,0
True,1.34717482670094,0
True,1.70873721512035,0
True,1.38182670768854,0
True,1.55935868440695,0
True,1.12526764220909,0
True,2.56420595494391,0
True,1.13231799510703,0
True,0.987674250359897,0
True,1.89543972578592,0
True,1.33339083319711,0
True,1.64798057246257,0
True,0.919865722966132,0
True,2.42071610265034,0
True,1.33491108052936,0
True,1.77375182142987,0
True,2.66410341760001,0
True,2.23569993415134,0
True,1.78279362351956,0
True,3.33946813954259,0
True,2.05720561384193,0
True,1.78587577525347,0
True,2.03264216342125,0
True,1.52085898744947,0
True,1.86921230465541,0
True,3.57703839665031,0
True,3.35343103598619,0
True,1.23566400045982,0
True,1.39290877558588,0
True,1.16872304412093,0
True,1.40085892122618,0
True,1.40204382923105,0
True,0.94857959305877,0
True,2.05743932718896,0
True,2.85943545029801,0
True,1.23318117802977,0
True,1.60945166106544,0
True,1.27695316575552,0
True,1.66700118753871,0
True,1.16381496893316,0
True,0.97484750013095,0
True,2.61321913163823,0
True,2.16317213670671,0
True,1.60453046105871,0
True,1.12653263606604,0
True,1.74015476332862,0
True,2.14613523422039,0
True,2.59936681305919,0
True,0.936861433607585,0
True,1.08801784642189,0
True,2.77677916251871,0
True,2.67746330583309,0
True,2.82922499268651,0
True,2.51749384207147,0
True,3.3240000395676,0
True,2.11501004079403,0
True,1.4375932549759,0
True,1.18025296422071,0
True,2.08093652799192,0
True,1.5397997708176,0
True,0.784834144190712,0
True,1.1778446722308,0
True,1.03560639078863,0
True,3.3466983110286,0
True,1.42695638786948,0
True,1.34597640505536,0
True,1.60606202579345,0
True,0.555432396990671,0
True,1.37283113568238,0
True,1.69425368437298,0
True,1.6358775656859,0
True,1.60191583010199,0
True,1.40534900879353,0
True,1.05356524005982,0
True,1.43395802846832,0
True,2.24903347295227,0
True,2.71718036855488,0
True,2.2432527985183,0
True,2.56598064054669,0
True,3.77306631253045,0
True,1.66842688830986,0
True,2.32112210708811,0
True,2.26555343900526,0
True,1.51598640133589,0
True,1.16768068294505,0
True,0.713824247827696,0
True,1.34086665415949,0
True,1.58245817554333,0
True,1.7338424350745,0
True,1.24701448067327,0
True,1.06440142490118,0
True,0.884085464299582,0
True,0.966369008135992,0
True,3.23533088294981,0
True,2.87921697838502,0
True,1.9641176555219,0
True,1.61323174333528,0
True,1.14966038465885,0
True,1.37353443423719,0
True,1.89649066550141,0
True,1.77816212264105,0
True,1.57290870813163,0
True,2.57593462488595,0
True,3.27923547866541,0
True,4.49917370053816,0
False,4.50795637813804,0.000164152216865784
True,3.85168289945861,0
True,3.94872377460006,0
True,3.22234186219316,0
True,1.31286700025901,0
True,1.78661801922484,0
True,1.45022791142742,0
True,1.33955204873333,0
True,1.83582959261219,0
True,1.29409804521704,0
True,1.30200547214704,0
True,1.8122204324959,0
True,1.70522963227975,0
True,3.43867708814623,0
True,3.78518604287867,0
True,0.8374651670765,0
True,2.15779338726088,0
True,2.98626530657406,0
True,1.7522497010985,0
True,1.93340506303412,0
True,0.776447412456247,0
True,0.848395774991808,0
True,0.877325841850161,0
True,0.951823360170509,0
True,0.941287328626638,0
True,1.33577831890624,0
True,1.59808879374033,0
True,1.55458393144249,0
True,1.50124156419186,0
True,1.02947129439617,0
True,1.13583898200417,0
True,1.71084662095212,0
True,2.41394788042878,0
True,2.4041550771118,0
True,0.913686939761167,0
True,4.28888081942068,0
True,3.18990536672673,0
True,1.11428255125213,0
True,1.44146214328366,0
True,1.79917746727824,0
True,3.68734261924398,0
True,3.75995617681275,0
True,1.54299319835636,0
True,2.36500261137128,0
True,3.69054831138611,0
True,2.60177533058244,0
True,1.0188069886047,0
True,1.33770754975335,0
True,1.66274622974488,0
True,0.999816760136139,0
False,2.15546228181376,0.000628951586099779
True,2.35322162737528,0
True,1.78376049542934,0
True,1.20912270887904,0
True,1.59478658143259,0
True,0.949808909823899,0
True,3.52836906344806,0
True,3.6119767763615,0
True,3.07096032202411,0
True,1.13892583092621,0
True,0.891702885662861,0
True,0.84406918683159,0
True,2.74787785552547,0
True,2.22064830940191,0
True,2.68777546290079,0
True,3.39281568898506,0
True,1.38767833623828,0
True,1.110931963955,0
True,2.60383919262918,0
True,2.13993844959399,0
True,2.64769156080136,0
True,2.03119655009165,0
True,2.9678679234948,0
True,2.71842876147088,0
True,1.43981909909211,0
False,2.51479793356289,0.0018953086560456
True,2.57139027602451,0
True,1.73364384527097,0
True,1.48841472098198,0
True,3.26734530291124,0
True,1.68679718180708,0
True,1.29593652834891,0
True,3.48038875507301,0
True,0.926070176068365,0
True,1.46368706380939,0
True,1.4264316475306,0
True,1.79954624299671,0
True,2.39276313436546,0
True,3.88888332912332,0
False,3.13256607262263,0.000127638442189701
True,4.26501420495802,0
True,3.3397531463234,0
True,1.94619540774531,0
True,2.12712514576257,0
True,2.82906333087703,0
True,2.26126387451102,0
True,0.76016014706904,0
True,1.71732942593662,0
True,1.15334679365,0
True,2.3981695834996,0
True,1.44826589295962,0
True,2.20924192389709,0
True,1.46248257473756,0
True,1.99150833229875,0
True,1.19640514253762,0
True,1.21510859615723,0
True,2.53731468291943,0
True,2.07843951571824,0
True,1.61703535839139,0
True,2.22185837603227,0
True,1.18264769828802,0
True,1.04493534246587,0
True,1.1784719512565,0
True,2.17549390727115,0
True,1.57561487202811,0
True,1.33336615702849,0
True,1.21204892659864,0
True,1.59690829906772,0
True,1.13447420526109,0
True,1.8659642572883,0
True,1.1737594610216,0
True,2.97295012723971,0
True,1.62679344787712,0
True,0.626060185050962,0
True,0.94144286297359,0
True,2.90101149597468,0
True,1.19285274542172,0
True,4.14636006609465,0
True,2.86388087004354,0
True,2.40897521423692,0
True,1.38796037379897,0
True,3.03445490251235,0
True,1.68540515928297,0
True,1.07168138530329,0
True,2.39568052392403,0
True,0.748454706122863,0
True,1.53497540924296,0
True,2.48771747681337,0
True,2.74759742517573,0
True,1.64708950258758,0
True,1.14486504369913,0
True,1.29628969953594,0
True,1.64619290073252,0
True,1.97966963502306,0
True,1.47311160147907,0
True,2.32197637041105,0
True,1.81387750948389,0
True,2.32731065747975,0
True,2.73957028399879,0
True,2.03536114839004,0
True,1.27020773140702,0
True,3.51797259652603,0
True,1.99871678444284,0
True,2.57909939279768,0
True,1.57733971266513,0
True,1.12767542355333,0
True,1.41379087455291,0
True,0.759633390103817,0
True,1.13604767870547,0
True,1.89385971614769,0
True,1.56785801364377,0
True,1.94417883162351,0
True,0.974141153053794,0
True,0.736847932501987,0
True,1.91626541170751,0
True,3.10506612648884,0
True,2.37832767764605,0
True,2.51142399220927,0
True,2.57386464960028,0
True,1.95130167828916,0
True,1.42435833930555,0
True,3.92429321269625,0
True,2.05774478711036,0
True,3.93390624958693,0
True,3.61242275414002,0
True,3.50285325662564,0
True,4.53937540907725,0
True,2.10287720407716,0
True,1.84582705622338,0
True,2.62188204298836,0
True,2.57245996733946,0
True,1.61639513081523,0
True,1.79215100373658,0
True,1.14839976373767,0
True,1.96544336801562,0
True,0.925855872993437,0
True,1.48314918015445,0
True,2.51169937443329,0
True,1.91226778794681,0
True,1.47073403401305,0
True,1.27506128136117,0
True,2.27068088952597,0
True,3.76383001211991,0
True,1.62524550939507,0
True,3.27587804047959,0
True,2.43754817202074,0
True,2.05825466783213,0
True,1.7367324028357,0
True,0.627429341042288,0
True,2.62447730003144,0
True,2.51850494181262,0
True,1.48281605807148,0
True,1.12539183490131,0
True,1.44134964330526,0
True,2.39424046251248,0
True,1.11774475411763,0
True,1.67948332887752,0
True,1.54746691125108,0
True,2.51104079101341,0
True,0.596668278884841,0
True,3.76947547171681,0
True,2.61499977065029,0
True,2.80860207580416,0
True,3.98970020779408,0
True,1.6342221961816,0
True,3.64735504851914,0
True,2.93778147752382,0
True,2.11662289192884,0
True,1.88651085710064,0
True,2.18020782326854,0
True,0.679128914804701,0
True,1.47751676969582,0
True,1.46816657803324,0
True,2.89129870166899,0
True,0.59389691644763,0
True,1.91796494763562,0
True,3.46838602830362,0
True,1.23072853854093,0
True,0.623805175415921,0
True,1.02293830742085,0
True,1.53263025190718,0
True,2.6416400546746,0
True,2.82653749665691,0
True,1.97250172751833,0
False,1.53010595827291,8.06567156465212E-05
True,1.70909780087372,0
True,1.51320910634038,0
True,1.04302825785774,0
True,0.855095619817478,0
True,1.43329556499242,0
True,2.31189535202632,0
True,1.48291834732552,0
True,1.76315066419001,0
True,2.48356339724368,0
True,3.03539188311717,0
True,1.83006791947478,0
True,1.85080792997957,0
True,3.34446417528483,0
True,1.51694715027954,0
True,0.927973474201458,0
True,1.23443183636398,0
True,0.651679288010024,0
True,2.08287412966203,0
True,1.7306244686697,0
True,2.69603576665117,0
True,2.75430920248213,0
True,2.73145586952971,0
True,1.62775222067995,0
True,2.23322939811657,0
True,2.24441765959004,0
True,4.69695721143169,0
True,1.85177214152723,0
True,1.66267056121636,0
True,1.49072661144751,0
True,1.25381837315163,0
True,1.90098804322468,0
True,2.6511996015951,0
True,1.02829693246155,0
True,2.87358311788049,0
True,1.46886279459311,0
True,1.84840279734677,0
True,2.18995055650183,0
True,2.29111826379043,0
True,1.15486109535994,0
True,0.865755903832351,0
True,2.2341076816891,0
True,1.804335871093,0
True,1.56718103435562,0
True,3.10861870741755,0
True,2.55080065495476,0
True,1.90299038237868,0
True,0.760827285080829,0
True,2.56159150713393,0
True,1.91432429863509,0
True,1.11929650170067,0
True,3.78779819149506,0
True,2.68474461104573,0
True,1.85364630100172,0
True,3.21725338984209,0
True,0.890667581815527,0
True,1.37870243118895,0
True,2.12648182470903,0
True,2.66018591342828,0
True,1.39576922676779,0
True,1.57413925990598,0
True,1.76806645468023,0
True,4.29350065601111,0
True,2.61663927424105,0
True,2.17189186853402,0
True,1.36203372161232,0
True,1.20748803365632,0
True,2.39717738058383,0
True,2.48210286459359,0
True,1.3847245041714,0
True,1.65339409376584,0
True,1.88460159734479,0
True,1.26313514044594,0
True,3.46426331464896,0
True,0.797785639148155,0
True,1.68376806294798,0
True,0.803558828612036,0
True,1.14349917362664,0
True,2.55864002605315,0
True,1.03657367626648,0
True,1.03675796965155,0
True,2.00602833881103,0
True,0.859901072978369,0
True,1.37391888519645,0
True,1.32897106922849,0
True,3.30731659171001,0
True,1.55490824286934,0
True,1.61354641414702,0
True,1.21408936449689,0
True,2.3868373610211,0
True,1.74890400859706,0
True,1.24161961587938,0
True,1.90100042600003,0
True,2.6782273685098,0
True,2.54405111309169,0
True,2.22018685030859,0
True,3.8629197710209,0
True,1.7231840675105,0
True,1.92887637566613,0
True,1.55489743091804,0
True,1.47353991492247,0
True,2.04299183318756,0
True,2.6640110838074,0
True,2.46446996980345,0
True,1.47099338564649,0
True,1.73881494308636,0
True,1.80142994966435,0
True,2.34853930008171,0
True,0.775051495773028,0
True,3.61045016798514,0
True,2.15550046707817,0
True,1.85551421887549,0
True,2.48509845278621,0
True,4.15141229571526,0
True,2.40101490808126,0
True,1.26308317964549,0
True,4.03200439245969,0
True,1.77239009331876,0
True,2.22164088422388,0
True,1.39771416466073,0
True,2.00463159928036,0
True,2.84269225478295,0
True,2.04069188881325,0
True,1.56304719893658,0
True,2.70272167983375,0
True,2.89048817657365,0
True,2.78693527808556,0
True,1.71264463538944,0
True,2.07262912574165,0
True,1.19873423633799,0
True,1.03559876561775,0
True,2.17264191581689,0
True,3.99060856619861,0
True,3.20188142805511,0
True,1.65453029782671,0
True,0.747832100242772,0
True,2.6508448130347,0
True,3.20091821707294,0
True,1.40148107797662,0
True,1.34523995629103,0
True,1.41755447209635,0
True,1.21804812909171,0
True,2.21971566930204,0
True,1.11908922838283,0
True,1.28963582969999,0
True,0.949183689812185,0
True,1.10719903173054,0
True,1.99870473805886,0
True,1.89463797552927,0
True,1.27889369241031,0
True,2.53969668706341,0
True,1.43198185590965,0
True,1.96517697669375,0
True,2.91975276679964,0
True,2.26673129897965,0
True,1.98124936688414,0
True,1.05910766722285,0
True,2.3193663637387,0
True,0.844886561880466,0
True,1.06774998402951,0
True,2.1199323344338,0
True,1.22941279162104,0
True,1.16393082075583,0
True,1.21320160957737,0
True,1.7012020427514,0
True,0.978257555383589,0
True,3.05421281316056,0
True,1.12243156846123,0
True,2.18225213466244,0
True,1.33204810238124,0
True,1.64201185604322,0
True,3.63658562339417,0
True,3.32489730224954,0
True,2.5521131607635,0
True,1.74912274353527,0
True,1.2802548576438,0
True,0.842447383439197,0
True,2.79338323031421,0
True,4.13365499491525,0
True,2.77487659013056,0
True,1.47772728361115,0
True,1.29557753238521,0
True,2.83754326931448,0
True,2.91774161551072,0
True,1.24252447894071,0
True,1.12003920366155,0
True,1.52936576230992,0
True,3.17177762383423,0
True,3.02277363729527,0
True,2.30203764299371,0
True,1.32128860903447,0
True,3.04551269289833,0
True,2.70023753647857,0
True,2.7207466176955,0
True,2.50441799281179,0
True,1.12239714414287,0
True,2.28505316321314,0
True,1.27887420962293,0
True,1.4486990475371,0
True,0.828979908483097,0
True,1.38313678093358,0
True,3.29597049063451,0
True,1.30301668789251,0
True,1.59869872381929,0
True,3.79932238690796,0
True,3.17994397360098,0
True,0.794054964382255,0
True,1.29074695176199,0
True,1.87207465845678,0
True,2.16183991566476,0
True,3.00040108391097,0
True,1.31591970876486,0
True,0.790690376039209,0
True,0.840919724904663,0
True,2.24291245366083,0
True,1.65979221976456,0
True,3.07975760145876,0
True,1.44187976832667,0
True,2.22130562760738,0
True,1.854775682467,0
True,2.6731449375562,0
True,2.74749050762579,0
True,1.88922176390996,0
True,3.69225740746888,0
True,4.03437491445015,0
True,1.17816985404578,0
True,1.20165374656983,0
True,0.874910338115768,0
True,2.02077813034098,0
True,2.13599699117711,0
True,1.7183077169755,0
True,1.57096735394472,0
True,2.79780874036596,0
True,1.21566311191628,0
True,1.62194291716505,0
True,1.27495451041016,0
True,1.79012626027478,0
True,2.39804528309976,0
True,1.68963519965941,0
True,1.01984839511007,0
True,0.785975328892323,0
True,1.49242022389185,0
True,2.24334146144551,0
True,2.24322392293442,0
True,2.45939576643583,0
True,1.24984010219132,0
True,1.76329969732906,0
True,1.8982161899331,0
True,2.31146616202905,0
True,2.24163197211901,0
True,1.70718759418583,0
True,1.44710335732609,0
True,3.84333162677043,0
True,1.41821567239303,0
True,1.25248814608188,0
True,2.75454323993474,0
True,2.93616384453964,0
True,1.75012878977593,0
True,1.24985195275697,0
True,1.98585636545595,0
True,1.83757330392715,0
True,1.85265539113393,0
True,1.1018625121823,0
True,3.54501096261376,0
True,3.55991580785102,0
True,1.0983242752029,0
True,1.39853699744387,0
True,1.12171924914727,0
True,2.24926530160555,0
True,0.815180492634841,0
True,2.2303582787233,0
True,2.55799151811554,0
True,2.25839886093122,0
True,2.45544816000865,0
True,1.38197406603157,0
True,1.26082430780561,0
True,2.99647904276733,0
True,3.84045963013032,0
True,3.20654374703898,0
True,1.19612876983142,0
True,2.3817737023917,0
True,2.28414818360302,0
True,3.00201148398531,0
True,0.730321645254961,0
True,2.17397008300652,0
True,2.04329484301646,0
True,1.44340570521227,0
True,1.57949360121343,0
True,1.48615432917708,0
True,1.17581198859228,0
True,2.96005405189504,0
True,1.16919952255915,0
True,2.4464010310881,0
True,2.37889120737251,0
True,1.69240082430842,0
True,1.67938401142856,0
True,1.26840034148403,0
True,1.89367571635709,0
True,1.45751167679128,0
True,2.7801443180607,0
True,1.29696286217538,0
False,1.97897021801403,0.000200802204134238
True,1.18381057269884,0
True,1.87723369767512,0
True,2.90004765712843,0
True,3.3010299351428,0
True,2.03113095510751,0
True,2.8026185905566,0
True,2.057203022441,0
True,1.42836401899664,0
True,1.33843859039211,0
True,0.496480659052089,0
True,1.20536539603582,0
True,1.49830262972824,0
True,0.909766284238726,0
True,1.12345127498291,0
True,0.965279597496254,0
True,0.56882468582094,0
True,1.24948566016489,0
True,2.29990433649528,0
True,2.73757635888878,0
True,0.986127806608271,0
True,1.80501481363317,0
True,1.85405685667236,0
True,3.2089259382277,0
True,2.83391675893812,0
True,1.36785713093843,0
True,1.07567087126018,0
True,1.15339486175166,0
True,1.29660958012752,0
True,1.75372874931508,0
True,1.3059366346919,0
True,1.69092581364312,0
True,1.80694633260025,0
True,1.33603946621201,0
True,2.49518416606666,0
True,0.822486004989118,0
True,1.59431520189177,0
True,1.25854825696181,0
True,1.30684445389491,0
True,1.83637896944236,0
True,1.16677811498436,0
True,1.72234806090923,0
True,3.15526293517338,0
True,1.916673821477,0
True,1.80690355648961,0
True,1.67288785273111,0
True,2.54553675699853,0
True,2.63330347837822,0
True,1.07936069649502,0
True,1.74755374036919,0
True,3.79801448840975,0
True,2.52202198935257,0
True,1.72448176141077,0
True,0.672774854010383,0
True,2.6876577468817,0
True,3.73372633224001,0
True,2.53799358001936,0
True,1.86994560151329,0
True,2.4324165123184,0
True,1.28087534977919,0
True,1.05145757631426,0
True,2.15237801547097,0
True,1.98723347454553,0
True,3.17027743102048,0
True,2.62001916875141,0
True,1.08759094517068,0
True,2.01446830747356,0
True,0.853669526502739,0
True,1.51232356720836,0
True,3.17483902323438,0
True,0.697603503657898,0
True,2.53806526865349,0
True,1.32549126203047,0
True,2.25822946307672,0
True,1.82520656211863,0
True,1.67397822103336,0
True,1.28293444817686,0
True,1.38220763627029,0
True,1.51291545492847,0
True,0.721200465788243,0
True,1.97720148736424,0
True,1.02007386755167,0
True,1.79650866740035,0
True,2.55981850681348,0
True,2.85702223889719,0
True,1.73642381488142,0
True,1.59825919642848,0
True,2.64327181794211,0
True,1.35780948122679,0
True,2.19786873233008,0
True,3.06955797655618,0
True,1.63563247147012,0
True,1.34454211246242,0
True,0.809185153744416,0
False,2.27409977679609,8.65469989231347E-05
True,2.67227658930717,0
True,2.10055122635271,0
True,3.90075906750323,0
True,1.89791291012834,0
True,2.33610291909486,0
True,0.905115844572954,0
True,0.875455499386689,0
True,2.81235338297561,0
True,2.12090747262205,0
True,1.77720222763695,0
True,2.02841139416401,0
True,1.81168691828121,0
False,0.947487153282295,0.000101795241363707
True,1.13375192845773,0
True,1.32623367557184,0
True,2.45727954049403,0
True,1.29538684970428,0
True,1.59671474379656,0
True,1.86620844101789,0
True,1.33031791341328,0
True,1.42685112384053,0
True,3.02755693092755,0
True,1.88716764479351,0
True,2.096431994733,0
True,3.33959336382824,0
True,0.970620303516692,0
True,3.20891693432919,0
True,1.84603254751123,0
True,2.52132311805667,0
True,1.86916560613779,0
True,0.880191248601766,0
True,0.719197767989403,0
True,1.49386571044659,0
True,1.73182679278569,0
True,1.11173412846898,0
True,1.51387316317775,0
True,2.3554295315677,0
True,0.913408078147837,0
True,1.57469078390767,0
True,1.39425691072584,0
True,1.12874989955734,0
True,2.40427662573613,0
True,1.31083874018692,0
True,2.06519720778335,0
True,0.801630644024175,0
True,3.02461974092811,0
True,1.93299953147727,0
True,2.04191973607089,0
True,2.03553626181224,0
True,0.833658847033018,0
True,1.53045164142961,0
True,2.79506509183923,0
True,2.72300101730585,0
True,2.86562307744886,0
True,2.26558968945236,0
True,0.964585932650216,0
True,3.11065899936529,0
True,2.78846003367557,0
True,0.883500657319629,0
True,2.92983432661069,0
True,2.32364250101135,0
True,2.37931281150023,0
True,2.5002233492367,0
True,1.57909737489563,0
True,2.02787713916454,0
True,1.11472007857408,0
True,0.962038488515032,0
True,3.73605751846726,0
True,2.49637100954287,0
True,1.89094430797356,0
True,2.19264285664947,0
True,3.25548303503422,0
True,2.33327729014929,0
True,2.06366480798307,0
True,3.93919107923814,0
True,2.17627381075459,0
True,1.47290587448949,0
True,1.98792413477464,0
True,1.52544073801897,0
True,1.77021567034268,0
True,0.808131749716598,0
True,1.78473405674643,0
True,2.83390033510204,0
True,2.29291659164105,0
True,3.7858052573364,0
True,3.48957357321852,0
True,3.70306304280272,0
True,2.50924854573995,0
True,1.24139218315469,0
True,1.43188836524522,0
True,1.93161686410273,0
True,0.825066808976169,0
True,2.07499017266671,0
True,1.91930383912038,0
True,2.86396818344203,0
True,2.86144532445906,0
True,3.72223764721188,0
True,1.93271819334253,0
True,1.25441061009262,0
True,0.894090714854175,0
True,1.09824078407696,0
False,2.89567191851722,0.0001109342654421
True,2.76686401510984,0
True,2.29478345296173,0
True,1.93304560759987,0
True,2.49635465387557,0
True,1.66163978242979,0
True,1.55048524570464,0
True,1.34852058705374,0
True,1.38706563857346,0
True,1.14828711134466,0
True,1.18438861710114,0
True,1.16675160340049,0
True,1.02749483210454,0
True,0.954081233698738,0
True,1.97475855568484,0
True,3.10562335053425,0
True,4.71223144506904,0
True,2.93312719335491,0
True,1.41261801368511,0
True,1.9924213333026,0
True,1.65841899925757,0
True,3.01236440205771,0
True,3.5905251929995,0
True,1.01417198331199,0
True,1.67067351354328,0
True,1.91604584794357,0
True,2.68914069040854,0
True,1.16167700373194,0
True,2.09886463374837,0
True,1.08090538213001,0
True,1.91581596553368,0
True,2.33594582737052,0
True,1.8932604889402,0
True,0.749295887031703,0
True,1.69291689922602,0
True,0.85204070282521,0
True,1.4836380591607,0
True,3.43900497172813,0
True,3.19317797450689,0
True,1.61517101441377,0
True,1.71331317374049,0
True,0.845375888382903,0
True,1.35301283510417,0
True,1.92666884839385,0
True,2.97877718952666,0
True,1.47505225439758,0
True,1.58006905045281,0
True,2.25606086635027,0
True,1.95115889568195,0
True,2.63336234228132,0
True,2.97463110911967,0
True,1.1008955032337,0
True,4.06006421373602,0
True,1.71949872745799,0
True,3.59278675509172,0
True,2.2533307582551,0
True,2.68690532921217,0
True,2.96072938987844,0
True,3.44615155073841,0
True,0.694300807452114,0
True,0.9955876350327,0
True,1.29386138388397,0
True,1.4550278312134,0
True,2.61778048285649,0
True,1.16597312826002,0
True,1.00274781025435,0
True,1.10640050041999,0
True,3.05048896275431,0
True,0.843282158408382,0
True,1.65921512703063,0
True,3.01342972644139,0
True,1.78103364325875,0
True,1.79523905149521,0
True,2.27341936223595,0
True,1.12283380582058,0
True,2.17216699552529,0
True,0.762240945166179,0
True,3.22542363452429,0
True,3.37268102179764,0
True,1.37611905340113,0
True,4.11399572688478,0
True,1.5075259784264,0
True,1.70353083702325,0
True,1.93090871812532,0
True,1.21836006567883,0
True,3.07664205524088,0
True,2.48437237617911,0
True,2.55111274798658,0
True,1.62857242349192,0
True,3.28317318296729,0
True,4.52329302469835,0
True,2.20062054610722,0
True,2.96150509179058,0
True,2.30048435364008,0
True,0.753546343536934,0
True,2.78786695427198,0
False,2.61931048910347,8.35529284769019E-05
True,1.95575395863449,0
True,2.45999444946399,0
True,2.88764629996901,0
True,1.36523268751331,0
True,1.29771027329825,0
True,2.47137680801915,0
True,1.62609573316265,0
True,2.79204081646377,0
True,2.06899958119463,0
True,1.06873618800249,0
True,2.30081926138687,0
True,0.509761946336323,0
True,1.38703823712709,0
True,0.910719677949291,0
True,1.54419777135111,0
True,1.70068110841293,0
True,2.15937110273611,0
True,2.00759113972537,0
True,1.85126739461759,0
True,1.21503713157527,0
True,2.85704821002028,0
True,1.58671293478171,0
True,3.67736255626785,0
True,4.15938419944503,0
True,1.53922183001764,0
True,1.96579916106649,0
True,1.54976575104909,0
True,0.951739263133048,0
True,1.70788745472523,0
True,1.6830012850575,0
True,1.4406012354244,0
True,1.45900436050816,0
True,1.93862585642863,0
True,3.74098488256737,0
True,2.91022836323904,0
True,2.32314874201942,0
True,1.74129834748321,0
True,1.80788724125574,0
True,2.03705748668749,0
True,1.82156531366314,0
True,2.77662175126178,0
True,3.09585192385461,0
True,2.19597641281569,0
True,2.26538762695232,0
True,0.977801243823437,0
True,1.40083706748307,0
True,2.86604331758117,0
True,0.764876189305807,0
True,1.87550322657113,0
True,2.96713276722171,0
True,0.841319819420027,0
True,3.40366268215261,0
True,1.70996206312201,0
False,1.07278059087082,0.000442478775729973
True,1.66274272754318,0
True,0.726342046072422,0
True,0.700792199468664,0
True,3.48011263487017,0
True,1.26906323024109,0
True,2.16912339654091,0
True,1.36246732181312,0
True,1.50096823952073,0
True,2.23393767773834,0
True,3.65298052990526,0
True,0.912204957632166,0
True,1.87962423846967,0
True,3.61980122445615,0
True,1.92797429779906,0
True,1.57627569254239,0
True,1.32949514135749,0
True,2.41961179269162,0
True,1.3815015272393,0
True,1.33951706321158,0
True,1.11972332218279,0
True,1.64669941594519,0
True,4.34062311994975,0
True,1.22779564885422,0
True,1.61677044699901,0
True,1.76678299545843,0
True,2.18827922099684,0
True,2.7334252379154,0
True,2.45390227739473,0
True,1.91700859392843,0
True,2.01010033209085,0
True,1.76930936529246,0
True,1.20182511062098,0
True,1.41093273295137,0
True,0.815224162451623,0
False,1.20220258244847,0.00038556010841958
True,2.11478754093103,0
True,4.28056779735545,0
True,2.34608090869898,0
True,1.25443856831206,0
True,2.99444448650086,0
True,3.42981996819476,0
True,1.89748928658813,0
True,1.7354792891975,0
True,2.07530040195713,0
True,2.0050031569176,0
True,2.00572880941731,0
True,1.07362043626617,0
True,1.3821774722758,0
True,0.665693291058732,0
True,2.01532704364099,0
True,2.74107778373309,0
True,4.18424465441712,0
True,3.80230741148559,0
True,1.94371800762518,0
True,0.793631206267282,0
True,1.49622459051594,0
True,3.13606474743694,0
True,1.8588980851756,0
True,1.72457690380467,0
True,2.66724853772325,0
True,1.33004170163334,0
True,2.23160036980539,0
True,2.56017830657182,0
True,1.21660298978299,0
True,2.4453234599404,0
True,1.9315436309921,0
True,1.58332391727802,0
True,1.30047313822393,0
True,1.38354142088791,0
True,3.54206258331251,0
True,1.72159158926876,0
True,1.28011151897268,0
True,1.97490757531477,0
True,1.36263272718012,0
True,2.63231801693943,0
True,2.55156424675042,0
True,1.91488593829663,0
True,1.1992656422374,0
True,0.91169269957677,0
True,4.05088993457044,0
True,2.55377408329606,0
True,2.0543330095194,0
True,1.52839514623219,0
True,3.62145589716136,0
True,2.16556357894195,0
True,0.925037360923713,0
True,3.1371144727491,0
True,1.21767244147119,0
True,1.36218435980629,0
True,1.75951465954498,0
True,2.08229196850086,0
True,1.22079879651782,0
True,1.71820973959499,0
True,3.87606244678406,0
True,2.00581133151553,0
True,1.86878273132465,0
True,1.20258818958804,0
True,2.74064631061119,0
True,3.77574377909137,0
True,2.41189231388978,0
True,1.51294135785927,0
True,1.00777186852306,0
True,0.881552584247462,0
True,3.77930908583456,0
True,3.77908127352462,0
True,0.95440303102221,0
True,3.78716976012107,0
True,2.00794478742817,0
True,1.2355652491065,0
True,3.04720961613545,0
True,1.50159084700679,0
True,2.13431935641951,0
True,1.62556750179456,0
True,1.43586766393308,0
True,1.24055670761574,0
True,0.548894418221127,0
True,2.84042047897261,0
True,2.53537004244078,0
True,1.68757705379167,0
True,1.66198569156392,0
True,2.23518296923347,0
True,2.8044865378121,0
True,1.41171275749426,0
True,1.26465066368035,0
True,1.88000359756349,0
True,1.00397727665665,0
True,0.888534125950359,0
True,1.91261090228454,0
True,1.12681965741343,0
True,2.63733943578219,0
True,1.97861821264266,0
True,3.07668926365017,0
True,1.91235483342769,0
True,1.88536168832894,0
True,1.62066425754756,0
True,2.67278958681569,0
True,1.89119135499923,0
True,1.30561951315944,0
True,1.19286639215633,0
True,3.47779541714891,0
True,1.23251498111483,0
True,1.29923058463564,0
True,1.14625467925414,0
True,3.14280952417833,0
True,0.957893631540079,0
True,1.58403343220735,0
True,1.06441097038402,0
True,2.11277609854107,0
True,3.38403362549948,0
True,3.39335717038242,0
True,0.702020618234462,0
True,3.34560379265111,0
True,1.71463166305989,0
True,1.11248377964972,0
True,1.92766473668991,0
True,1.4136544160463,0
True,2.39417883321106,0
True,2.07472202145647,0
True,1.9534263244781,0
True,1.64875971032754,0
True,1.66670168979979,0
True,0.920033568926298,0
True,1.14671400909089,0
True,1.30890577323042,0
True,1.41133883743599,0
True,1.58903492441371,0
True,1.0062224346039,0
True,1.15118337955003,0
True,1.22685952336452,0
True,1.20596589314261,0
True,2.24241249394809,0
True,1.17228623444586,0
True,3.35518625321312,0
True,3.9086358230834,0
True,2.16839636227177,0
True,1.78545886841108,0
True,1.56363821347883,0
True,1.48517808313191,0
True,2.97208651516257,0
True,1.63041996867733,0
True,1.12525165755179,0
True,3.03217300076483,0
True,2.13593569797334,0
True,3.16308364754648,0
True,1.96586897353701,0
True,3.61119384054462,0
True,1.45675627703043,0
True,1.9488277623635,0
True,2.82823694786398,0
True,1.25526453819473,0
True,2.45197799385285,0
True,1.8417350801308,0
True,1.42192554214283,0
True,1.01435558571738,0
True,0.969576116205102,0
True,2.81839788377761,0
True,1.30406292233249,0
True,3.61434877018194,0
True,0.872627193255377,0
True,1.39719244990144,0
True,1.41121974727326,0
True,2.05956716891889,0
True,3.42946073508261,0
True,0.840026686460076,0
True,1.12213125318419,0
True,3.81534359170729,0
True,3.0439319853087,0
True,1.49575389144952,0
True,1.93828747635912,0
True,3.33717631934141,0
True,1.36711023207949,0
True,1.72959284805329,0
True,1.28032822653614,0
True,1.39352075596694,0
True,1.35859128301068,0
True,2.75257473688219,0
True,2.85379319474918,0
True,3.20636525971185,0
True,1.74541451344772,0
True,1.45973007058705,0
True,0.91355040920025,0
True,3.44977325732329,0
True,0.919045582993195,0
True,3.13183539741572,0
True,1.01554849534473,0
True,2.89142065775109,0
True,1.92672114678767,0
True,1.29203016224454,0
True,3.74418056446475,0
True,1.44933584670794,0
True,0.911459440053182,0
True,2.56663844901433,0
True,2.72153017005015,0
True,2.2969751563422,0
True,2.25070555875658,0
True,1.80502800775973,0
True,1.88750468591386,0
True,3.25001353635384,0
True,1.41082566512868,0
True,1.49256972758019,0
True,1.76113271827058,0
True,2.45596850751233,0
True,1.96289430193372,0
True,2.55273026274366,0
True,2.92887004744182,0
True,1.26251731902903,0
True,1.72055846171613,0
True,0.871659206370611,0
True,1.78678331413256,0
True,2.76852198951067,0
True,1.40205554534194,0
True,1.49698974841094,0
True,1.84304037408499,0
True,1.77943263267255,0
True,1.83925763948258,0
True,1.39036655338297,0
True,2.00913472809405,0
True,2.47854854697817,0
True,1.13038389032894,0
True,2.18959953370205,0
True,1.89171665618849,0
True,4.01357850865533,0
True,2.03016043550782,0
True,1.0593800679943,0
True,2.82783047087267,0
True,1.82479031167144,0
True,1.40579852131776,0
True,4.02188392786005,0
True,2.85069178952134,0
True,2.00494727850836,0
True,2.0121182230805,0
True,2.97054666562902,0
True,0.962386068448976,0
True,4.40237374308644,0
True,4.19208679649403,0
True,3.81865192742112,0
True,2.26312464599483,0
True,1.13372928223255,0
True,1.32677264942629,0
True,1.21658360476532,0
True,0.81687188795144,0
True,3.32656718460084,0
True,2.69155502614755,0
True,1.4977050432917,0
True,1.19435402768532,0
True,1.55401809728136,0
True,2.46417318725268,0
True,2.97840471096371,0
True,2.01194421580241,0
True,1.07703427877661,0
True,1.90833446623561,0
True,2.62739547600406,0
True,0.923489445544577,0
True,2.86821442060322,0
True,1.7057859133791,0
True,1.09873335540078,0
True,2.69545244801163,0
True,0.583813276212566,0
True,1.51987444732891,0
True,1.03561846816973,0
True,1.38883136095728,0
True,1.51297400855469,0
True,1.7732700392828,0
True,2.84138510757631,0
True,2.28668501927131,0
True,2.28338417392432,0
True,1.86376889101273,0
True,1.33121879793334,0
True,3.06524891021174,0
True,1.04182320480597,0
True,2.46240120295772,0
True,2.58009383932,0
True,2.15778083513542,0
True,1.44007286591646,0
True,2.68727331839897,0
True,2.04884344896279,0
True,1.34949079559657,0
True,1.20105416249006,0
True,1.64542459606893,0
True,1.19081182259547,0
True,2.14088309423462,0
True,1.0667368937501,0
True,1.82655044345007,0
True,1.32026987189326,0
True,3.25256369150096,0
True,2.4785712602267,0
True,2.05476832112811,0
True,1.96937707924012,0
True,1.45154516385226,0
True,3.20367420299087,0
True,0.694982463574498,0
True,2.58677088665058,0
True,2.04463667214402,0
True,1.51744994137943,0
True,1.66622916975588,0
True,3.94460128895812,0
True,1.77161339497213,0
True,0.747421374170858,0
True,3.46625226926167,0
True,1.23135530998182,0
True,2.14160853683294,0
True,1.65374066042338,0
True,1.8656265567023,0
True,2.18642545569155,0
True,1.31320698365032,0
True,3.59636823566857,0
True,1.42981041267383,0
True,2.98480118568305,0
True,2.60974363573685,0
True,1.1004670884004,0
True,2.36069815739065,0
True,1.0820615498579,0
True,1.71502293446436,0
True,2.34566887449344,0
True,1.75981152361249,0
True,3.50366713804904,0
True,3.06924521610109,0
True,1.24903468239445,0
True,1.53949916918349,0
True,1.84871149721403,0
True,1.68746873814234,0
True,1.50354951890032,0
True,1.24599472208153,0
True,1.91955354715868,0
True,2.07470701149247,0
True,2.70422445053144,0
True,0.72392760609836,0
True,2.43452274596764,0
True,3.09522827276874,0
True,2.61962299684924,0
True,3.10475627428541,0
True,3.04888022985853,0
True,1.64219559333789,0
True,2.85136274510243,0
True,3.56336836215947,0
True,1.05660161831661,0
True,1.17749158480158,0
True,1.12094820912993,0
True,1.36489882427335,0
True,2.86892682361544,0
True,0.884233119250651,0
True,1.64681904195627,0
True,1.75888830487668,0
True,3.37558890143655,0
True,1.57533839464253,0
True,2.45633031620168,0
True,2.45254667118311,0
True,1.69061058992457,0
True,2.13681690274395,0
True,0.726882308908543,0
True,2.10598336985383,0
True,2.20409008603912,0
True,1.07547860162192,0
True,2.76543455762617,0
True,2.27148636678557,0
True,1.58308604969181,0
True,0.99181923345778,0
True,1.62612830835479,0
True,1.40943146123699,0
True,3.0414820899783,0
True,2.4545816753584,0
True,1.70411995033456,0
True,1.20789205949855,0
True,2.82534470934624,0
True,3.64865856236363,0
True,1.62408617801431,0
True,1.79801042828671,0
True,1.8534173874922,0
True,1.63913566575048,0
True,0.739436546586772,0
True,1.07455925817003,0
True,2.01894030253131,0
True,1.63887467918199,0
True,1.15958131697155,0
True,1.89640345479872,0
True,2.06481995824434,0
True,3.92348372781503,0
True,3.10005443576596,0
True,1.8772488149381,0
True,2.34792939031408,0
True,1.43613585859631,0
True,0.923427004741683,0
True,1.82329834349158,0
False,2.86915977962939,7.36624140835202E-05
True,2.55601649903604,0
True,0.885494819549664,0
True,1.83424602984172,0
True,1.30063551399536,0
True,3.15353106099104,0
True,2.8140623326509,0
True,1.81413124280345,0
True,1.88216558834803,0
True,1.86831869577715,0
True,2.97885953794453,0
True,3.20907489618365,0
True,1.81423532479474,0
True,1.44345026486428,0
True,3.37627028534258,0
True,2.86187201765391,0
True,1.81620174277248,0
True,2.00977587447064,0
True,1.49179258553389,0
True,1.94260364901289,0
True,3.3131867327119,0
True,1.17727606014862,0
True,1.45467933245832,0
True,1.62490089024573,0
True,0.930613155926107,0
True,4.70408645333963,0
True,1.89937584384042,0
True,1.93355601734349,0
True,0.922027942501878,0
True,3.28190331527529,0
True,3.30364935619449,0
True,2.91852975491261,0
True,1.21785310558071,0
True,0.965690623288214,0
True,3.10376257676072,0
True,1.13780380740645,0
True,1.26429989455526,0
True,2.75033475239847,0
True,3.66497078728738,0
True,2.05480531470567,0
True,1.97963628175593,0
True,1.58058373130359,0
True,1.61965102899309,0
True,1.78283607481888,0
True,0.867735859734875,0
True,1.04271323801187,0
True,0.899655293805436,0
True,1.3449237404299,0
True,1.37602486048529,0
True,1.08812173983267,0
True,1.71207385224258,0
True,1.74526996854296,0
True,1.92375568729988,0
True,1.6033747104797,0
True,1.58234035782419,0
True,1.00112476115608,0
True,3.98685927524425,0
True,2.54876517506151,0
True,1.39093370668342,0
True,1.02789005973777,0
True,1.79225009456622,0
True,1.65530613219639,0
True,1.79170045878312,0
True,3.17581917341791,0
True,2.00154077291983,0
True,1.87877127617871,0
True,2.95339014542473,0
True,1.26675373205455,0
True,2.11833924097688,0
True,1.03983716033114,0
True,0.790135118481067,0
True,2.44006448062113,0
True,1.43418658679637,0
True,1.53840255315616,0
True,1.91006010602386,0
True,1.87613384693813,0
True,3.26055202379957,0
True,2.28830026322331,0
True,3.0420454365907,0
True,2.7655833908814,0
True,1.50297625421546,0
True,2.13333078163754,0
True,2.29873101855203,0
True,3.4348176627166,0
True,0.710529420287203,0
True,1.95640371126452,0
True,2.27231430191133,0
True,1.59438143311207,0
True,1.89527288074113,0
True,1.57793685591495,0
True,2.01897366459479,0
True,2.50024088928217,0
True,1.06016573405878,0
True,1.40248590498782,0
True,2.41953474822348,0
True,1.71121415597244,0
True,1.0173887534589,0
True,0.874779638674979,0
True,1.32278168710373,0
True,0.809667946549032,0
True,1.49143539178009,0
True,2.20447667086163,0
True,3.02140404344668,0
True,2.17345750518243,0
True,1.6334644296959,0
True,1.06055193358058,0
True,0.748749015154169,0
True,0.97936415772761,0
True,1.55402994568913,0
True,1.13909883860438,0
True,2.18812049645987,0
True,1.76908557903973,0
True,1.92878661988168,0
True,2.17870108995335,0
True,2.14455975414578,0
True,1.81622978187198,0
True,2.03882576936836,0
True,2.0439337863524,0
True,1.37769535419108,0
True,0.981327316297144,0
True,2.76131465923502,0
True,2.46591496671414,0
True,0.831236287380419,0
True,1.94911218891469,0
True,1.09317871236108,0
True,1.93259606668556,0
True,1.70846064310243,0
True,1.93540609252702,0
True,1.63823470923499,0
True,3.77798060525963,0
True,3.38096417579486,0
True,2.18778862699843,0
True,1.79126318063043,0
True,3.00855318638695,0
True,4.00176446803463,0
True,1.00866649379841,0
True,1.89205146253834,0
True,2.07650292735051,0
True,1.25601107770348,0
True,1.33249312838784,0
True,1.02882635577443,0
True,1.40614403194549,0
True,1.72232051736729,0
True,2.28193627509898,0
True,2.01821021747955,0
True,2.65283910263003,0
True,2.00283126113994,0
True,1.09302919635898,0
True,1.95813686308993,0
True,2.23376660281262,0
True,1.64509040238049,0
True,1.22531454126537,0
True,1.63096291337111,0
True,1.27638542200561,0
True,0.681393138250354,0
True,2.23854385495213,0
True,1.50104835787953,0
True,2.62430207742899,0
True,1.93181393762627,0
True,1.22512086298287,0
True,1.80591723837076,0
True,0.676340662809772,0
True,1.20584312316934,0
True,2.2757547927203,0
True,1.504881165723,0
True,1.95368720719133,0
True,0.955275932997744,0
True,2.61206586436849,0
True,2.37425168455912,0
True,1.56443109918184,0
True,1.38917548138891,0
True,1.37777907790698,0
True,1.77956784932623,0
True,1.62433662311858,0
True,4.20455816919135,0
True,1.59503747870081,0
True,1.55067822100731,0
True,2.710044882228,0
True,1.53558551816991,0
True,3.30898080233506,0
True,1.58272493397354,0
True,1.01500918635311,0
True,2.05674592472973,0
True,2.37246398047937,0
True,1.42267545543498,0
True,3.41480362738876,0
True,1.80075417979231,0
True,1.80860658411181,0
True,2.02723427114519,0
True,2.56072871053485,0
True,3.63276834785646,0
True,2.65816894805997,0
True,1.63330570925222,0
True,2.94112816883808,0
True,2.67125610295138,0
True,1.02659736164213,0
True,1.09753800135056,0
True,0.999316838071284,0
True,1.74439196293754,0
True,2.85429069396299,0
True,3.33166639632156,0
True,0.88943848903345,0
True,1.55788201950192,0
True,1.57414808384559,0
True,1.30086120323224,0
True,1.5768020555698,0
True,2.01018880879084,0
True,2.73695922540612,0
True,2.07787833966592,0
True,4.58177569917141,0
True,3.4347180647137,0
True,1.38146800657701,0
True,2.95665450572938,0
True,1.00130728761614,0
True,3.38731181096769,0
True,1.65773660035212,0
True,1.01626760310097,0
True,1.4201498980018,0
True,2.2087479553607,0
True,1.31794154469276,0
True,2.10440651656696,0
True,1.92505327926842,0
True,2.19527400784494,0
True,4.23313162196435,0
True,3.76757775219858,0
True,3.4826206886388,0
True,1.58535536302395,0
True,2.8236650313668,0
True,2.47642562241542,0
True,1.32727429250653,0
True,2.31959842347767,0
True,2.67038371510212,0
True,2.26519248015857,0
True,3.53270989220279,0
True,1.47504185167415,0
True,1.36212803110125,0
True,3.03354875604798,0
True,1.43637980798916,0
True,2.23455591585034,0
True,2.15556319597232,0
True,2.7500251921582,0
True,2.86052917957922,0
True,1.89021217319431,0
True,3.44692869042444,0
True,3.71067316200161,0
True,1.66481555573171,0
True,2.32628865192869,0
True,3.20999450168583,0
True,1.16160517904787,0
True,0.807900203956331,0
True,1.26297325889531,0
True,1.64814689871986,0
True,2.70352626938598,0
True,0.819100286056074,0
True,2.48846111560407,0
True,1.18146240965432,0
True,1.57836016058055,0
True,2.29362179180863,0
True,1.92544395516916,0
True,1.12931507811293,0
True,1.74812317019647,0
True,3.55966696485918,0
True,1.39185564936213,0
True,2.14025153866331,0
True,1.84370772777122,0
True,0.776419490987389,0
True,1.17685543623472,0
True,1.76287485960604,0
True,3.03805669357782,0
True,1.04718745138146,0
True,2.30150634689698,0
True,1.90303655900541,0
True,0.965835508686551,0
True,0.998731817326295,0
True,2.42221303543061,0
True,1.4906693586059,0
True,1.70942038812325,0
True,1.61551165893161,0
True,2.87877696551577,0
True,0.960391205194269,0
True,1.64222339247116,0
True,1.42864368813933,0
True,1.57615691232698,0
True,1.60088738794137,0
True,3.13915810367217,0
True,1.76257247510986,0
True,2.7275557885207,0
True,2.91557900971068,0
True,1.76192553237039,0
True,1.31376532611236,0
True,3.18748770128856,0
True,1.99277031920624,0
True,2.71094469528919,0
True,1.63135827392672,0
True,1.293859324271,0
True,1.08589553988454,0
True,3.00235932562693,0
True,1.56667358240619,0
True,1.51221051610126,0
True,1.23313901414915,0
True,0.811839513078051,0
True,2.12617896015456,0
True,4.08925158721691,0
True,0.73106245978062,0
True,1.52906513111479,0
True,1.09105701189214,0
True,2.25045410579265,0
True,1.73134447523703,0
True,2.86144783520712,0
True,1.60651179319305,0
True,1.28128278439756,0
True,1.93292531303008,0
True,1.92573377510256,0
True,1.50404938459262,0
True,2.33904077561528,0
True,1.14013710489876,0
True,4.15160372321159,0
True,3.10587682932275,0
True,1.79298681946009,0
True,1.40988620241261,0
True,1.56114105715523,0
True,1.04472053620941,0
True,2.3653953281279,0
True,2.43989224627402,0
True,1.69545285059559,0
True,1.94758748856339,0
True,3.16475166131094,0
True,1.29451259004801,0
True,1.47001584108463,0
True,1.66279209538961,0
True,2.45667362697407,0
True,2.3788671370947,0
True,1.11131384615135,0
True,0.964801681869418,0
True,1.55580335505385,0
True,2.47843539188053,0
True,1.57700230198283,0
True,2.3225169083079,0
True,3.42677907278197,0
True,4.1135111830786,0
True,0.76988340613395,0
True,3.23948064285463,0
True,1.34960782379819,0
True,1.33665858069071,0
True,1.23513789973118,0
True,3.34790535956925,0
True,1.02785244419381,0
True,2.6114360803795,0
True,1.93935540718514,0
True,1.82593722249719,0
True,1.49305132530121,0
True,1.45615141179694,0
True,1.32166600838958,0
True,4.61740429479976,0
True,3.87428968425048,0
True,4.00978240072479,0
True,2.71288770587609,0
True,1.52187890694742,0
True,1.74217019258955,0
True,1.27793471383888,0
True,2.77950565420587,0
True,2.37614422045884,0
True,2.38771251783498,0
True,1.05926119173013,0
True,2.01668827109633,0
True,2.08620820938216,0
True,1.54912190769985,0
True,1.46876513524115,0
True,1.51093169330041,0
True,2.60266359036438,0
True,1.78340324895755,0
True,2.85034527779233,0
True,3.58726344189691,0
True,0.789692702895528,0
True,1.17213274604906,0
True,1.48227648436032,0
True,1.89138563472485,0
True,0.766449750541154,0
True,3.26206371749406,0
True,2.35125335446752,0
True,2.76985246078552,0
True,1.42584062866848,0
True,4.04404601507024,0
True,1.96369245934318,0
True,1.1906792369562,0
True,0.804329367439112,0
False,1.30978364857975,0.000119747810022156
True,1.89064740636943,0
True,0.682200259696975,0
True,2.68262450801459,0
True,2.28024855304295,0
True,1.18975935947683,0
True,2.21785654547963,0
True,1.48605327098626,0
True,1.0336932082981,0
True,1.8881578250901,0
True,1.96418168476111,0
True,2.03865564656312,0
True,1.66192796780289,0
True,0.629074000080332,0
True,2.74099955404985,0
True,2.08546384403442,0
True,1.35806905689851,0
True,1.40453790270859,0
True,1.63338803972362,0
True,3.93338456749122,0
True,3.29691295318876,0
True,0.733308906399531,0
True,2.07620516818911,0
True,0.931837339512907,0
True,1.34458849673635,0
True,1.05555345108308,0
True,2.75192406545268,0
True,1.45457572406731,0
True,1.02494491313213,0
True,2.28434635219838,0
True,2.49519142342506,0
True,2.71551975688495,0
True,3.49667800240143,0
True,3.60719359116926,0
True,2.96144499424296,0
True,2.89613053891376,0
True,1.790466901083,0
True,0.622332758819659,0
True,4.16372362533558,0
True,1.52205352965489,0
True,1.81198167535664,0
True,2.79658725599982,0
True,1.51017291536782,0
True,2.0493822710674,0
True,1.97967018792774,0
True,2.01295528016889,0
True,2.7144665178326,0
True,2.09307347046484,0
True,1.79821883944292,0
True,1.12135676291471,0
True,2.26124695267195,0
True,2.15648378353396,0
True,1.18184957306726,0
True,2.08695955910449,0
True,1.39677112780117,0
True,2.63669613236555,0
True,1.40130882854969,0
True,1.74315615816832,0
True,1.80458852318154,0
True,2.03252311013896,0
True,1.75400857039043,0
True,2.69755616872462,0
True,2.55641639534802,0
True,1.57530458341326,0
True,3.17953741904539,0
True,3.38857342195994,0
True,2.56448379419105,0
True,0.854888795887407,0
True,1.26436233068558,0
True,1.57975333781993,0
True,2.85656370937555,0
True,1.26063986189276,0
True,0.993185835671599,0
True,1.06682015898687,0
True,2.75537454379902,0
True,1.53234634081885,0
True,1.90322348114895,0
True,1.78586698121891,0
True,1.44561962126235,0
True,3.13626921516439,0
True,2.36451755736299,0
True,2.09586209579084,0
True,0.573021625388223,0
True,1.65469952043331,0
True,2.93851711323184,0
True,1.10405656421489,0
True,1.74325566215192,0
True,0.922962533447605,0
True,2.11244684683973,0
True,3.28239869038382,0
True,1.53489170695854,0
True,1.31182788888875,0
True,1.24302606936588,0
True,2.07739395690677,0
True,1.17587679069836,0
True,0.891311352119415,0
True,1.14860603080981,0
True,1.37835086062532,0
True,1.05813996379293,0
True,1.02029633453413,0
True,0.601160982017412,0
True,1.28121977678294,0
True,2.12655026524273,0
True,1.87282978198292,0
False,1.15864035572122,0.000892485153076563
True,0.792724729860977,0
True,1.73698490780652,0
True,1.44407426122716,0
True,1.6383800651745,0
True,1.68841181953993,0
True,3.86630607151949,0
True,2.2996253439331,0
True,1.62352551156054,0
True,1.96268652721475,0
True,1.35526000484007,0
True,2.03222598976552,0
True,0.922545688549228,0
True,1.85352086010986,0
True,1.20081930858996,0
True,1.35411839258467,0
True,2.5526310879262,0
True,1.26040378633652,0
True,1.94987273606679,0
True,1.86589870500895,0
True,1.01704130868728,0
True,1.78374060571729,0
True,2.03308193020444,0
True,1.32291228760086,0
True,1.86457236486695,0
True,1.42047261065711,0
True,1.49620301952402,0
True,1.00678597703695,0
True,1.74897625391883,0
True,1.60449068702502,0
True,1.57785640441755,0
True,2.103672702981,0
True,4.02873053796059,0
True,3.16674840375046,0
True,1.80916525410942,0
True,1.24200868538443,0
True,2.12554295073497,0
True,4.48763207509619,0
True,3.15760902138388,0
True,1.34345812941182,0
True,1.25437451629674,0
True,2.30047335365949,0
True,3.4050199440881,0
True,1.52452774189678,0
True,1.30316990728728,0
True,1.12849122841973,0
True,2.26835288556993,0
True,1.44780889837853,0
True,0.778496032733742,0
True,2.62085604121221,0
True,1.51281626906925,0
True,3.85812493426996,0
True,2.67289243817682,0
True,3.16989354835197,0
True,1.56868421181065,0
True,2.17550626614997,0
True,1.52296950786304,0
True,1.58596443072102,0
True,1.13605134341288,0
True,2.00317600249013,0
True,2.33802115459581,0
True,1.09428377402374,0
True,1.02702274285776,0
True,0.980349544881164,0
True,1.92284387722431,0
True,1.58780175619755,0
True,0.657645912018389,0
True,1.75359377084291,0
True,3.29587233580887,0
True,3.86735013217572,0
True,0.879986524692683,0
True,2.2038839017088,0
True,1.09338240413596,0
True,1.86767313809377,0
True,1.26861742258276,0
True,0.913174585528679,0
True,1.35523377457901,0
True,1.43549063238102,0
True,1.34277851328597,0
True,1.96470799332537,0
True,1.5677437468211,0
True,4.21722315679941,0
True,1.37953000975381,0
True,1.73001838091698,0
True,1.63792673423052,0
True,1.42764548998953,0
True,1.90722474352098,0
True,2.34802410279419,0
True,0.991925702020979,0
True,1.19855454255511,0
True,2.10406968443314,0
True,4.49665967840768,0
True,3.38350469076922,0
True,0.905690985235803,0
True,3.47238540325403,0
True,1.90166393191386,0
True,0.740218748189861,0
True,1.25432094906569,0
True,1.20042325537592,0
True,0.816710132837573,0
True,1.70450858063707,0
True,2.38295468355137,0
True,1.78830254732433,0
True,2.2596254581921,0
True,2.18627586784614,0
True,2.72974583642685,0
True,3.68736722655334,0
True,2.30078714607939,0
True,2.05198670044752,0
True,1.27073302959279,0
True,1.66153354529959,0
True,1.1660700729784,0
True,1.51561721431315,0
True,0.766228336717835,0
True,3.29157822015848,0
True,0.998453638799331,0
True,2.51105954399593,0
True,1.56775968301865,0
True,1.09072492841296,0
True,1.66789953884122,0
True,1.26706216630433,0
True,1.1120550942107,0
False,1.47866271284432,0.000166439072306873
True,4.30562516808577,0
True,0.657128152782443,0
True,1.163126698192,0
True,1.33118201441332,0
True,2.13666501715089,0
True,3.36501695997526,0
True,1.92730811938448,0
True,2.17637794197211,0
True,1.25263849577546,0
True,1.32766645691627,0
True,2.06506697040696,0
True,1.21373490245307,0
True,1.59039857923364,0
True,1.86230097003353,0
True,3.94995611904065,0
True,0.485292535847649,0
True,2.82331537642367,0
True,3.16513022305114,0
True,3.96723505159426,0
True,2.63890603988107,0
False,2.11046051097401,7.9286872195394E-05
True,1.3843109073629,0
True,3.70451770996635,0
True,1.97456060580264,0
True,0.86974348567894,0
True,1.72169584281273,0
True,0.725165127082839,0
True,3.49734359750178,0
True,1.61671007386437,0
True,2.26170619946085,0
True,0.654534134465623,0
True,3.20638679147802,0
True,4.15213706211283,0
True,2.48666411139216,0
True,1.92922590424829,0
True,3.45362116066012,0
True,4.18778577889266,0
True,3.75033390569491,0
True,2.11057550951211,0
True,1.3153326039861,0
True,0.85583136559048,0
True,1.92627361302109,0
True,1.10490546358426,0
True,2.49454064974028,0
True,3.99740154012612,0
True,3.28111052562407,0
True,0.604375389450797,0
True,1.65190423101441,0
True,1.68065824303815,0
True,1.43308560244607,0
True,2.95044605484586,0
True,2.31831292125262,0
True,2.63822338856794,0
True,1.1499633222626,0
True,1.31698274666327,0
True,2.6783681812521,0
True,1.61285231638734,0
True,0.776611414318315,0
True,2.49866464206254,0
True,4.07744092573013,0
True,1.45041939519514,0
True,0.765594158707983,0
True,1.23378575816548,0
True,0.911613294860835,0
True,2.63442303087124,0
True,2.15679000434027,0
True,3.33943276518289,0
True,2.73451996754874,0
True,0.998948019589066,0
True,2.19019036487075,0
True,1.42927969374382,0
True,2.59398789373079,0
True,1.34077276231922,0
True,1.58744846579351,0
True,3.2208698023914,0
True,1.64184966340093,0
True,0.871185782909305,0
True,3.0018601161922,0
True,0.967918647424877,0
True,1.12003198062981,0
True,2.0317283385367,0
True,2.25044870714793,0
True,2.15651683337968,0
True,1.74490661762536,0
True,1.07870840891852,0
True,2.69085060961282,0
True,0.746150097253877,0
True,1.82872332169418,0
True,1.57849099054172,0
True,0.769518874635352,0
True,1.97199482367982,0
True,1.79259281909267,0
True,2.89756890091621,0
True,1.75688556357648,0
True,3.4543029926785,0
True,2.47034243317843,0
True,1.25760407087166,0
True,0.887362090508884,0
True,1.82317282983151,0
True,2.20379869746164,0
True,2.58566739984176,0
True,1.44476845807534,0
True,1.12126103561417,0
True,1.74764437606697,0
True,2.49058394618346,0
True,3.13433837534153,0
True,2.09028298748029,0
True,1.41606148494762,0
True,1.84031057601913,0
True,1.54250766413709,0
True,1.22205048910843,0
True,2.0755740679298,0
True,1.98344188836684,0
True,0.836669234077707,0
True,0.875416256728732,0
True,1.6226192278274,0
True,1.82777703709005,0
True,1.19276771581077,0
True,4.01919408609483,0
True,2.66432985315584,0
True,2.59463841983707,0
True,3.81194263904622,0
True,1.4939103659181,0
True,1.69454807804655,0
True,1.17460866545615,0
True,1.35544714478832,0
True,1.50712376169234,0
True,2.34951234613605,0
True,1.23014634640668,0
True,1.18230853180881,0
True,3.92184041161589,0
True,2.52233382317335,0
True,1.48254088362281,0
True,0.577177328867665,0
True,3.5542028674875,0
True,1.01067993630203,0
True,1.89136068805644,0
True,2.24197373183595,0
True,4.49967992282026,0
True,1.84292157379876,0
True,0.967049022735933,0
True,1.58862347973924,0
True,1.4747560247966,0
True,1.97037773679096,0
True,2.3210722441097,0
True,1.88352016570109,0
True,2.61915315609239,0
True,1.13545398005901,0
True,1.43543458836063,0
True,2.40292366264989,0
True,2.64880553522104,0
True,1.10338122584486,0
True,2.33686026548017,0
False,1.21195279046518,0.000218904052271486
True,0.744504741361171,0
True,3.88522168509602,0
True,0.782414692953162,0
True,1.80127434789643,0
True,1.15979816360256,0
True,3.15437829466263,0
True,1.14750596765344,0
True,1.98718703526857,0
True,1.33821726759189,0
True,1.23935294770633,0
True,0.913821336653829,0
True,0.991260954715029,0
True,2.02995567003073,0
True,1.321211417171,0
True,3.39712643142739,0
True,1.25406496945364,0
True,2.03070609350904,0
True,2.19381205397011,0
True,1.42082667270588,0
True,1.34880415668538,0
True,1.22325855758919,0
True,1.21069941527795,0
True,2.06053596641339,0
True,3.26485117794323,0
True,1.50055857247697,0
True,1.48866942074662,0
True,1.42778742959194,0
True,1.35013853866827,0
True,1.84417893594362,0
True,2.31149738401722,0
True,1.21630129085512,0
True,1.68361521520472,0
True,2.10178812013582,0
True,2.37244657654582,0
True,1.42598312329837,0
True,2.20515957981484,0
True,1.89509233965222,0
True,1.87325449741609,0
True,1.20882594095466,0
True,1.08128972472839,0
True,3.70666408853934,0
True,1.0497348828399,0
True,2.46358962971055,0
True,2.58758478706299,0
True,2.51806613318542,0
True,1.71206093948355,0
True,1.17492129573541,0
True,1.45467688463798,0
True,2.12012655175888,0
True,1.5636340392989,0
True,1.28926687281167,0
True,1.46146550366152,0
True,1.09630991853199,0
True,2.33289166945103,0
True,2.72494022932935,0
True,2.36727212491733,0
True,1.61547905393985,0
True,3.9303602964009,0
True,2.825344341332,0
True,3.27525412298149,0
True,2.08390371291958,0
True,3.01709915612774,0
True,2.27526845348984,0
True,2.79565515647094,0
True,0.798146827135661,0
True,2.68780636185241,0
True,2.68486020733895,0
True,1.95355648379387,0
True,1.82712911233076,0
True,1.10814374145834,0
True,1.39305835804162,0
True,2.59029920077172,0
True,2.75091307361715,0
True,1.9341291241084,0
True,3.71388748080359,0
True,1.51330117149341,0
True,1.79139435390039,0
True,1.87868740502775,0
True,2.69487208875597,0
True,1.11266145911577,0
True,3.00104082598012,0
True,2.45647351890909,0
True,1.48837923235749,0
True,1.0826206930514,0
True,1.2516894633768,0
True,1.50211577947715,0
True,0.796142226583779,0
True,1.49626580396091,0
True,1.60545618348647,0
True,1.5643168347738,0
True,0.934457383412461,0
True,1.73153312982443,0
True,1.8194772183836,0
True,1.18073825879209,0
True,3.00212457264182,0
True,1.77136848302527,0
True,2.28414066223757,0
True,2.74130777501175,0
True,1.69010183739399,0
True,0.641504880226922,0
True,0.644681996716189,0
True,2.11729652530505,0
True,0.66075936500094,0
True,2.68142678902775,0
True,1.0772415340593,0
True,2.23183382939986,0
True,1.02053439543672,0
True,1.25500499253112,0
True,1.19699986488441,0
True,1.64380078501122,0
True,1.95773474073749,0
True,1.98672804107764,0
True,1.14082128360972,0
True,3.75609018467988,0
True,2.8764516981189,0
True,2.91220638679293,0
True,3.16085969965329,0
True,3.45022238967871,0
True,2.84956384106016,0
True,1.73792172333818,0
True,1.33422951081158,0
True,1.4709295540034,0
True,1.43456449927895,0
True,3.43900441404652,0
True,1.52265373105038,0
True,1.77283440618959,0
True,1.42503517227682,0
True,4.3983956890054,0
True,1.23786290002723,0
True,2.00378953294977,0
True,2.87221468430818,0
True,3.11531830441326,0
True,1.63591217784737,0
True,1.18408263922998,0
True,1.06922980739773,0
True,1.40733157293298,0
True,2.6421010946785,0
True,1.26653817315479,0
True,1.28696443768369,0
True,1.70054391851306,0
True,2.49924787668855,0
True,3.65832026431166,0
True,2.29006099537631,0
True,1.17704441657745,0
True,1.36992802772794,0
True,1.6475531746231,0
True,0.904951529219486,0
True,1.47513524977462,0
True,0.969368473520652,0
True,1.11063682642636,0
True,0.929566284815588,0
True,1.81543279908989,0
True,2.91574536853788,0
True,2.70085881671103,0
True,1.18635567815716,0
False,0.720097780289178,0.000173522846555618
True,2.34597983032975,0
True,1.14824059811067,0
True,2.26904643199436,0
True,2.13142926491783,0
True,1.8556156278079,0
True,1.41818824854719,0
True,1.05679451662515,0
True,1.56875044789987,0
True,2.56625117050364,0
True,1.29183732251278,0
True,1.61034764016985,0
True,1.41039935353955,0
True,3.4659332475627,0
True,3.73789919415708,0
True,0.920650948099889,0
True,1.94093275711031,0
True,2.75109613053527,0
True,2.24975512480665,0
True,1.987061972756,0
True,2.41930422731475,0
True,2.22761452497988,0
True,1.09765224048146,0
True,2.52921045250231,0
True,1.9733384098685,0
True,1.43389755556015,0
True,2.60691464995329,0
True,1.9101141654124,0
True,2.38922908834843,0
True,1.28954986728354,0
True,3.73113191460428,0
True,0.951214164665153,0
True,1.99730770103079,0
True,0.8380251794529,0
True,1.13557901873266,0
True,2.3321947259354,0
True,1.981719029503,0
True,3.04801772973876,0
True,0.981037684398216,0
True,1.38714919800396,0
True,1.13869340472515,0
True,1.10688259873889,0
True,2.03348621483112,0
True,3.02282682216287,0
True,2.40542763007272,0
True,0.696579415823982,0
True,1.29509323877522,0
True,0.968039677163619,0
True,1.44176811593434,0
True,2.02751913092036,0
True,3.07829433935581,0
True,2.02751918135082,0
True,0.980163322897822,0
True,1.20189118631458,0
True,1.67509186886761,0
True,0.831272030463807,0
True,2.7524000196653,0
True,1.6037878592971,0
True,1.72014151736172,0
True,1.741216103275,0
True,2.16660940897096,0
True,2.48495583327661,0
True,0.958914192649095,0
True,1.15353355077283,0
True,2.22659862725702,0
True,2.45332077292043,0
True,0.59138956598921,0
True,1.30961746877981,0
True,1.72964212883795,0
True,1.18139451980802,0
True,1.04190323772996,0
True,1.12406795940587,0
True,1.57785674781438,0
True,1.39610667090622,0
True,2.31684232593861,0
True,1.54614241278858,0
True,1.71517718533218,0
True,1.51158025408196,0
True,1.43909784237158,0
True,1.38466854757244,0
True,1.5693460180513,0
True,1.34995310008435,0
True,1.7791444070902,0
True,3.07966955023859,0
True,3.1176487012605,0
True,0.821873104818882,0
True,1.35828956490973,0
True,2.51423641986164,0
True,1.83087675544423,0
True,4.15826889090158,0
True,1.61123147666952,0
True,1.52306193626485,0
True,1.36548973148598,0
True,1.19154984336836,0
True,1.17756828018482,0
True,1.36523335813839,0
True,1.7992247865943,0
True,1.39813229650231,0
True,1.48911561357413,0
True,3.85612509224224,0
True,2.77602537634115,0
True,4.06380042403854,0
True,1.42909268020552,0
True,1.28495886746264,0
True,2.74574884277629,0
True,1.09715675836267,0
True,1.53962900656612,0
True,2.56898950518334,0
True,2.06898101917824,0
True,2.6939871369626,0
True,1.54684559580748,0
True,2.06974694519188,0
True,2.25670371181466,0
True,1.4564791116654,0
True,1.8719611461796,0
True,1.55377455135874,0
True,1.22770234369234,0
True,1.89369842823548,0
True,1.74763583932172,0
True,0.93795176575144,0
True,0.677010608704837,0
True,2.21683271047992,0
True,2.1113827546037,0
True,2.61324477081658,0
True,2.91745933341224,0
True,1.46066078189563,0
True,2.93804214071825,0
True,3.1897063852383,0
True,2.25049229031715,0
True,1.35424567233316,0
True,1.209011082051,0
True,1.63419181686403,0
True,1.79248366384774,0
True,1.38788130147774,0
True,1.09453039797528,0
True,2.19602860750047,0
True,1.56342552653257,0
True,1.55731416038926,0
True,1.38758828350869,0
True,1.77257440006305,0
True,1.14504216516558,0
True,1.67502531188458,0
True,1.78098564301154,0
True,1.33910328597581,0
True,0.802858207626332,0
True,1.72833836310979,0
True,2.14183644363614,0
True,0.67954719581765,0
True,2.00817863596017,0
True,1.38167056268861,0
True,2.02985018537541,0
True,1.62431401414907,0
True,1.49625078163731,0
True,3.93592684928756,0
True,2.5137293253251,0
True,1.3438759725677,0
True,1.6938143899922,0
True,0.935655582560225,0
True,2.01328396724533,0
True,1.76612891109935,0
True,3.48488645462223,0
True,1.51300476763225,0
True,1.32923334195513,0
True,2.50242464200116,0
True,2.34844859450208,0
True,1.13416643174033,0
True,2.30501201667526,0
True,1.9696157835335,0
True,3.58449973880369,0
True,2.59804865727064,0
True,3.37294594744268,0
True,1.708779279061,0
True,1.97221447688261,0
True,2.52242479300926,0
True,1.8281950066976,0
True,2.08086816847559,0
True,2.24013978475515,0
True,1.25953723712282,0
True,2.38267298507681,0
True,1.51709275292312,0
True,1.54015415787051,0
True,1.17890709544701,0
True,2.11279779495331,0
True,2.46999752379131,0
True,1.31745554248629,0
True,1.73171208679174,0
True,1.17512680704517,0
True,2.57960270004845,0
True,2.04544433152964,0
True,1.66234265246052,0
True,1.80757112527821,0
True,2.4340185241451,0
True,1.69335635744155,0
True,1.66222104041443,0
True,1.19850405149065,0
True,2.55817956771755,0
True,1.57576898399443,0
True,2.14947997741842,0
True,3.5947474575024,0
True,0.970655265719712,0
True,0.770322388617495,0
True,1.05744992891667,0
True,1.3937712776583,0
True,1.60083798646384,0
True,0.714437589839315,0
True,3.60873451327346,0
True,2.04391739260975,0
True,1.47245901789543,0
True,2.09250963669561,0
True,2.35616376906912,0
True,2.02210356925687,0
True,1.04960879827102,0
True,1.63967233861759,0
True,1.79997717059633,0
True,2.08327523741206,0
True,2.47499181527304,0
True,1.85546551610426,0
True,2.58614884361718,0
True,1.2326323493867,0
True,2.48976922008481,0
True,3.80711689532253,0
True,2.13124645816275,0
True,1.20484865168889,0
True,1.50599015402563,0
True,2.39603070771867,0
True,1.37945276839912,0
True,1.3674345097048,0
True,1.14943717039958,0
True,1.83890576094016,0
True,2.02643212046343,0
True,1.93892639577136,0
True,2.76697482716275,0
True,2.17976835206265,0
True,1.19842501742739,0
True,2.88412558821994,0
True,1.87159107268465,0
True,2.30464895205934,0
True,2.15110190294094,0
True,2.4291124895792,0
True,1.01008199951286,0
True,0.951192424051559,0
True,2.6827950709479,0
True,1.8232773855343,0
True,1.153090742758,0
True,2.43621033058065,0
True,1.03716016642508,0
True,2.34443553701897,0
True,2.49121396445741,0
True,1.56966892133961,0
True,1.96133579619359,0
True,1.75898579524806,0
True,3.19280557607861,0
True,2.05413683671767,0
True,2.34848277178804,0
True,1.47655742365962,0
True,3.17892763208748,0
True,2.56622896402507,0
True,3.20471084129217,0
True,3.73924710024718,0
True,1.37158334829894,0
True,0.767624501943339,0
True,1.46844255621326,0
True,2.36663394580404,0
True,2.40773477440016,0
True,2.796564192347,0
True,2.04049102216742,0
True,1.36631647580584,0
True,2.30227813840138,0
True,2.15159645178398,0
True,1.26876428675239,0
True,1.37530203295618,0
True,1.6180459157756,0
True,1.36452095985803,0
True,2.04820355969859,0
True,2.2939637113395,0
True,4.40957188233808,0
True,4.06232177659653,0
True,1.17122088005283,0
True,1.91338231532648,0
True,0.936779255223187,0
True,0.855744826330743,0
True,1.07189510170542,0
True,2.01395569336307,0
True,1.85879777130416,0
True,2.2184178479586,0
True,1.44502843769307,0
True,3.98729066879238,0
True,1.18689485045049,0
True,1.6475808870986,0
True,1.13656662167301,0
True,0.96147142067011,0
True,2.24917223826362,0
True,1.56299475016497,0
True,1.48780168919895,0
True,2.90451397579788,0
True,1.79691489550158,0
True,1.72587964918141,0
True,1.17109463085937,0
True,4.21694835258464,0
True,1.40011904120379,0
True,1.73101117417544,0
True,2.00761147354587,0
True,3.24914025443083,0
True,3.45709898323758,0
True,1.41513520073108,0
True,4.25753600426124,0
True,0.831789721295466,0
True,1.36697115002267,0
True,2.48109617454948,0
True,2.66691645370405,0
True,1.83920180228436,0
True,1.05609071693454,0
True,1.30494895205222,0
True,2.04275437629295,0
True,2.08370257659505,0
True,1.97112919007314,0
True,1.65706151019757,0
True,1.99200465336085,0
True,1.60987747477233,0
True,1.54214145849707,0
True,2.53113311574274,0
True,2.27828510092387,0
True,3.30559433771807,0
True,1.89192552580091,0
True,1.92649235492432,0
True,2.63990197696681,0
True,3.45579754391385,0
True,2.37686207332609,0
True,2.26692561687794,0
True,0.849697879326813,0
True,2.21156230227547,0
True,1.02032390577432,0
True,1.17144277625801,0
True,1.72360590267008,0
True,1.89202233538019,0
True,2.25676121895283,0
True,1.61535097939455,0
True,1.50244017299322,0
True,3.35530961520324,0
True,2.53627815596351,0
True,1.25762833016136,0
True,1.04363096343036,0
True,2.18503190634692,0
True,1.91737496334688,0
True,0.876823214584463,0
True,3.6729670123391,0
True,2.33904036525421,0
True,1.28659825529387,0
True,2.46091395025638,0
True,2.55443389462161,0
True,3.59649757954578,0
True,1.97892275125264,0
True,1.53103972970416,0
True,1.80095918420674,0
True,1.92848724406534,0
True,1.95005050164989,0
True,2.09773706695709,0
True,2.6403385871445,0
True,1.02882020803735,0
True,2.54844881195796,0
True,1.61787563949802,0
True,2.5892729783908,0
True,2.73229861359549,0
True,0.836043572708999,0
True,1.08044197912313,0
True,2.63405071860716,0
True,2.22186464998541,0
False,1.6942755522076,9.54856482207302E-05
True,1.40553998381556,0
True,1.09936721338369,0
True,3.92182542286088,0
True,1.98468391825897,0
True,2.15664215955298,0
True,1.40017506764627,0
True,1.45183752298334,0
True,2.3079673615571,0
True,2.01582421012551,0
True,2.08740507952649,0
True,1.22446565222196,0
True,1.03483381358233,0
True,1.64934683588595,0
True,2.28847371187509,0
True,1.64822376236783,0
True,0.988743230485529,0
True,2.16603697310712,0
True,1.44298754432629,0
True,1.60443500540425,0
True,1.45418001875609,0
True,1.35212641248797,0
True,2.67132232262776,0
True,2.2616292581943,0
True,4.284549166956,0
True,1.785170101739,0
True,2.54592116781925,0
True,1.14278050379052,0
True,1.33861699116053,0
True,2.71831568199267,0
True,2.56809899903027,0
True,2.56391146004078,0
True,1.84355967686155,0
True,1.22010024338355,0
True,1.21497906694853,0
True,2.18001916420888,0
True,2.53603423073318,0
True,2.41259739235718,0
True,1.6075382080929,0
True,1.78379088954143,0
True,2.37238532778719,0
True,1.65936227313966,0
True,1.49936694015994,0
True,1.69638464537474,0
True,2.09816676174683,0
True,1.67834584166723,0
True,1.49787364560537,0
True,1.4254314668369,0
True,1.08629170181706,0
True,0.950279127777205,0
True,2.7177772816613,0
True,2.38093518111144,0
True,1.43117285866606,0
True,1.44141964404001,0
True,2.15765360986061,0
True,1.49369577325021,0
True,2.34813625122605,0
True,3.11917718902579,0
True,0.854425155986587,0
True,2.37096673814222,0
True,0.959059771054735,0
True,0.991836917701955,0
True,1.77385470955581,0
True,1.59395040122583,0
True,1.04222832377091,0
True,1.08740074407274,0
True,0.997141030797654,0
True,2.13353180815095,0
True,2.22311544281451,0
True,1.81519081488519,0
True,1.13726674928094,0
True,1.1146874644327,0
True,2.16439929752261,0
True,1.30796749573942,0
True,1.05860078297433,0
True,1.23462842989815,0
True,1.06162816669086,0
True,1.17185032959019,0
True,0.923323148689374,0
True,3.36567908752716,0
True,2.05357052819913,0
True,1.88995093166597,0
True,2.90505857190734,0
True,1.32628345063209,0
False,2.54903614558172,0.000279718234982496
True,2.13838979935497,0
True,2.78899973130261,0
True,1.3058933371419,0
True,1.36733893995914,0
True,1.48418176737168,0
True,2.3784840976773,0
True,2.89197895278279,0
True,2.58980043109225,0
True,1.8328233307861,0
True,2.33902821006157,0
True,1.73809547024785,0
True,1.11996781159514,0
True,1.09370152375384,0
True,1.23391891798127,0
False,1.6429428254643,0.000156320150114031
True,4.55128159545817,0
True,2.08852731428981,0
True,1.46998807236128,0
True,2.85693757565886,0
True,0.825342929681814,0
False,1.08377245114488,0.000253929085887695
True,1.23448403533732,0
True,2.21636298726616,0
True,1.69534851066087,0
True,1.22564335842086,0
True,1.15957640850766,0
True,0.595218624124438,0
True,1.79695432042874,0
True,3.38469313358123,0
True,1.73144048915518,0
True,1.00691331343755,0
True,2.70471189368737,0
True,1.60315581478055,0
True,1.63106588754251,0
True,2.46474009573414,0
True,2.4227942738797,0
True,1.6016554485359,0
True,0.730910811906098,0
True,1.55785092071646,0
True,3.74612629317304,0
True,2.16081792353974,0
True,2.5803203726059,0
True,2.43595203600097,0
True,2.67300449506643,0
True,2.00122417393364,0
True,1.43367025642746,0
True,1.12436798135273,0
True,1.22374233778148,0
True,4.13528305069685,0
True,2.6860112816589,0
True,2.29912281891512,0
True,2.25516063198316,0
True,1.01908377388837,0
True,2.14779015796016,0
True,2.13474812493701,0
True,3.38720484917925,0
True,2.36693412021953,0
True,2.69923706769871,0
True,3.72531519237561,0
True,2.00516723826071,0
True,1.91184135336666,0
True,2.16280452644072,0
True,2.17457610978086,0
True,2.26669177104704,0
True,1.89173697375259,0
True,1.10819358142035,0
True,1.5088465143881,0
True,1.86123968216181,0
True,1.68149858139641,0
True,0.736674888636303,0
True,1.03396668434932,0
True,1.60535795194906,0
True,2.00517753982831,0
True,2.84026912280498,0
True,2.45222399458973,0
True,1.67023114655279,0
True,0.962167260509298,0
True,1.99323541561639,0
True,3.34263870735517,0
True,1.83005556412997,0
True,1.5156619381968,0
True,2.5295892371817,0
True,1.39471769804668,0
True,1.47658350855761,0
True,3.27074420167395,0
True,1.38080312530251,0
True,1.81813347014805,0
True,2.9249856112061,0
True,2.94534960408088,0
True,1.95176016622219,0
True,1.78907247965185,0
True,0.879813867184546,0
True,1.61901195444451,0
True,2.28369333032991,0
True,1.76029878456366,0
True,2.10426152968325,0
True,1.72089912341931,0
True,2.46989437202681,0
True,1.64390891227032,0
True,1.88779982475923,0
True,1.29521904605362,0
True,2.12361250812828,0
True,3.49454968766427,0
True,2.23484849796277,0
True,1.28549909856499,0
True,1.5340327879898,0
True,0.684354399734264,0
True,0.963204150852025,0
True,2.02780785751703,0
True,1.13362183143982,0
True,1.56572715630801,0
True,3.00062020355445,0
True,1.44333372411198,0
True,1.70989368570545,0
True,1.49080074573437,0
True,2.1762821312166,0
True,3.01851751948733,0
True,1.79115662018673,0
True,1.99746995407495,0
True,3.2218219848478,0
True,1.31757640142028,0
True,1.76243787841569,0
True,2.30814266995786,0
True,0.959524123250002,0
True,1.91100776666779,0
True,1.70360867245294,0
True,1.00605049962143,0
True,1.41351461644434,0
True,2.44387661250961,0
True,1.47471433477373,0
True,1.97048524061138,0
True,1.89289280149752,0
True,2.24982737658051,0
True,1.71905290360875,0
True,2.16062304965468,0
True,2.42923068520435,0
True,1.2354611881259,0
True,0.972377280780386,0
True,1.23089126774434,0
True,1.58584316821228,0
True,1.95395529835011,0
True,2.18385689021095,0
True,1.2251811719255,0
True,1.55847876125471,0
True,1.09249502710075,0
True,1.69871262625575,0
True,1.68377763933589,0
True,1.80838326875525,0
True,1.94918688953206,0
True,0.659142178847003,0
True,1.09060751842116,0
True,1.94455300079428,0
True,1.85018841477303,0
True,2.6633966531401,0
True,1.36366579588053,0
True,1.28808679112749,0
True,1.10479112686974,0
True,2.42100964044086,0
True,1.7542089059276,0
True,2.23597085228206,0
True,3.02696222582332,0
True,2.22643495376962,0
True,1.35147739396087,0
True,1.36259338772119,0
True,1.41811318757391,0
True,2.08165186297273,0
True,1.0409233369365,0
True,1.54678792678863,0
True,4.54374307020537,0
True,2.50484489412466,0
True,1.50484883025969,0
True,1.2623448342759,0
True,1.67845232200167,0
True,1.97077041029378,0
True,0.971271750005292,0
True,3.53375129443919,0
True,2.61497451539334,0
True,2.44827709043759,0
False,1.7050932059885,0.000305185616527164
True,1.3446136982402,0
True,1.18311172503995,0
True,1.33577020525803,0
True,2.88615362021124,0
True,2.90687475022897,0
True,2.20522973922587,0
True,1.19481115705684,0
True,1.68655378514484,0
True,0.85322638991731,0
True,3.41019726849399,0
True,1.90704253534001,0
True,2.82825432245974,0
True,2.66405868900963,0
True,2.68462231351268,0
True,3.103141133072,0
True,1.69081616021581,0
True,2.67231931817246,0
True,3.52221133428954,0
True,0.694168781696058,0
True,1.1535531911062,0
True,1.12094068462502,0
True,2.05730959987998,0
True,3.05586132700361,0
True,2.67578924192788,0
True,3.41528490980561,0
True,1.81924931295363,0
True,1.49350621748223,0
True,0.761380886428467,0
True,1.97931958644735,0
True,2.45140046901469,0
True,1.27602348584748,0
True,1.99631305915564,0
True,2.51745791635035,0
True,2.14226560441156,0
True,1.66831351183512,0
True,2.04453003067182,0
True,2.39799874528547,0
True,1.6906109682091,0
True,3.63596086054281,0
True,3.01154327282998,0
True,2.35222122939355,0
True,1.38284679596562,0
True,1.96957877739472,0
True,1.68777475694646,0
True,2.62999338662571,0
True,2.2776700317047,0
True,1.16021467258977,0
True,2.53320159263407,0
True,2.9946513904245,0
True,2.04905528063274,0
True,4.12633358724123,0
True,1.92936092870127,0
True,1.16402268732005,0
True,3.35491939449782,0
True,2.28031411929593,0
True,1.08515383219015,0
True,1.28132325449021,0
True,2.35563297566341,0
True,2.07186722381278,0
True,1.20416634956852,0
True,3.4575097585539,0
True,2.38769611441043,0
False,1.67601845431999,9.69503857070254E-05
True,0.993354409332702,0
True,2.18795609411215,0
True,2.34713575179781,0
True,1.77086979442108,0
True,1.77950373975922,0
True,2.13588573896225,0
True,1.73909879809901,0
True,1.29281837914973,0
True,1.31701192668421,0
True,3.37546007812472,0
True,2.18249286433795,0
True,1.31268280471988,0
True,0.796695848855402,0
True,1.63091230676309,0
True,2.28469666567712,0
True,1.79830798538143,0
True,1.04773149019484,0
True,3.76418815413151,0
True,2.42928189384939,0
True,3.00254084445848,0
True,0.946547314713534,0
True,1.57895097909474,0
True,3.01276980293951,0
True,1.78498556487683,0
True,1.70905760716949,0
True,1.88349141913037,0
True,0.967555040449754,0
True,1.27370956769517,0
True,3.78434958370566,0
True,3.98681578772041,0
True,1.44457857500586,0
True,1.37067305250601,0
True,1.17052261443369,0
True,1.16580058831595,0
True,2.07317041858932,0
True,2.10361289212779,0
True,1.16408941075537,0
True,3.32490236546691,0
True,4.35769024412139,0
True,2.10607317689897,0
True,1.96441210422224,0
True,1.79560033222139,0
True,3.06956152027437,0
True,1.91984699407378,0
True,0.865364895414575,0
True,1.79719428252039,0
True,2.55084587110027,0
True,1.94265547563355,0
True,1.67666367024861,0
True,2.19937061319812,0
True,2.72616811802034,0
True,1.10994245530935,0
True,1.11894490430474,0
True,2.61085779303644,0
True,2.61868911326405,0
True,2.02309663307356,0
True,1.40788468299403,0
True,1.1752029155911,0
True,3.3973883104362,0
True,0.93637778384323,0
True,1.59978500885158,0
True,2.35146687566075,0
True,1.72150634082919,0
True,2.59734416003902,0
True,2.61265228549134,0
True,1.20749770926399,0
True,2.31420103592805,0
True,1.77614616952315,0
True,2.04452040949638,0
True,1.54151528554614,0
True,1.0207893282015,0
True,2.42401632486054,0
True,2.85358998873872,0
True,2.66781537873876,0
True,2.62444602408209,0
True,1.37105253280633,0
True,1.03402605462951,0
True,3.53623862613448,0
True,1.39389579252178,0
True,1.28709168868323,0
True,2.66970677302113,0
True,3.39477988264518,0
True,0.86854281200003,0
True,3.48550849093236,0
True,2.54207031663282,0
True,1.79422696173159,0
True,1.57060591022196,0
True,3.67941393695134,0
True,2.29619650115313,0
True,1.71717462810072,0
True,3.85322108702344,0
True,2.60357486981583,0
True,2.01569929218386,0
True,1.35706177134744,0
True,0.961442946832454,0
True,1.10982704115403,0
True,2.04041412704377,0
True,2.09293426829065,0
True,2.05190534578765,0
True,0.920463979344079,0
True,1.11252416204301,0
True,0.833996974374667,0
True,1.59152696661922,0
True,2.25731080134267,0
True,2.61302075856141,0
True,1.02275750085623,0
True,0.886093505684334,0
True,1.50669614857745,0
True,1.64810574756808,0
True,1.96750137237737,0
True,1.59073554129983,0
True,1.89291152883333,0
True,3.45136088387851,0
True,2.75250163406557,0
True,1.40255805591297,0
True,3.6180599657787,0
True,2.92203507088778,0
True,1.97391729319638,0
True,1.2765252907196,0
True,1.28424398835719,0
True,1.55837650252099,0
True,1.9299032423409,0
True,1.88161238098203,0
True,1.41439476976212,0
True,1.70694264141188,0
True,1.02858304300146,0
True,1.37610021107971,0
True,2.04867551126738,0
True,1.31334673787599,0
True,1.33255656522212,0
True,1.65258056720583,0
True,1.58669477600447,0
True,2.95111138060828,0
True,2.6484479768002,0
True,1.12353740586119,0
True,2.10635325390606,0
True,2.97575254814286,0
True,2.29044962843073,0
True,2.47387221193497,0
True,2.8249093190626,0
True,2.6186426301018,0
True,3.50936297067294,0
True,1.24879077953481,0
True,1.44991204638515,0
True,2.53246422568402,0
True,0.913064502726228,0
True,2.12010344934787,0
True,2.00888169146131,0
True,1.70902934429291,0
True,1.40698477246396,0
True,1.58953301093595,0
True,1.97658399819836,0
True,1.38659834961272,0
True,2.19496310887749,0
True,1.76659036070148,0
True,1.86395920487518,0
True,2.10738589221787,0
True,1.95431796147038,0
True,1.62148134644212,0
True,3.03673039492241,0
True,2.49187096569089,0
True,1.10849358078299,0
True,2.74991383525278,0
True,2.39450938552655,0
True,1.9014791970686,0
True,2.39672315675928,0
True,2.82468611035313,0
True,1.70837461555646,0
True,1.81367991121775,0
True,0.690538407775894,0
True,2.19031240481561,0
True,2.13290620764948,0
True,1.37684998465099,0
True,0.903106838120664,0
True,1.08819240158423,0
True,0.724762338292559,0
True,2.20936404683243,0
True,2.3641408258485,0
True,0.659577056028798,0
True,2.01172200425462,0
True,3.57133116680594,0
True,3.01647047021544,0
True,1.02149256181292,0
True,1.3638075164171,0
True,2.12742703530397,0
True,1.9439093580231,0
True,2.38455957631463,0
True,3.3997745806368,0
True,2.39814589649066,0
True,2.19629607302303,0
True,2.0232814841249,0
True,1.71160271312803,0
True,1.99312412173842,0
True,3.2399513563038,0
True,1.61599870649111,0
True,3.257528941096,0
True,2.8544124674361,0
True,0.735851138329565,0
True,2.72921073117279,0
True,1.27098009138843,0
True,3.4328363807668,0
True,1.67595414775834,0
True,2.77896330346015,0
True,2.18801475989738,0
True,2.04542616389405,0
True,2.2014765122465,0
True,1.99702807088444,0
True,3.62327967084524,0
True,2.34415466708546,0
True,1.2345737443667,0
True,1.22737109661028,0
True,1.43189085706199,0
True,1.82765068804381,0
True,2.10386910720175,0
True,1.19009288178863,0
True,2.09255513001597,0
True,2.37439446351762,0
True,0.758447782823396,0
True,0.943945380710459,0
True,3.42645281695603,0
True,2.97386737076026,0
True,1.71311390820881,0
True,3.10716970448921,0
True,1.35364519158776,0
True,3.63839151411512,0
True,3.5402581244412,0
True,1.47079386488222,0
True,1.69580571699626,0
True,2.526003484678,0
True,2.2385918113447,0
True,2.51980900066901,0
True,0.583196521858705,0
True,1.53808321777276,0
True,2.92397053314161,0
True,1.10859822696828,0
True,1.51757201903087,0
True,1.16363438475945,0
True,1.49336136017767,0
True,2.09678883305811,0
True,1.55534260739865,0
True,2.24284067444371,0
True,2.34320031327004,0
True,2.25728571731613,0
True,3.44731710617885,0
True,1.19534719330007,0
True,1.85503654059064,0
True,1.74578117026101,0
True,3.05642112820766,0
True,3.62858652557886,0
True,1.68637166141531,0
True,0.59873653712665,0
True,3.66218406825322,0
True,0.950279433979346,0
True,2.10400410571034,0
True,1.7586953596879,0
True,1.95976011640368,0
True,2.18581856458546,0
True,1.65801953526188,0
True,1.18353678524452,0
True,4.07984464077176,0
True,1.70213336611319,0
True,1.42766249901145,0
True,1.62734593362733,0
True,3.46997354045839,0
True,1.59318193178119,0
True,4.06083130463993,0
True,4.03589040190995,0
True,1.48873160661183,0
True,0.972528891628254,0
True,0.960721862462244,0
True,1.43203979242052,0
True,2.9635771571221,0
True,1.90324850929629,0
True,2.48766493893019,0
True,1.87158093710829,0
True,3.77528662208842,0
True,3.33372357590914,0
True,2.46933208696251,0
True,1.30804800892131,0
True,2.21881976988494,0
True,1.63398109943059,0
True,1.50999806413514,0
True,1.93065919410905,0
True,2.3058003577086,0
True,2.55245773484627,0
True,1.52611334492621,0
True,0.684892992662674,0
True,1.1209538050096,0
True,2.16138491234992,0
True,3.50913089284404,0
True,3.37664315333227,0
True,1.3492240996963,0
True,0.962271047114611,0
True,2.06825184583303,0
True,1.46505949637291,0
True,1.10221002040901,0
True,1.9500126524721,0
True,1.76508618019993,0
True,1.74282125274865,0
True,1.9186119009702,0
True,1.01513697353051,0
True,1.66887954363962,0
True,1.46494814542326,0
True,1.76916389511163,0
True,1.99290757246231,0
True,1.57261085862889,0
True,3.64099341324662,0
True,3.90314525557551,0
True,2.97967117864102,0
True,2.68529524770773,0
True,2.10702404884582,0
True,1.52842151271217,0
True,0.824128186238936,0
True,1.57381532078806,0
True,1.73126340733099,0
True,1.25224916376807,0
True,1.27335421479763,0
True,1.85717490737694,0
True,2.70174733799508,0
True,1.58813582127388,0
True,1.41203933011762,0
True,1.28813861612185,0
True,0.789203536474379,0
True,1.22023105953342,0
True,3.47939675481163,0
True,2.04691198975963,0
True,1.24251965503985,0
True,3.03738494346894,0
True,2.50092057759249,0
True,1.55659462940734,0
True,2.97165695675875,0
True,1.33167527355944,0
True,4.15586251188888,0
True,1.96166839585822,0
True,2.27309560684513,0
True,1.42517121549003,0
True,1.56813582698702,0
True,1.12736217126771,0
True,1.44616179311118,0
True,2.8913280841309,0
True,2.97325842700215,0
True,2.19556768872599,0
True,3.6202209337413,0
True,2.26331021974472,0
True,1.23701499177992,0
True,1.24174935962523,0
True,1.26968386851039,0
True,3.19205794395029,0
True,1.62738818538191,0
True,3.61222939798135,0
True,1.82349047676531,0
True,1.17480341483313,0
False,2.11489904530106,0.000121530497468942
True,1.43089328209988,0
True,2.22703896243695,0
True,0.948229097361664,0
True,1.50004589475605,0
True,2.75693723666783,0
True,1.54022914808323,0
True,1.39528132105257,0
True,1.45713293980574,0
True,2.40545329984239,0
True,2.47192039580467,0
True,0.954972450222521,0
False,3.91622015537188,0.000351154257046347
True,1.10082329017225,0
True,1.30348613057908,0
True,1.38100008836115,0
True,3.76540723524482,0
True,1.65814675310638,0
True,3.55102253877384,0
True,1.08350555160927,0
True,3.41080942328643,0
True,2.48914487845358,0
True,2.6157623807011,0
True,1.93780464213751,0
True,1.86608766583976,0
True,2.55024713475239,0
True,1.17609564795463,0
True,1.14887408111672,0
True,1.19649553307775,0
True,1.09197619887541,0
True,1.5809858475147,0
True,2.36271252466002,0
True,2.93442997713346,0
True,2.68037984243662,0
True,1.84161453514148,0
True,1.58721597543981,0
True,1.28532500578495,0
True,1.84916086872256,0
True,1.48806351843701,0
True,1.65058760394099,0
True,0.972429618426827,0
True,3.67922463140961,0
True,1.51643754633757,0
True,2.24892291160036,0
True,1.66002974141645,0
True,3.47912774294984,0
True,3.52543468746896,0
True,3.137081361254,0
True,2.82439811007974,0
True,3.76701835665472,0
True,3.7827260461883,0
True,1.16952685085928,0
True,1.48554240231004,0
True,1.80550215262606,0
True,1.79954855663288,0
True,1.36396442510884,0
True,1.87213324305312,0
False,1.66027462412819,0.00051971338578782
True,1.64226656959939,0
True,2.15861246283414,0
True,1.5398426900699,0
True,1.77252033298902,0
True,2.67348823938091,0
True,2.80632424653203,0
True,2.17719359854931,0
True,1.97102589814244,0
True,0.951621873654529,0
True,1.79243644779608,0
True,1.75208353302339,0
True,1.70135684650585,0
True,3.55294621219425,0
True,2.43252657850119,0
True,1.73120792819287,0
True,2.20604563853258,0
True,1.31707104453516,0
True,0.866720403473893,0
True,0.631147754761036,0
True,1.01156841911017,0
True,1.12843901378482,0
True,1.07278406550189,0
True,2.41440143108607,0
True,2.34844345040735,0
True,2.45285295532456,0
True,1.81877033098184,0
True,0.910991435213352,0
True,1.16614130412709,0
True,0.832329266690462,0
True,2.34680990130329,0
True,2.56368079188356,0
True,2.21985181625126,0
True,1.91404520584839,0
True,1.95207452551392,0
True,2.79845337914902,0
True,1.72832704951083,0
True,2.67802683867392,0
False,3.1800045907275,0.000105940682099031
True,1.12494273590229,0
True,1.4838590527826,0
True,1.17123605770105,0
True,1.0278891257685,0
True,3.21893273396376,0
True,2.14692878483913,0
True,2.17076284883648,0
True,2.16573423686728,0
True,1.08662439931246,0
True,1.93903115707576,0
True,1.64226536157472,0
True,1.49826823027402,0
True,3.62229190753803,0
True,2.35893269396382,0
True,1.84253326602851,0
True,1.61632801724109,0
True,0.926084907392103,0
True,0.997441842727062,0
True,1.32725341400118,0
True,1.6317478051531,0
True,1.81748243138448,0
True,1.17213417703388,0
True,1.57107462766387,0
True,0.677828535856266,0
True,1.21155243665828,0
True,0.840667411859901,0
True,2.60534655853035,0
True,1.5503266715706,0
True,1.41157358410021,0
True,1.52686173294291,0
True,1.13019405702114,0
True,1.55567605572054,0
True,2.30659972568122,0
True,1.86077037722932,0
True,1.4296746440235,0
True,2.19431413877681,0
True,1.04858729141963,0
True,1.91694412869152,0
True,2.16800304721742,0
True,1.96735335281735,0
True,2.57243342733578,0
True,1.80503053254103,0
True,2.48543519763164,0
True,1.77999979333303,0
True,1.95848234718719,0
True,1.13725739073073,0
True,1.51898688204478,0
True,1.38208112181013,0
True,1.49029344570651,0
True,1.66860302148307,0
True,1.19144453260474,0
True,2.81558572513573,0
True,2.21952771599961,0
True,3.49443215602418,0
True,3.28045179727243,0
True,1.58881926671065,0
True,2.02525488478561,0
True,1.80453850759368,0
True,1.53328542788852,0
True,2.49061998408973,0
True,1.73446017128813,0
True,1.26153327962104,0
True,1.106187149843,0
True,2.2857805030215,0
True,1.0040655924172,0
True,2.15165504862021,0
True,1.31630611448116,0
True,1.70779050895643,0
True,1.94566783371434,0
True,0.969145889438664,0
True,2.44517395474305,0
True,1.79549273236734,0
True,1.62695492986552,0
True,2.39604333563493,0
True,1.94688401924374,0
True,1.55117794596085,0
True,1.898991427975,0
True,2.59704186672282,0
True,2.58330184505134,0
True,0.778373814974619,0
True,2.24469790611949,0
True,3.18533590354936,0
True,3.6650929693092,0
True,4.58808929922734,0
True,2.52779209848145,0
True,1.67588208030579,0
True,1.36017224496306,0
True,1.32352115255372,0
True,2.44436757294037,0
True,3.57937925569487,0
True,4.05098279893259,0
True,1.26776236412415,0
True,2.04477015145263,0
True,1.82982073052034,0
True,1.40772385963749,0
True,1.91597890782021,0
True,1.25391889984553,0
True,2.13486284337453,0
True,3.16298334044307,0
True,3.06591237012036,0
True,3.41713884645096,0
True,3.51865675480402,0
True,3.19082991803117,0
True,1.38984445572537,0
True,2.99724802533164,0
True,2.48299332162813,0
True,2.42262196524866,0
True,1.85092409509078,0
True,1.67922465069464,0
True,1.76472202956873,0
True,1.25853656333839,0
True,2.63054710437104,0
True,2.51328936675841,0
True,1.3209986064822,0
True,1.29788692128662,0
True,1.05539657739188,0
True,1.39047995326527,0
True,3.62972993671266,0
True,0.949546277135362,0
True,1.07261652163371,0
True,2.11870280516824,0
True,0.853217874189614,0
True,0.768601022510083,0
True,1.7906364356592,0
True,3.42165211208599,0
True,2.0139506829964,0
True,1.34925991745384,0
True,1.75885044212371,0
True,2.68661574448695,0
True,2.8527947856244,0
True,0.794877406696805,0
True,2.94522409936274,0
True,1.51336254646299,0
True,1.04998857289207,0
True,1.50862817657442,0
True,1.32783212348628,0
True,0.68708082220219,0
True,1.71170918872527,0
True,1.0632350042314,0
True,1.00733060942138,0
True,1.98049132949493,0
True,1.27064210256997,0
True,4.08962704634464,0
True,4.3199830709818,0
True,1.81027930406252,0
True,2.31867215275445,0
True,1.06180616280462,0
True,0.844786275199297,0
True,1.11795578217814,0
True,0.846270673333502,0
True,2.78060537472108,0
True,3.30405235865818,0
True,4.28091810355073,0
True,1.01811891469581,0
True,3.98505301635037,0
True,1.88382987625358,0
True,1.6853632025097,0
True,0.863284517670225,0
True,1.89029133539889,0
True,0.508293927420212,0
True,1.05840944944329,0
True,2.5649835412247,0
True,1.97766285771998,0
True,1.21922757859182,0
True,2.00149310508158,0
True,1.35563808339415,0
True,2.68755044936556,0
True,1.87052536623162,0
True,2.10978407716145,0
True,2.59766372311378,0
True,2.82413447553411,0
True,2.23336727969046,0
True,1.23549001998986,0
True,3.3813863637888,0
True,2.42700753658446,0
True,0.337259451851977,0
True,2.37498933494603,0
True,2.75316434744074,0
True,2.70578141517046,0
True,2.27186659198803,0
True,1.45700368631209,0
True,1.03983645311124,0
True,1.64092717368754,0
True,1.02998038081333,0
True,2.30438514935372,0
True,3.14696259263127,0
True,1.66696761297374,0
True,0.835441370326929,0
True,1.81222652603127,0
True,2.32466893331232,0
True,3.26833107248883,0
True,2.08606082422353,0
True,0.947940709554154,0
True,1.21749511110066,0
True,1.12552681926662,0
True,0.971293920263553,0
True,1.33981370299275,0
True,4.18910873295448,0
True,1.35423284669654,0
True,1.85977299645052,0
True,2.44498701457293,0
True,0.822409695173776,0
True,1.74970167681271,0
True,2.66117787595324,0
True,2.217832509072,0
True,1.51929133444603,0
True,1.01762241338357,0
True,0.980857872189016,0
True,1.26369923882849,0
True,0.888964707979109,0
True,1.77352329324939,0
True,1.94382338357264,0
True,1.41621236394887,0
True,2.22779444874583,0
True,2.0184166547191,0
True,2.80926463896612,0
True,1.51297629554367,0
True,1.21711250609122,0
True,1.70000827877516,0
True,1.98959336750124,0
True,1.52383676120364,0
True,1.54969899668077,0
True,0.787524742033232,0
True,1.90030482430833,0
True,1.49491940569898,0
True,2.49568434394974,0
True,2.11578200832384,0
True,3.3217599969436,0
True,1.80066963955912,0
True,1.25798402872493,0
True,0.782656826022831,0
True,1.75033651881366,0
True,1.48951615771035,0
True,0.849602352615109,0
True,2.02916665165237,0
True,2.13529971244358,0
True,1.98749830114893,0
True,1.49853729626424,0
True,1.61831092805419,0
True,1.88169900358942,0
True,2.28579105894779,0
True,1.23099777393444,0
True,2.3675165305657,0
True,2.38322241465013,0
True,1.10260129833312,0
True,3.75795025219562,0
True,2.49280672425446,0
True,1.2027676108532,0
True,1.92355888011625,0
True,2.36217593173313,0
True,2.13889248254793,0
True,2.55583569792181,0
True,3.74154815253425,0
True,4.3159443623763,0
True,1.25122978244033,0
True,2.40358421327114,0
True,3.41110426229788,0
True,1.67047531359508,0
True,1.28025498180942,0
True,2.64955018313405,0
True,2.67693194050989,0
True,1.33410293615279,0
True,0.830313426824013,0
True,1.24484443976444,0
True,2.48035272760182,0
True,1.2515480085842,0
True,2.45168450308,0
True,2.36051127136809,0
True,3.25362831432979,0
True,2.14395028007839,0
True,1.89960166674472,0
True,1.70778552189736,0
True,1.03788294115846,0
True,1.63395756591931,0
True,2.37594671931092,0
True,1.80311675865991,0
True,2.60215911654273,0
True,2.8473175923117,0
True,1.80179252385392,0
True,2.02167384736358,0
True,2.73963080981885,0
True,0.629628434196143,0
True,1.30115195226972,0
True,2.8261006286621,0
True,1.45032603579172,0
True,1.18873870483013,0
True,2.9226019204196,0
True,3.53779751961896,0
True,4.53350176923724,0
True,0.994468439222731,0
True,2.3388832760692,0
True,3.68533951261971,0
True,1.68918560733234,0
True,1.29408909186259,0
True,1.7339907162377,0
True,0.880498830354449,0
True,2.44463128516104,0
True,1.12837339729246,0
True,1.01105629156039,0
True,1.25987270769698,0
True,1.09581590960691,0
True,1.68635877983832,0
True,1.98189473157131,0
True,1.55349026083325,0
True,1.76615125240663,0
True,1.99738942046397,0
True,1.81603342353206,0
True,1.80977636923557,0
True,2.10739878970638,0
True,1.86996763551084,0
True,1.80375462449471,0
True,2.09075645298441,0
True,2.14327258264863,0
True,1.7282312573375,0
True,3.05669276219657,0
True,1.73839426365909,0
True,4.10629180301262,0
True,4.17676500193105,0
True,1.6871177972781,0
True,2.21449727675162,0
True,2.34016937939173,0
True,2.70280353295019,0
True,0.807878748597606,0
True,2.09210275778724,0
True,3.07705618387513,0
True,1.36177779902964,0
True,1.05583969212059,0
True,1.88752538142202,0
True,4.51678300624411,0
True,1.35711502679462,0
True,2.93448177646011,0
True,2.53754619689335,0
True,1.33728603112634,0
True,1.9147033178764,0
True,1.65268786453369,0
True,2.00202444652506,0
True,1.21044040969916,0
True,0.926242279935072,0
True,1.76147798156888,0
True,1.71935759635519,0
True,1.37716435565246,0
True,2.55502491456429,0
True,1.46657378916483,0
True,3.09594729234343,0
True,1.69782238793425,0
True,1.24483323605906,0
True,1.34992283775477,0
True,1.40161917606296,0
True,1.71919788999423,0
True,2.04870500211611,0
True,0.700764134917842,0
True,2.09904340378965,0
True,0.999150707214822,0
True,1.35835647620884,0
True,1.68017651012957,0
True,1.72508364272704,0
True,1.89477585628444,0
True,1.75176656280336,0
True,0.769635391467117,0
True,2.17624738327489,0
True,2.57360034332485,0
True,1.8219108670637,0
True,2.30441242050674,0
True,1.92840654566907,0
True,1.44618518325561,0
True,1.33278458922356,0
True,0.912644783051842,0
True,1.50787742380656,0
True,1.28022864058917,0
True,2.47690242748321,0
True,1.53146646782973,0
True,2.22263040960331,0
True,0.887332667318217,0
True,2.53564059290521,0
True,2.35668525882394,0
True,1.9843119312142,0
True,1.80291430044205,0
False,1.89326653499329,0.00013228653019854
True,2.77759618538303,0
True,1.00691957365037,0
True,0.65651908453527,0
True,1.13050858292304,0
True,1.70691281269221,0
True,1.81291306778705,0
True,1.27671537406602,0
True,2.2104869697497,0
True,1.47498866861471,0
True,1.10775748240884,0
True,2.05718988469934,0
True,1.70828754343025,0
True,1.60728574332318,0
True,1.5460297860521,0
True,2.10014123293942,0
True,1.15680482826965,0
True,1.09129529654935,0
True,1.00289560749549,0
False,0.98572762863814,9.00388837011304E-05
True,0.846904423573549,0
True,2.38043024402277,0
True,1.79704786041975,0
True,1.45697935997179,0
True,1.30444077303442,0
True,2.11929018978022,0
True,2.39959380594054,0
True,1.4686103067291,0
True,1.6187216576231,0
True,1.75599675088414,0
True,3.25842783884384,0
True,2.00487192604494,0
True,1.84134584965154,0
True,4.29096755408204,0
True,1.97556606714274,0
True,1.99493126438763,0
True,1.59618068551977,0
False,4.09583156413194,9.8040857509986E-05
True,2.60285335010728,0
True,1.45254689825705,0
True,1.1816824080996,0
True,2.15546065344977,0
True,1.12382719163987,0
True,3.75990805543389,0
True,1.40714554027736,0
True,2.03523022217821,0
True,0.977715017791297,0
True,1.77700592806198,0
True,2.38674629365118,0
True,2.16147699082732,0
True,1.53237361977314,0
True,1.06785284685787,0
True,1.34335712668607,0
True,1.41519090174081,0
True,1.1193503124274,0
True,1.90709877977074,0
True,1.39419216386466,0
True,3.8717097596485,0
True,3.51570351150873,0
True,2.58973330894134,0
True,2.18196583342264,0
True,1.67015646903957,0
True,3.34208023717767,0
True,1.93550779966777,0
True,2.83725006411179,0
True,2.62234359059336,0
True,1.25790116869269,0
True,2.17684845370914,0
True,1.46214955151606,0
True,2.0193075460449,0
True,3.89286922346762,0
True,1.57934572189693,0
True,1.82367596960096,0
True,2.16794994588066,0
True,2.18252365845479,0
True,2.25956508458,0
True,2.20322982402303,0
True,3.4922974499633,0
True,1.24000208865216,0
True,2.16203490225794,0
True,2.68530235388564,0
True,3.41907996005588,0
True,1.86853232885569,0
True,2.09322310391435,0
True,3.71289158167623,0
True,2.20523588687205,0
True,0.769277172539443,0
True,1.13669856033792,0
True,1.7486612451849,0
True,0.949632118363377,0
True,1.15552946723458,0
True,1.34749200549062,0
True,1.80885770296054,0
True,0.981767736384371,0
True,1.87757510991836,0
True,1.02622904858712,0
True,1.08630490197814,0
True,1.66377961185365,0
True,2.85616894931642,0
True,0.966594590718399,0
True,2.41463967980537,0
True,2.36322265340223,0
True,2.02873838944788,0
True,1.28791698507258,0
True,2.03421318242231,0
True,2.78605320661062,0
True,3.0474431287913,0
True,2.49973227104594,0
True,2.07480503257529,0
True,1.43196698184549,0
True,1.22679323805615,0
True,3.58945048358998,0
True,1.1235735125988,0
True,1.01182820068518,0
True,2.37677771818721,0
True,1.68883630996569,0
True,1.6655590355838,0
True,1.29356907630865,0
True,1.26563119122012,0
True,1.12030512178903,0
False,1.72166473738223,0.000617248409721316
True,0.722595917517774,0
True,2.23780667057893,0
True,1.38792923965304,0
True,2.28192185194062,0
True,1.11137348860221,0
True,1.13038778275941,0
True,2.20840939290517,0
True,1.2767807557445,0
True,2.42719448721059,0
True,2.6172676565224,0
True,0.966396717349788,0
True,3.84390129692604,0
True,2.39019683087914,0
True,1.41652303937789,0
True,3.94078931262169,0
True,2.73269439184528,0
True,1.78764371692625,0
True,3.0674474380876,0
True,1.47208735228947,0
True,2.28449186732735,0
True,2.95597619666549,0
True,2.22376683853813,0
True,1.38022387429035,0
True,1.04475370438152,0
True,3.03310773611402,0
True,2.22088027202089,0
True,2.74253494534969,0
True,0.788990283401878,0
True,1.65604819463657,0
True,3.02535687387061,0
True,1.3263717135356,0
True,1.93463961829951,0
True,2.78006011406791,0
True,2.04538500964206,0
True,2.65613459273496,0
True,1.90183690433349,0
True,1.04738833356011,0
True,2.94936174319596,0
True,1.50572847200349,0
True,1.48985105689171,0
True,2.35757625655045,0
True,2.02652872430671,0
True,2.22123140858203,0
True,0.866671818636954,0
True,0.772908310015948,0
True,0.697180460962148,0
True,1.39506398201746,0
True,2.57672193784718,0
True,2.16720503485455,0
True,1.25036097745339,0
True,1.07610583829925,0
True,1.39331387781178,0
True,1.03223553482599,0
True,1.38946992023654,0
True,1.08491087038328,0
True,2.4539882664604,0
True,2.38118592129377,0
True,1.22941151413858,0
True,1.2080042037512,0
True,1.65869550314483,0
True,3.4363217734796,0
True,2.16237884162064,0
True,1.57784189472286,0
True,2.88317454779682,0
True,1.84004986001243,0
True,1.50507801644335,0
True,1.46876108850318,0
True,1.49725236709942,0
True,2.16203697060743,0
False,2.50460618057512,0.000203735001569236
True,2.40217198012349,0
True,2.04123348025481,0
True,2.51277449194074,0
True,2.01071358473202,0
True,1.21941225833336,0
True,1.36679511910459,0
True,0.75622980664626,0
True,1.16741514377637,0
True,2.75466584687375,0
True,2.14489815524188,0
True,2.0824530639756,0
True,1.25751315605404,0
True,1.51284983911197,0
True,2.98579085954944,0
True,1.08526017015427,0
True,1.08802090305085,0
True,1.16281000944265,0
True,1.43216521177366,0
True,2.10895720831073,0
True,1.68570544262655,0
True,2.3392797614107,0
True,1.65568879707638,0
True,2.89101082136427,0
True,2.63057159816675,0
True,3.00645841495776,0
True,1.43917181191735,0
True,1.3324923988328,0
True,1.67802121011536,0
True,1.31097557055838,0
True,1.26198686795982,0
True,2.17659101496728,0
True,2.1610400158619,0
True,1.4054360469587,0
True,3.31418075111268,0
True,1.79757383876596,0
True,3.43929514244765,0
True,1.98905411381098,0
True,1.4995389483938,0
True,2.66086950755894,0
True,3.11518070705518,0
True,1.71495404634901,0
True,1.50434159114351,0
True,1.31784876051456,0
True,0.956253240750261,0
True,0.982886748374574,0
True,3.68574648697741,0
True,2.52002315004731,0
True,0.672226204586429,0
True,2.15756985158466,0
True,2.9701426620296,0
True,1.55613132461292,0
True,1.44418075643925,0
True,1.76714318765628,0
True,1.43749173233596,0
True,1.78328281941781,0
True,3.58966425067638,0
True,3.80640850516692,0
True,2.40239226393912,0
True,1.09266802305166,0
True,2.03182505084207,0
True,1.32714444736747,0
True,3.40714961451463,0
True,3.06248334318518,0
True,1.13139374609487,0
True,3.84670169541506,0
True,1.70897999119413,0
True,1.21934476867786,0
True,2.32302426790239,0
True,2.00456379804084,0
True,2.41974053198051,0
True,1.92139353790761,0
True,2.34706426088245,0
True,4.40437037973148,0
True,1.01655610119714,0
True,1.10729671859137,0
True,0.893740568191445,0
True,1.96659723259762,0
True,2.50673917888883,0
True,2.64037449923371,0
True,0.74541302569757,0
True,2.39747726069664,0
True,2.760491559225,0
True,1.62944368471028,0
True,1.02401777035449,0
True,1.47165516045322,0
True,1.28544931278977,0
True,0.680660197361074,0
True,0.965935461320236,0
True,1.66842519768798,0
True,1.92247004838044,0
True,1.45092277854575,0
True,0.897230079467395,0
True,3.19783583035837,0
True,2.76854911914936,0
True,2.63476882250916,0
True,1.58814653079676,0
True,2.94504291798173,0
True,2.31645776773535,0
True,2.20438742328742,0
True,1.69788346449441,0
True,2.68685933272007,0
True,1.27935131479629,0
True,1.68205628117339,0
True,1.62677952177184,0
True,0.941971380701863,0
True,2.21656531635358,0
True,2.5169428127998,0
True,2.33132940713225,0
True,2.475420068808,0
True,1.87906857269175,0
True,3.1073885718132,0
True,1.60899009642911,0
True,1.28616785933559,0
True,1.28923798998691,0
True,1.62731737269286,0
True,3.06773539152742,0
True,3.86492543735967,0
True,1.91264721956395,0
True,2.15541197824747,0
True,2.53791937721722,0
True,2.81926115119898,0
True,0.988101833611063,0
True,1.57292970659094,0
True,1.17969119007302,0
True,1.58569917917432,0
True,0.823652801045818,0
True,1.3253082705747,0
True,1.5024379833211,0
True,1.51426067413423,0
True,2.06056903239592,0
True,1.09836039440504,0
True,1.31617070990399,0
True,2.67168069478922,0
True,1.76676369063591,0
True,1.03710872622065,0
True,2.61618509423842,0
True,0.932729480573547,0
True,1.46230905868783,0
True,2.20342436082618,0
True,1.92237248578702,0
True,2.78115763020103,0
True,2.50311103682414,0
True,1.71025972521181,0
True,2.49177059784959,0
True,1.98275044975512,0
True,0.857383097585884,0
False,1.40434268466079,9.82390551268688E-05
True,2.04840003340566,0
True,1.80918683686566,0
True,1.07282384657956,0
True,1.45332885156056,0
True,1.00773132970961,0
True,1.67672851109049,0
True,1.18391146625998,0
True,0.891046879712892,0
True,1.5492299091586,0
True,1.23235496603729,0
True,1.96368078647215,0
True,1.5151132071824,0
True,2.06472939941046,0
True,0.661504592424001,0
True,1.36283985579916,0
True,3.16435231084621,0
True,2.86253401838502,0
True,1.67977357012906,0
True,0.921130121082994,0
True,1.25008191414907,0
True,1.62432292893989,0
True,2.30451831454278,0
True,2.70505027792408,0
True,2.05105834284099,0
True,1.23985130646364,0
True,1.89632531645824,0
True,1.99437476806641,0
True,2.97085148567245,0
True,1.05070267379864,0
True,1.69771118939706,0
True,2.40910406598924,0
True,2.01467928632968,0
True,1.41057904025408,0
True,0.732153813318462,0
True,1.71288391788833,0
True,1.06839829378431,0
True,2.86730374876965,0
True,2.81451621519547,0
True,1.62691249237913,0
True,2.95076430630536,0
True,2.95572985349038,0
True,2.6742603932051,0
True,1.20190137917512,0
True,1.94061828652123,0
True,1.42677190727635,0
True,1.23465205540653,0
True,0.925238530898297,0
True,4.01504663720526,0
True,0.957984795893327,0
True,3.43076139508104,0
True,2.64181582589642,0
True,2.45406066021502,0
True,2.20555608748413,0
True,2.52188476577788,0
True,1.5840493717678,0
True,3.85714037929281,0
True,1.72919139639117,0
True,1.2407818607906,0
True,2.35040579803237,0
True,0.849014765104245,0
True,2.0369752738066,0
True,2.63312953771141,0
True,1.99631799853256,0
True,1.06254383141671,0
True,0.891719145835813,0
True,2.99836510817677,0
True,2.44297763291893,0
True,2.595516552675,0
True,2.74233076620592,0
True,1.48955693470496,0
True,1.72249254942322,0
True,2.5280351360678,0
True,2.27440066503965,0
True,3.12251376571811,0
True,1.81598347720428,0
True,1.89490624240239,0
True,2.06734901724331,0
True,1.1097544727046,0
True,0.933831644581762,0
True,2.32591226698907,0
True,1.51035852318153,0
True,1.59884437697643,0
True,1.69009761653666,0
True,1.20643734019652,0
True,1.32862703784415,0
True,1.27670299243834,0
True,0.835831458815226,0
True,1.54026103966213,0
True,2.63012158797439,0
True,2.02581393426079,0
True,2.45854268342843,0
True,2.98214370154975,0
True,1.75526592972262,0
True,3.1329782381528,0
True,2.38760888843679,0
True,0.989106526509088,0
True,1.51645630987275,0
True,0.792612077252871,0
True,0.794987088687228,0
True,3.36109755130352,0
True,1.80924350389421,0
True,1.60861006080956,0
True,1.58701652691202,0
True,1.85793982393434,0
True,3.14493562293054,0
True,1.39514914980288,0
True,2.22403026652462,0
True,1.39830544176221,0
True,2.10147458321588,0
True,1.91213354306538,0
True,1.46657131287573,0
True,2.87914059628157,0
True,1.53276789224023,0
True,2.63948878021033,0
True,1.39318055726707,0
True,1.21595954129907,0
True,1.33832145063216,0
True,1.68171286238016,0
True,1.33704435878878,0
True,1.77090942271042,0
True,3.94661303245253,0
True,2.79684010964823,0
True,2.51300259688196,0
True,2.81327061022016,0
True,2.22495401193785,0
True,1.78629644628222,0
True,1.29607874216091,0
True,0.808647957618815,0
True,1.53045384825242,0
True,2.26081333752904,0
True,1.6601629003845,0
True,2.52394450582747,0
True,1.46491286276951,0
True,2.36983265915496,0
True,0.636273660012059,0
True,1.55622066314056,0
True,2.65265545199699,0
True,1.59903971048993,0
True,1.60434119940188,0
True,1.66911504778553,0
True,2.91384397781188,0
True,1.81788625516911,0
True,2.30316373878764,0
True,1.64031748770261,0
True,1.29214682392459,0
True,2.18125696663028,0
True,1.9522758167703,0
True,1.74658757650973,0
True,2.21204596940436,0
True,2.1907518076702,0
True,0.59140072774867,0
True,1.16364119077072,0
True,1.16820433403338,0
True,2.379068859606,0
True,2.73044720398723,0
True,2.32085258429734,0
True,1.05358390774158,0
True,2.05066411553897,0
True,4.10465313593829,0
True,2.135109466302,0
True,1.50222043066435,0
True,1.71710352144558,0
True,1.46254351086829,0
True,1.35588667733294,0
True,1.86220820700768,0
True,0.592715217121907,0
True,2.62948996565167,0
True,1.35676181401739,0
True,2.07899154703365,0
True,1.36718651854847,0
True,1.2616729146492,0
True,2.80378734561837,0
True,1.24143155674745,0
True,1.56552772066212,0
True,0.844958163461449,0
True,1.96968315327525,0
True,0.990348816421381,0
True,1.63896163085447,0
True,2.03571997493908,0
True,2.16516821249322,0
True,1.84711498340243,0
True,2.53453617353657,0
True,1.67647710449908,0
True,1.04152585927469,0
True,1.30529981037995,0
True,2.39459409804346,0
True,1.40330130345788,0
True,1.69444098630845,0
True,2.45848722157146,0
True,3.32668535644671,0
True,4.23646426583898,0
True,1.84697192777831,0
True,2.5660345629404,0
True,1.23897919388266,0
True,0.70572180902243,0
True,1.7711505563261,0
True,1.12906264536079,0
True,1.51256350235833,0
True,3.2907291908072,0
True,1.43409902815385,0
True,0.906647821603225,0
True,2.66535140392454,0
True,1.52327486138484,0
True,1.80452760502637,0
True,2.44815480368342,0
True,2.91884840153926,0
True,1.06898383780914,0
True,3.28904843651785,0
True,1.24966610275892,0
True,2.47572537732895,0
True,1.03108622024333,0
True,1.30173655750354,0
True,0.919839959090217,0
True,1.46968261679609,0
True,2.74386157318198,0
True,2.64381184508298,0
True,1.48790841762063,0
True,2.88078342055548,0
True,1.72982140591474,0
True,2.44616630166803,0
True,2.0514387424454,0
True,1.22098356273064,0
True,0.7084013548507,0
True,1.9865737940794,0
True,1.08989426854238,0
True,1.43817703040693,0
True,3.60902997134118,0
True,3.41452821087778,0
True,3.47170719336299,0
True,2.01350465475587,0
True,1.40721184844443,0
True,1.1431667158672,0
True,1.41719994150188,0
True,3.01163066701258,0
True,1.42183695727359,0
True,1.49732986241462,0
True,0.928038027258587,0
True,1.94272269266347,0
True,2.76491917499367,0
True,2.64198131658816,0
True,1.55786245490621,0
True,0.719781352986894,0
True,1.38577795990785,0
True,4.4776684269528,0
True,2.58077395897587,0
True,1.45693407204032,0
True,1.39308156875289,0
True,1.83142564331315,0
True,0.62152902521579,0
True,2.21424769830397,0
True,1.79681508395271,0
True,1.51647279482152,0
True,2.50022793769335,0
True,1.07148832226558,0
True,2.36984724279038,0
True,3.76969415785994,0
True,1.70016664373561,0
False,2.16949178025038,0.000113439696989761
True,1.31409146059125,0
True,3.42040278083335,0
True,2.56707332086648,0
True,3.81907794808374,0
True,2.6250422284599,0
True,2.80867361689742,0
True,1.28052765732945,0
True,1.81007021250399,0
True,1.31514548122217,0
True,1.94924330172962,0
True,1.3215606488085,0
True,1.07454133704372,0
True,1.9372328829954,0
True,1.25995601530932,0
True,1.85870704406407,0
True,1.10708245419202,0
True,1.74012785678566,0
True,2.63223205617593,0
True,2.00101293150021,0
True,1.90158099855835,0
True,1.23510802604515,0
True,3.05583708129249,0
True,1.99724414044534,0
True,0.930756398597198,0
True,2.31651062864573,0
True,1.24467256073627,0
True,1.11639228029682,0
True,2.43289308783589,0
True,1.26939653849598,0
True,1.19316850202675,0
True,0.978248692458236,0
True,1.42119312292307,0
True,2.23740962894567,0
False,2.95380707823129,0.000315462383869983
True,2.31188724260781,0
True,1.63117410298339,0
True,1.52836789485589,0
True,1.43160539470046,0
True,1.17012258170924,0
True,2.28538419764673,0
True,1.46858586504904,0
True,1.58517579225282,0
True,2.06571105635666,0
True,0.966159811251108,0
True,1.61748207035111,0
True,2.73461962978891,0
True,3.94181791561425,0
True,2.00483240200499,0
True,1.48936215849893,0
True,3.00851424464217,0
True,1.45759026104851,0
True,2.48194688669997,0
True,1.14856925155141,0
True,3.20205932040154,0
True,2.13779766050768,0
True,2.33335797515013,0
True,3.33950241716531,0
False,1.84751104340774,0.000107138045617991
True,1.99939982399091,0
True,0.673972627109667,0
True,1.49395801911244,0
True,2.10229232154886,0
True,2.03934335494639,0
True,1.36669675136825,0
True,1.74337013623337,0
True,1.84076250733082,0
True,1.50132060613304,0
True,2.516150613635,0
True,1.08042613686959,0
True,1.1764161966351,0
True,1.60810330976392,0
True,0.954566106973126,0
True,3.5620853022073,0
True,3.14863213521016,0
True,1.10452530188633,0
True,1.26849932371395,0
True,3.16378492708664,0
True,3.10566709072692,0
True,4.01931570689133,0
True,1.67210933410532,0
True,1.0788233032803,0
True,3.2322948035592,0
True,1.54431268559252,0
True,2.37670616157588,0
True,1.90437176183202,0
True,1.16199554436451,0
True,1.46439387805237,0
True,1.67250195631298,0
True,0.793013374629468,0
True,3.21732989253293,0
True,1.02978646788298,0
True,1.33232091898355,0
True,2.53535301688491,0
True,3.31577532933911,0
True,2.91443159496292,0
True,1.14727821042969,0
True,1.19642057312528,0
True,1.92810145845052,0
True,2.15212428772413,0
True,1.63044915105339,0
True,3.5254664896822,0
True,1.78605050496088,0
True,1.52031573956921,0
True,0.794771086239377,0
True,2.40263931226005,0
True,1.12881436540067,0
True,2.18560448554296,0
True,2.47725271139811,0
True,3.37097725078032,0
True,1.59183243247269,0
True,2.35160549389649,0
True,1.82039419564114,0
True,1.30667906834619,0
True,1.39192618564373,0
True,2.12062942488125,0
True,3.82721715967648,0
True,2.79074207894003,0
True,2.8111281539929,0
True,2.26198690571027,0
True,2.05947658051908,0
True,1.39566619392794,0
True,1.01658889795087,0
True,2.58973541341008,0
True,1.44080894684391,0
True,1.42931307564298,0
True,1.27537335295395,0
True,1.65585119644678,0
True,2.97926440030753,0
True,3.82828207324306,0
True,2.10393456399523,0
True,2.60745548635494,0
True,1.76881569032219,0
True,1.24607121979728,0
True,1.71581004594889,0
True,1.91877915707557,0
True,1.78502060351767,0
True,1.50005241732504,0
True,1.37297598669349,0
True,2.27008196842467,0
True,2.45665059699211,0
True,1.17165018178065,0
True,1.65481845330178,0
True,2.8491105852683,0
True,1.94972825313358,0
True,1.95304385585056,0
True,3.69787865153653,0
True,0.959618232571205,0
True,3.19999434086282,0
True,1.92249510429776,0
True,1.09367124945463,0
True,2.02462376684822,0
True,1.41380188712114,0
True,3.18058498168906,0
True,0.816153835802752,0
True,2.99164892254353,0
True,3.58959829451992,0
True,1.63943571662618,0
True,1.90237890426117,0
True,1.64040343149251,0
True,1.81039907197251,0
True,1.96557001084156,0
True,1.11370088187096,0
True,1.33476685475052,0
True,2.05819682309038,0
True,2.27187035534447,0
True,1.94002714487748,0
True,1.73748884772436,0
True,3.2603395944349,0
True,2.14433245012763,0
True,2.63767473724128,0
True,3.30612874594773,0
True,1.43820536583187,0
True,2.93878272476402,0
True,2.3611866178663,0
True,4.16232682734494,0
True,2.08515134483727,0
True,2.14053086517653,0
True,1.50229507811828,0
True,1.74384297709264,0
True,2.43315485917533,0
True,3.533925611328,0
True,2.96051704088548,0
True,1.08031401009634,0
True,2.98212175088713,0
True,0.791113396928966,0
True,1.38627019468483,0
True,1.25904333296132,0
True,0.747038158565784,0
True,2.82108488337877,0
True,2.99697611073112,0
True,2.79675885493644,0
True,1.68489543229152,0
True,1.39415106398579,0
True,4.00523977123849,0
True,0.837361032222277,0
True,2.85758587636449,0
True,1.44370776791997,0
True,3.5124837152452,0
True,1.5500578203634,0
True,2.30864898185401,0
True,1.22830337170101,0
True,1.50300879389629,0
True,2.34794058943091,0
True,1.94682949583038,0
True,1.44153030743252,0
True,1.34903521705062,0
True,1.71550434449242,0
True,1.35773147430576,0
True,1.41440071830829,0
True,2.44376215126412,0
True,1.80568989192975,0
True,1.42093474525432,0
True,1.64608214456212,0
True,1.45084740047695,0
True,1.05771550503546,0
True,1.61437960357907,0
True,1.79687702801746,0
True,3.94426339390074,0
True,1.43568407017175,0
True,1.77599141618933,0
True,0.992674321175965,0
True,2.19934972532968,0
True,1.11014978867301,0
True,0.722906341027188,0
True,2.09346368230699,0
True,1.064647006544,0
True,1.41569746139243,0
True,1.84120258625244,0
True,0.924387854469752,0
True,3.44066322007015,0
True,2.71930303620733,0
True,1.29624960891683,0
True,1.310184878167,0
True,1.03134194425995,0
True,1.28053602617278,0
True,1.38549179374151,0
True,1.45531919511142,0
True,1.4234025684774,0
True,1.98992614036482,0
True,2.76343480299325,0
True,3.5836374914548,0
True,4.00292077993384,0
True,2.60814164771363,0
True,1.55150809165941,0
True,1.93172072805698,0
True,2.02623745058038,0
True,3.28317100464182,0
True,2.74117396245058,0
True,0.918159838595241,0
True,1.28356136340869,0
True,1.20337660972891,0
True,2.84742307406477,0
True,1.39954822512868,0
True,2.87094185888139,0
True,3.26971333453634,0
True,1.77869127185868,0
True,2.03206192776704,0
True,2.4912129199962,0
True,1.64274859446781,0
True,2.65160417667727,0
True,1.79473929476569,0
True,1.31686248724134,0
True,2.75769054911819,0
True,0.832918813671205,0
True,1.01049261696588,0
True,1.35802036627417,0
True,1.56135892947047,0
True,3.796883981591,0
True,2.88743345139725,0
True,1.77472365091679,0
True,2.39728990289952,0
True,2.74566923134951,0
True,2.27344523059111,0
True,1.38912281656037,0
True,1.6088318234096,0
True,1.59675284532591,0
True,0.766007180304532,0
True,2.14369866884571,0
True,2.64754146947429,0
True,2.45740679425021,0
True,1.76382321194623,0
True,2.16164080663086,0
True,2.42353727726241,0
True,1.75714644636132,0
True,3.29217117231554,0
True,2.00433485086256,0
True,2.50516993675832,0
True,1.55592901094685,0
True,2.09963032571728,0
True,2.16703945513242,0
True,1.4326529281582,0
True,0.92352068310964,0
True,0.492344562983854,0
True,2.00660104655216,0
True,1.28177624719638,0
True,1.48673741240753,0
True,1.16315699903434,0
True,1.07309535626376,0
True,4.00308359718008,0
True,2.50242751191775,0
True,1.13766634093013,0
True,1.26609176783121,0
True,1.22776365454625,0
True,0.908447634827607,0
True,0.918312318181571,0
True,1.6183169968408,0
True,2.07471984888825,0
True,1.50656372207114,0
True,3.6951590780958,0
True,2.75726160895355,0
True,1.47590951357907,0
True,2.13106431318822,0
True,1.16017183777157,0
True,2.57982348163957,0
True,0.884969882536401,0
True,0.898385352407962,0
True,1.2244865529765,0
True,3.15602144537802,0
True,0.991635469725351,0
True,1.89160570728324,0
True,1.98530730820328,0
True,4.10861336090221,0
True,4.13484259203889,0
True,0.965572723907325,0
True,2.33273339693833,0
True,0.872260553503679,0
True,2.25001405119747,0
True,2.10517666027824,0
True,2.94667008334217,0
True,1.86092408472534,0
True,2.17031901550889,0
True,1.24892514891111,0
True,0.699013701149626,0
True,0.629884446766309,0
True,0.884946682076133,0
True,1.79661596488475,0
True,1.92928901206809,0
True,1.45245539667621,0
True,2.26708017525078,0
True,3.50044589108342,0
True,2.14784298705462,0
True,3.17358008475399,0
True,0.804773268226194,0
True,1.11680657617802,0
True,2.01192461349106,0
True,1.4633340121822,0
True,2.03015342467864,0
True,1.5083661968679,0
True,1.40701229692862,0
True,1.14596385354357,0
True,1.59493515934786,0
True,1.3548654805844,0
True,2.62362052811436,0
True,1.80611373100987,0
True,1.28854353850593,0
True,1.71110151199197,0
True,2.20605174389924,0
True,1.04322091716817,0
True,0.980143669060095,0
True,2.75411851475174,0
True,1.62182589978625,0
True,1.64244878280335,0
True,2.48391853462431,0
True,3.76541047364389,0
True,3.02771024578917,0
True,0.952299812420836,0
True,1.35885303306748,0
True,1.45842818470676,0
True,1.99248384858154,0
True,2.36928509656422,0
True,2.99791642316703,0
True,2.21980052063732,0
True,2.82146305615923,0
True,2.79226588044267,0
True,2.1572971198792,0
True,1.06225145510059,0
True,3.43770472523241,0
True,1.94583218969127,0
True,1.5977433610525,0
True,1.69969320465358,0
True,1.83969600252837,0
True,1.45560815691418,0
True,1.3103719013715,0
True,2.91241713554044,0
True,1.51651231688475,0
True,2.0238930700338,0
True,1.41247436350567,0
True,0.977556190162026,0
True,0.925782984302486,0
True,3.71140934602277,0
True,2.30096678339196,0
True,2.55728944844537,0
True,3.79898049088413,0
True,1.57432208396519,0
True,1.32328278072559,0
True,3.23174699685332,0
True,1.07796435672248,0
True,1.21203908111252,0
True,0.494206881565357,0
True,2.06314909307586,0
True,2.47018671739394,0
True,4.31062384664697,0
True,3.62751503274638,0
True,1.82760985151609,0
True,2.16799912272244,0
True,2.81315916372197,0
True,1.76703037594974,0
True,1.33409031967232,0
True,1.57410088922015,0
True,3.75367606256848,0
True,1.58858876574909,0
True,1.03021817435667,0
True,2.57939078189375,0
True,2.97934827178005,0
True,1.2319274952374,0
True,2.95288516919073,0
True,2.4941337712936,0
True,0.779388202736716,0
True,1.14130787748621,0
True,2.26535269094728,0
True,3.19482782704923,0
True,2.86608885646351,0
True,2.94215341273468,0
True,1.5603233346434,0
True,1.11178595447102,0
True,2.0893391495842,0
True,0.879644893992116,0
True,3.0776398246083,0
True,4.45095629841098,0
True,2.50858637376229,0
True,1.31488103464898,0
True,2.17439018644613,0
True,2.80227655095568,0
True,2.31084228133264,0
True,0.919668032420862,0
True,1.29965826887175,0
True,1.42029659412309,0
True,3.9251770480615,0
True,1.84444457992468,0
False,1.35529064052471,0.000113751780181284
True,1.98383210729635,0
True,1.52095810891436,0
True,2.51117861559648,0
True,1.65927346058545,0
True,2.06242731841515,0
True,2.95282488891,0
True,2.65536013969349,0
True,1.3727441039573,0
True,1.18793761878228,0
True,1.71988610260863,0
True,3.47160908723724,0
True,1.98028011202499,0
True,0.808622319747624,0
True,1.01117533270425,0
True,1.61257504427799,0
True,3.75180760281869,0
True,1.5946864321306,0
True,0.804661900922343,0
True,1.47350982546858,0
True,1.71603498147174,0
True,3.32371361686702,0
True,3.42504862693249,0
True,1.64462670368543,0
True,3.38272981388193,0
True,0.973308052489166,0
True,1.85196403201628,0
True,1.53022261030335,0
True,2.57997745210158,0
True,1.48347816860852,0
True,1.66608135628761,0
True,2.07561138514299,0
True,1.5046416871788,0
True,1.06203832904351,0
True,2.06605174843284,0
True,0.752798569399021,0
True,2.36774260797412,0
True,1.60573437320938,0
True,0.812899791693715,0
True,1.40950751672664,0
True,1.08621836559717,0
True,3.62322093676385,0
True,1.25513461513697,0
True,1.60926866202083,0
True,1.57827719530823,0
True,1.56288536989899,0
True,2.24175696052082,0
True,1.78207214157893,0
True,2.11933323109421,0
True,1.95413803364665,0
True,0.869585237029695,0
False,3.51101937514262,0.00021688475610573
True,1.18695366835651,0
False,1.47335208186764,0.000606604968320995
True,1.11798768356784,0
True,0.973421970296785,0
True,1.64527000960264,0
True,2.94979153483032,0
False,2.84774406719468,0.00105625332292443
True,0.876149472342621,0
True,2.11042291428089,0