Success,Time,Fitness
True,0.995865522620259,0
True,2.45359734988931,0
True,2.21017813743867,0
True,1.66348758102474,0
True,0.621579070093772,0
True,1.95487363200356,0
True,1.11227269052608,0
True,1.05303549037381,0
True,1.46926894707417,0
True,1.03418216801131,0
True,1.96342012664067,0
True,4.28803377047873,0
True,1.55741688218742,0
True,2.5760258645516,0
True,2.12958197944509,0
True,1.66188559191268,0
True,1.12784068858497,0
True,2.92063090600189,0
True,0.829450466597118,0
True,2.95276142768939,0
True,3.17054863426917,0
True,1.65817567064836,0
True,0.748742005393741,0
True,1.26009129552655,0
True,2.04854132118439,0
True,1.15116253474236,0
True,3.58787026744899,0
True,1.91809805339135,0
True,2.28412741710846,0
True,3.12630044335696,0
True,1.82640108977809,0
True,1.08446940487931,0
True,2.73478898769891,0
True,2.11553756921645,0
True,1.64938278522574,0
True,0.934203059160063,0
True,1.52655466157948,0
True,1.67667593339081,0
True,2.8746518335913,0
True,1.39089668005228,0
True,3.35043683514091,0
True,1.57198178221823,0
True,1.72466817638879,0
True,1.7330993591907,0
True,1.82058781103213,0
True,1.64757668096031,0
True,1.98549364601138,0
True,1.76237726906656,0
True,2.51795985141228,0
True,1.47717783991681,0
True,2.96538551963789,0
True,1.17794530306848,0
True,1.6825027134273,0
True,1.10363707927202,0
True,3.14912137987909,0
True,1.13681085130771,0
True,1.61989497971248,0
True,1.55061823830414,0
True,3.7423643498686,0
True,2.78324705679447,0
True,1.97007599655821,0
True,1.19447374897598,0
True,0.594418870550925,0
True,1.37984169129118,0
True,0.937960399805157,0
True,2.34877503968558,0
True,1.08642094008774,0
True,1.25694111176502,0
True,1.03115699498464,0
True,1.68516077040303,0
True,1.25799828660603,0
True,1.82378034229017,0
True,1.03925122791172,0
True,2.24746848943996,0
True,2.4739813206215,0
True,2.65152786074124,0
True,1.9269453903895,0
True,2.28141377938392,0
True,2.94658662435414,0
True,2.72804145102843,0
True,3.12033855454214,0
True,1.08245571875468,0
True,1.54466260497247,0
True,2.50021998668178,0
True,0.949142558959914,0
True,2.29303784554875,0
True,1.92771148533451,0
True,0.857252439384259,0
True,1.20006169737523,0
True,1.89485105180505,0
True,2.29997837751897,0
True,1.06522695289583,0
True,1.35945655036463,0
True,3.08491603331653,0
True,1.24240824681678,0
True,1.01321115944664,0
True,2.20078459767782,0
True,0.760685752195885,0
True,1.25476667318528,0
True,3.84917860789106,0
True,1.92649365540662,0
True,2.48254775717102,0
True,2.66086704522196,0
True,2.17141592192239,0
True,1.92858338253412,0
True,1.01767448301983,0
True,1.44294546736214,0
True,4.06739581701351,0
True,1.61155952362466,0
True,3.15147291031759,0
True,0.980347141688483,0
True,2.08876499666183,0
True,1.40866884268679,0
True,1.98815872570434,0
True,1.49172621888628,0
True,1.80491535056069,0
True,3.18522681206152,0
True,2.26466194589466,0
True,1.06091007573109,0
True,2.99845835761718,0
True,1.56489209293977,0
True,1.83952580267501,0
True,1.96157738004912,0
True,1.2684676158586,0
True,0.727634629746916,0
True,1.65675062435093,0
True,1.66167784094674,0
True,1.94200714735236,0
True,2.6806260097402,0
True,2.76066017103934,0
True,1.18771093561465,0
True,2.05153231486816,0
True,2.94031556611269,0
True,2.38882768375751,0
True,1.00440097443807,0
True,1.37667982454916,0
True,1.83535574490973,0
True,2.17564344785271,0
True,2.41008930504889,0
True,2.0097917593892,0
True,0.908422081408771,0
True,1.02100492010586,0
True,1.78987043013094,0
True,2.19081532468287,0
True,2.09262572585541,0
True,2.07729156143127,0
True,0.810434044443081,0
True,1.82945559476175,0
True,1.04767459312141,0
True,1.51950180908793,0
True,1.95539180360776,0
True,1.40848252680683,0
True,2.64347519400952,0
True,1.6045575825654,0
True,3.44120763650312,0
True,1.69312900220182,0
True,1.35909503158394,0
True,3.32566968634202,0
True,2.69336591897896,0
True,2.37488583826727,0
True,3.8497819165201,0
True,2.48559314525291,0
True,1.44380486394934,0
True,1.1988516937798,0
True,1.05199890519992,0
True,1.77523175681978,0
True,2.43970533994941,0
True,3.16577814390581,0
True,1.45138499009114,0
True,2.13748744687778,0
True,0.772013711429585,0
True,3.37216827343141,0
True,3.14911952556331,0
True,1.15504842991074,0
True,0.879765245713773,0
True,1.31051311339049,0
True,2.10029414743843,0
True,2.0918757506637,0
True,1.06231380997589,0
True,1.66678363377091,0
True,1.52787148283676,0
True,1.43582861212206,0
True,1.66615677782729,0
True,2.26390362731818,0
True,1.13518189589774,0
True,1.44269892030287,0
True,1.16368584477157,0
True,1.58090967873653,0
True,2.35272111731867,0
True,1.41000551991557,0
True,1.65365243641163,0
True,1.67947277213648,0
True,2.1384896664764,0
True,0.893606799897308,0
True,1.50248286924115,0
True,3.28570046568605,0
True,2.1798310651014,0
True,3.64079288643388,0
True,1.19809933775973,0
True,1.56459114048399,0
True,0.98869170220764,0
True,2.47321357698243,0
True,1.34778187127007,0
True,1.83376219257324,0
True,0.980109521403658,0
True,2.31669245559804,0
True,1.59467641533922,0
True,1.72660112138128,0
True,1.39439150968872,0
True,2.85450212118851,0
True,2.71531069758935,0
True,2.26322845085312,0
True,2.50229459804635,0
True,1.29439644410595,0
True,1.14435781043139,0
True,1.22020848742606,0
True,2.92342621801921,0
True,3.99294173276971,0
True,0.928886205974446,0
True,2.98805180814395,0
True,2.51820221342625,0
True,2.10356558059635,0
True,1.84938821041956,0
True,3.34065568097823,0
True,1.98378446495826,0
True,1.91506419818516,0
True,1.46986803711356,0
True,3.08181122941293,0
True,2.3267497544114,0
True,1.11229174293701,0
True,1.81108688796552,0
True,1.23105097653863,0
True,3.41796283320955,0
True,0.959490465222399,0
True,1.21139799554219,0
True,0.649607881679672,0
True,0.753707135386697,0
True,2.60691880793947,0
True,2.41036643289704,0
True,1.69749937928428,0
True,1.22958429261938,0
True,1.29902017144186,0
True,1.80789921617436,0
True,2.35715511701116,0
True,0.676230542660627,0
True,1.63365371067829,0
True,2.73218953139578,0
True,0.983187471270426,0
True,0.944243535220391,0
True,3.40956017699326,0
True,1.8893522346931,0
True,1.51404416844646,0
True,1.91530046384582,0
True,1.19990359987932,0
True,3.99947058553907,0
True,4.06668635829037,0
True,2.48940565875807,0
True,2.18508900236076,0
True,2.30159920572694,0
True,0.940093168682556,0
True,1.1226605163069,0
True,1.66615764360386,0
True,2.40931162243152,0
True,1.62256290701079,0
True,1.62904533056229,0
True,0.897220357395686,0
True,1.4848827625214,0
True,1.05582680827079,0
True,0.636288765540431,0
True,1.3833142633886,0
True,1.25136969802213,0
True,3.4989372984841,0
True,2.01738398588434,0
True,1.87231402085862,0
True,2.04085688787034,0
True,1.14733006537502,0
True,2.67362798682031,0
True,2.14932317308572,0
True,1.99304682746974,0
True,1.83211805159596,0
True,0.958978861348578,0
True,2.31073115210284,0
True,3.64707955494913,0
True,0.86258867131732,0
True,1.51768268256414,0
True,0.782442142224699,0
True,0.436498824421625,0
True,1.51873895189765,0
True,1.83992476031374,0
True,0.968549603433627,0
True,1.07846043852313,0
True,1.34064550200946,0
True,1.82439327121686,0
True,1.85911069449912,0
True,1.7990510606546,0
True,0.9396751985893,0
True,2.12072950613821,0
True,1.24343849768887,0
True,1.70641074689378,0
True,1.94837110646553,0
True,1.60408712935201,0
True,1.5334621326367,0
True,1.49015823278405,0
True,1.87235908849421,0
True,1.24023864688927,0
True,1.2091878577525,0
True,1.97367394488952,0
True,1.60325147634433,0
True,2.79580433785258,0
True,3.37167917160623,0
True,1.06809678912792,0
True,3.39827915092728,0
True,1.69136648848292,0
True,3.27186318509354,0
True,3.2070632973761,0
True,1.36090889285695,0
True,1.20735477121524,0
True,3.29150334126149,0
True,1.32057278049221,0
True,1.18852714757798,0
True,2.86129962960975,0
True,3.53813410987559,0
True,1.50020780986613,0
True,1.73291499997258,0
True,0.995317296579178,0
True,0.591657460773062,0
True,0.724136098148009,0
True,2.03459456909282,0
True,3.26310479699143,0
True,1.62085130585908,0
True,2.11185784698852,0
True,1.93496008165283,0
True,2.84413218042906,0
True,1.4803536496249,0
True,1.37317057187634,0
True,1.222648812115,0
True,1.51306814148435,0
True,2.03037501295139,0
True,1.90485744664922,0
True,2.17324709837015,0
True,2.0821173373642,0
True,1.10978438761524,0
True,2.07756424680355,0
True,1.9541035536463,0
True,1.42713612553962,0
True,1.08893667607976,0
True,1.48610005130362,0
True,1.6367710208169,0
True,1.08355819077907,0
True,1.52728799171476,0
True,1.88895416432387,0
True,3.42013984126471,0
True,1.8347796834966,0
True,2.39440891756225,0
True,1.70256551697718,0
True,1.24404991363571,0
True,2.04929981586468,0
True,1.23087993314013,0
True,3.11682980756337,0
True,1.20902266861282,0
True,1.95468281676859,0
True,2.31455719677356,0
True,1.72637222835842,0
True,1.31786671217829,0
True,1.27707679421614,0
True,3.57400126366869,0
True,2.20745629197086,0
True,1.76197179305886,0
True,1.76824164650221,0
True,1.12916690328766,0
True,2.03076424848815,0
True,3.23629410061863,0
True,0.741592493336432,0
True,1.52171272630434,0
True,2.67651345439107,0
True,1.62280335598118,0
True,2.02592757914698,0
True,3.25889287603427,0
True,2.05656141196372,0
True,1.03458332746194,0
True,1.78744405412824,0
True,1.53000804122792,0
True,0.841003468441001,0
True,1.92620801131858,0
True,2.15492093549995,0
True,2.36071222678698,0
True,1.75493534772133,0
True,2.1597801752629,0
True,0.766153514420684,0
True,1.80248549221096,0
True,0.962145713440468,0
True,2.08950406149471,0
True,1.07841199089,0
True,1.06504556830138,0
True,1.35486794979775,0
True,2.09711947483878,0
True,1.20150184233054,0
True,1.72903541727267,0
True,3.05912760262114,0
True,2.8144403628811,0
True,2.77207723294,0
True,4.2698456174306,0
True,1.50223794794208,0
True,2.17551730861007,0
True,1.25578068435794,0
True,1.34740476267748,0
True,0.43986042140809,0
True,1.4111546774764,0
True,3.68817268993782,0
True,2.74719153647261,0
True,0.964213684313124,0
True,1.62252134388796,0
True,0.676980217821773,0
True,3.37954287265615,0
True,2.01604333829841,0
True,0.994688648859969,0
True,3.6878009994237,0
True,1.81762940467829,0
True,1.88413415889373,0
True,1.03901655162172,0
True,1.32565734504162,0
True,1.47642400185051,0
True,1.21468190749497,0
True,3.81400661242888,0
True,2.3823271435798,0
True,1.24527291028194,0
True,1.39149425070911,0
True,2.59332725897764,0
True,1.74940214585387,0
True,1.07775886412315,0
True,1.59876224536037,0
True,1.49622038358435,0
True,1.9910905640096,0
True,1.02740012634936,0
True,2.09887654909693,0
True,2.2141269443613,0
True,1.41424113595257,0
True,1.3356442364447,0
True,0.860221152781054,0
True,0.79897929050355,0
True,0.748768285989805,0
True,0.892523345585842,0
True,1.3196301215345,0
True,2.02827237807542,0
True,1.86008322746847,0
True,3.66881685971828,0
True,2.02045538174128,0
True,1.46169755472006,0
True,1.37600523569274,0
True,0.878890619501909,0
True,1.43486444667736,0
True,1.69153257400583,0
True,1.81618804180878,0
True,0.620828689244906,0
True,3.77425623536212,0
True,3.24555206450763,0
True,2.29079518241373,0
True,1.6624815444023,0
True,2.50414773166048,0
True,0.788260748076063,0
True,1.38822870312247,0
True,1.32786692835181,0
True,2.69778857513905,0
True,0.946394412742678,0
True,1.539079232526,0
True,1.20989902117839,0
True,1.42630974974588,0
True,2.49555474217981,0
True,1.80800542130164,0
True,0.727693303059158,0
True,1.64274643129389,0
True,2.27095484294014,0
True,1.14334113833718,0
True,2.01126684726019,0
True,4.09500427105566,0
True,1.56811348739004,0
True,1.87545339485974,0
True,2.94159582755584,0
True,2.68374539986758,0
True,0.662094390426706,0
True,3.24573442114648,0
True,3.93705488611966,0
True,3.12615163600492,0
True,2.65552344123061,0
True,0.786904366918466,0
True,1.45438305550097,0
True,2.29150233262163,0
True,2.1252119642658,0
True,1.43359645837459,0
True,1.9024447342954,0
True,1.81548399597606,0
True,0.960615603603284,0
True,1.1816713527962,0
True,1.59501629751729,0
True,1.88701215310137,0
True,0.963371484126963,0
True,1.49115636379539,0
True,3.33058892711795,0
True,0.505123734088819,0
True,2.03966087522271,0
True,1.98011523704567,0
True,1.46548079940627,0
True,1.26957673526754,0
True,0.833894627588333,0
True,1.05820756154756,0
True,1.37617750553752,0
True,1.51250499236175,0
True,2.09651879273379,0
True,4.11613472174939,0
True,3.56497898743407,0
True,1.79268266494541,0
True,1.69499698951823,0
True,2.2774374536225,0
True,1.50479300068401,0
True,1.63766319403577,0
True,1.69117222946719,0
True,1.07360286912885,0
True,1.33515818100604,0
True,1.05849976828898,0
True,0.61609914685432,0
True,1.80593805914767,0
True,1.76949982044846,0
True,1.30892067948024,0
True,1.63335549477146,0
True,1.51497186942773,0
True,1.58292127830302,0
True,2.03000197734967,0
True,2.16692925723921,0
True,2.3051343281804,0
True,1.64696671496817,0
True,1.24531511249399,0
True,2.17046942865581,0
True,1.85925855188127,0
True,0.9573622987865,0
True,1.02763198954029,0
True,2.49781865967016,0
True,1.21160229211005,0
True,1.46264669267216,0
True,1.39800412497358,0
True,0.991461607991381,0
True,3.28667671373564,0
True,1.78119610374667,0
True,2.05914065026263,0
True,1.71686510509564,0
True,1.97113254493582,0
True,0.614662963326336,0
True,2.17718832682393,0
True,2.74343344549706,0
True,1.30503172293511,0
True,1.85920461547213,0
True,1.68251381242644,0
True,1.82287419662779,0
True,3.65061325071908,0
True,1.10290570118043,0
True,1.43048539835981,0
True,1.99633976689516,0
True,1.4035223267396,0
True,2.02516927075935,0
True,0.959113984898223,0
True,1.60645008050073,0
True,1.38506270743738,0
True,1.87752023403685,0
True,1.81289390509932,0
True,2.06887717041493,0
True,2.53697936544707,0
True,1.37093835770825,0
True,1.38567688752194,0
True,1.98571702384575,0
True,1.26467899789715,0
True,2.61196550397897,0
True,1.43412880898379,0
True,2.40117204926102,0
True,1.1342752329595,0
True,1.74740612939854,0
True,1.11521681880932,0
True,2.40067060789929,0
True,3.15736325534228,0
True,2.24064265782262,0
True,2.14715992117554,0
True,1.88505303299235,0
True,1.75809698221764,0
True,1.5585987658465,0
True,1.0939440799163,0
True,2.2070022367696,0
True,2.43929535331044,0
True,0.900461898558435,0
True,1.72568136307501,0
True,1.60954813251791,0
True,3.44258999676268,0
True,2.24359497028322,0
True,1.90496928354876,0
True,3.41398840339577,0
True,1.30422783785617,0
True,2.53555895604427,0
True,1.63299330489969,0
True,1.93926895934171,0
True,0.828470353339221,0
True,1.10358075032574,0
True,0.531926992584775,0
True,2.27515346390371,0
True,2.18721526605476,0
True,2.31478271144093,0
True,1.59654115855901,0
True,2.12963375682304,0
True,2.10788504287483,0
True,2.20452445178583,0
True,2.26180430984264,0
True,1.12472240401378,0
True,1.58020234881792,0
True,3.36909994999542,0
True,3.46531286376253,0
True,2.90453618958671,0
True,1.69896381793218,0
True,2.58878438864723,0
True,1.16842498647717,0
True,4.17417552963239,0
True,1.52332539416825,0
True,1.30808677266567,0
True,1.34043357604045,0
True,3.30520415135787,0
True,2.09538678583733,0
True,2.13682994629171,0
True,1.53298797136349,0
True,2.62956718273251,0
True,1.91466827250457,0
True,1.31031938190826,0
True,1.36133126932528,0
True,0.995451365967474,0
True,1.66652962805621,0
True,0.832307964676301,0
True,2.28700319861922,0
True,3.02624514491104,0
True,1.45293820522588,0
True,0.944707014683892,0
True,1.67224168954605,0
True,1.98458259337305,0
True,2.54364319843834,0
True,1.94072565136446,0
True,2.60090332303369,0
True,1.74641994510158,0
True,1.10030368058914,0
True,1.46875357855769,0
True,1.86787289356329,0
True,2.04641553722371,0
True,1.21688412190526,0
True,0.898485827723503,0
True,1.55753659912379,0
True,1.37558202849974,0
True,2.92755491436652,0
True,3.63334827303411,0
True,2.37358801734,0
True,2.18362291116699,0
True,1.60792577835822,0
True,4.21767667117042,0
True,2.21711970554587,0
True,3.68446868855721,0
True,2.58306576325574,0
True,2.15654982522496,0
True,1.55412534851852,0
True,1.92559200252864,0
True,1.89765032807121,0
True,1.78225903258108,0
True,1.50997367893697,0
True,2.52247873406281,0
True,1.87710893256671,0
True,1.91868946812479,0
True,1.12199104661895,0
True,2.93469820614491,0
True,2.05460527824688,0
True,2.28418033301108,0
True,1.19317145275842,0
True,0.780366527167151,0
True,1.99347465922584,0
True,3.12247236166466,0
True,2.23017947626615,0
True,0.961670437614731,0
True,4.24627164748078,0
True,2.90839592264966,0
True,1.77560255812877,0
True,3.69207868244551,0
True,1.62228564217543,0
True,1.04835840609872,0
True,1.0761060336279,0
True,2.39880932203034,0
True,1.34165150644815,0
True,1.3638064084327,0
True,1.78206985142926,0
True,1.44100086727019,0
True,1.41729788808387,0
True,0.890569949158299,0
True,1.39525513911407,0
True,2.5190453975836,0
True,1.84689532517026,0
True,2.82533215499542,0
True,1.38341433493039,0
True,2.50351625705526,0
True,1.30046787171503,0
True,1.37974233197891,0
True,2.32956282816656,0
True,1.31491203108266,0
True,0.547318817655461,0
True,1.4263670062402,0
True,0.863604620868318,0
True,1.22488549315114,0
True,3.49592154392997,0
True,2.38915319253104,0
True,2.47738059668175,0
True,1.42891650997214,0
True,0.917630468653608,0
True,1.30766324923457,0
True,1.37904235911375,0
True,2.01156895523355,0
True,0.92317276730376,0
True,3.25175181162029,0
True,2.8041020574265,0
True,2.10892151481371,0
True,0.890991594587657,0
True,0.822050114977292,0
True,1.22209225620167,0
True,2.30103573771764,0
True,1.68514504498723,0
True,1.403767487608,0
True,2.70133186169923,0
True,1.74218791540563,0
True,1.9774823987214,0
True,1.1583221712139,0
True,1.78304811165099,0
True,1.53622017962564,0
True,1.41429215013046,0
True,2.62600523074674,0
True,3.08730712812111,0
True,2.43066763826582,0
True,2.01335447296934,0
True,0.919587953958945,0
True,2.17261979816145,0
True,1.6611453910836,0
True,2.32049514960826,0
True,0.765923005638997,0
True,3.55659247845625,0
True,2.61413630667165,0
True,0.624871174702963,0
True,1.54209562092819,0
True,3.56881560350958,0
True,1.12212447102798,0
True,0.935889345187368,0
True,1.40943374891816,0
True,1.30920249360674,0
True,1.47421445956177,0
True,1.64688252584012,0
True,3.42163036601959,0
True,0.962266788070238,0
True,1.51812268936729,0
True,1.62692983014397,0
True,1.91438220556534,0
True,1.35409661944281,0
True,2.67627346423903,0
True,2.26041752987231,0
True,0.999920193665833,0
True,1.07353216944087,0
True,2.4162112071594,0
True,1.20394705242024,0
True,3.09616419204058,0
True,0.789707510414157,0
True,1.6359084468852,0
True,2.83727732212484,0
True,1.16782865218373,0
True,3.04656712359611,0
True,1.64531909368275,0
True,1.41337572304797,0
True,4.28064062756966,0
True,3.54156374647914,0
True,3.92851032927183,0
True,1.16511903161501,0
True,2.55759410701386,0
True,2.10004710932212,0
True,1.68977703948351,0
True,1.3465090892516,0
True,1.78844301579268,0
True,1.15230792252625,0
True,3.46705946427122,0
True,3.44639924915103,0
True,1.17123120037475,0
True,1.49823020552874,0
True,1.29143506312688,0
True,2.15929254839041,0
True,1.23124303460141,0
True,1.8858822906319,0
True,2.12933305194525,0
True,1.29855696875926,0
True,1.11288463076872,0
True,2.35872046392034,0
True,1.7533116901209,0
True,1.51040531297911,0
True,2.78607650180144,0
True,1.01829041375939,0
True,3.0309249746083,0
True,2.75933646026214,0
True,0.725229726252737,0
True,3.26568924976397,0
True,2.02927757466523,0
True,1.42057008263704,0
True,3.37283237308738,0
True,4.03655948252786,0
True,1.15748891173207,0
True,0.906020539908912,0
True,4.21335708098586,0
True,1.95038256104236,0
True,3.78621686398965,0
True,3.846208570328,0
True,1.89497912086329,0
True,2.03414519002368,0
True,2.84343063961922,0
True,1.22318853970608,0
True,1.8251702203765,0
True,1.78189579417818,0
True,2.38201002741595,0
True,3.00954574880119,0
True,2.00344310359948,0
True,2.17375884535768,0
True,1.03469719758795,0
True,1.29513364458614,0
True,1.41931427676636,0
True,1.50156916012471,0
True,3.39347520625706,0
True,2.1697006572538,0
True,1.54244162556066,0
True,1.98185838646348,0
True,2.98890672754712,0
True,1.59695219398119,0
True,1.14689840608085,0
True,1.42053685527922,0
True,3.20901939433516,0
True,0.997895387137909,0
True,0.772143039045047,0
True,1.33049121280889,0
True,2.02011513049613,0
True,1.42386307556946,0
True,2.46359237323021,0
True,2.61312440075286,0
True,2.6295874928744,0
True,3.71435289270664,0
True,1.60029776099344,0
True,2.17740124691684,0
True,1.83734542052081,0
True,3.19360065020435,0
True,1.47770463641389,0
True,1.74627750544194,0
True,2.16365131034169,0
True,1.4378179679547,0
True,2.04474576929043,0
True,1.56429170257734,0
True,1.8532480278755,0
True,1.89645174461673,0
True,1.44870250205927,0
True,1.89922177384883,0
True,1.39309703105393,0
True,1.16318508218223,0
True,2.80935218713453,0
True,2.79529931895183,0
True,2.94985751749937,0
True,1.11424855902367,0
True,3.90186530359748,0
True,2.17810526428348,0
True,1.33379621992136,0
True,0.62286780982093,0
True,1.55937119871548,0
True,2.59785806461837,0
True,1.32005879946065,0
True,1.15568720779253,0
True,0.929557095529137,0
True,2.04588959658579,0
True,1.78137870041147,0
True,1.54149272276969,0
True,1.32919249006871,0
True,1.74301286798252,0
True,1.14250370420604,0
True,0.784171049522539,0
True,1.29207038527326,0
True,1.90866650170888,0
True,1.12402607347761,0
True,0.999244037427629,0
True,2.01231451594873,0
True,1.00747523873749,0
True,4.17764536582569,0
True,1.48354356533239,0
True,3.78740971827827,0
True,2.7003393260384,0
True,3.19947501717136,0
True,3.06243576807952,0
True,1.98185582998421,0
True,3.37340560984713,0
True,1.55212881726294,0
True,3.11802842768801,0
True,2.01043631372109,0
True,1.62823916457368,0
True,1.0295437445681,0
True,1.60700045848477,0
True,2.00265136584065,0
True,1.971894619408,0
True,4.55960634452252,0
True,4.65799742961693,0
True,1.66563832699076,0
True,2.00094598361604,0
True,1.97690255331686,0
True,4.55892335554678,0
True,3.11662974168621,0
True,1.40508894729762,0
True,1.01900657478331,0
True,1.0779139081501,0
True,1.50075758522269,0
True,0.877939909150797,0
True,0.987168916491527,0
True,2.29035754859412,0
True,2.32608563061989,0
True,2.05265728971633,0
True,3.18969468583015,0
True,0.925910498090826,0
True,1.16961985632083,0
True,2.1745269263145,0
True,0.80899195437864,0
True,1.91445981045596,0
True,2.02316907404815,0
True,1.60339550735889,0
True,1.82807073948488,0
True,2.03403320304834,0
True,1.21261337170477,0
True,1.40997845323865,0
True,1.52344599297097,0
True,1.48706228763202,0
True,2.05896065925358,0
True,3.2013060181296,0
True,2.74104668040034,0
True,1.3537658447254,0
True,2.06698085283587,0
True,1.23804075783611,0
True,2.76463224963032,0
True,0.856882397380999,0
True,3.06285747620407,0
True,2.70177537792543,0
True,2.59732014675411,0
True,1.3275125484938,0
True,2.71449055800448,0
True,2.4215883547352,0
True,1.45852775157806,0
True,0.934772417647621,0
True,0.853469906538713,0
True,3.72650859861282,0
True,3.08890104414268,0
True,0.976546535389933,0
True,1.21935511326475,0
True,2.66567054595585,0
True,1.38691661437885,0
True,2.35775564454887,0
True,2.69038732050447,0
True,2.76310140331284,0
True,2.38777655578509,0
True,2.80801888656312,0
True,4.19460935251632,0
True,1.34802321958022,0
True,2.19292887105944,0
True,2.31685456884196,0
True,2.11897974094869,0
True,1.07074465207315,0
True,1.75787018590755,0
True,1.14770414467186,0
True,0.80047909727872,0
True,1.70877642566709,0
True,1.72304472497038,0
True,1.49032173791184,0
True,1.20821483273829,0
True,2.0980127658699,0
True,3.23128101646614,0
True,1.76017039527931,0
True,3.65119441407861,0
True,3.01717150770726,0
True,2.47034194901135,0
True,1.64670544851486,0
True,1.28261883201771,0
True,2.5677235692728,0
True,0.695958897172553,0
True,1.37801835044668,0
True,2.3558044554544,0
True,1.73324039318794,0
True,1.45503048955224,0
True,1.90870640109,0
True,1.48011587102807,0
True,2.18136002064832,0
True,2.46734948949746,0
True,0.900615341098604,0
True,1.97930461327577,0
True,1.41399151822652,0
True,2.41143716791989,0
True,1.73342888518515,0
True,0.935673348052377,0
True,1.79726758836293,0
True,2.36037680649051,0
True,1.71694129686465,0
True,2.70087799483444,0
True,2.82973370056944,0
True,2.07874137251827,0
True,2.24153494241015,0
True,0.999710466764546,0
True,2.08321985422339,0
True,1.75987416525547,0
True,1.76763451453307,0
True,2.25060682276833,0
True,3.44574719173134,0
True,1.68676781521326,0
True,2.80729403478532,0
True,1.61241433323555,0
True,1.7469024493523,0
True,0.632524353065943,0
True,1.47101850652659,0
True,2.96258978708718,0
True,0.897725920487345,0
True,1.62419569635629,0
True,1.12395038930754,0
True,1.6595784454559,0
True,1.05260960910397,0
True,1.17998407842246,0
True,2.0384998186974,0
False,0,0.000832015203858788
True,3.20533291416858,0
True,2.45890371447392,0
True,1.19238453681767,0
True,1.87330848465899,0
True,1.31522233362626,0
True,2.16592602634867,0
True,2.17736157862803,0
True,1.99495254678547,0
True,2.04594203481089,0
True,1.23049627486674,0
True,0.844915818005578,0
True,1.99520753145421,0
True,3.06663607404105,0
True,2.40580416197698,0
True,2.71930795787898,0
True,1.12074734309404,0
True,2.31188485976541,0
True,0.763947361834225,0
True,1.33699606307905,0
True,1.65590833607454,0
True,1.32294438665989,0
True,1.42278047992483,0
True,3.87616743073163,0
True,2.46849621561089,0
True,1.8734560373815,0
True,1.48996641847218,0
True,2.19507831291031,0
True,2.19331524594845,0
True,2.0203520409267,0
True,2.1479528345647,0
True,1.10282728257118,0
True,1.71920501778507,0
True,2.83395821797948,0
True,1.93155654059864,0
True,2.24753654812291,0
True,2.10612934539814,0
True,1.81700482686413,0
True,2.02855660189476,0
True,1.16390261017751,0
True,2.65105473626182,0
True,1.70309326297074,0
True,1.74968479365131,0
True,3.22476455039733,0
True,1.34158686058029,0
True,2.91031813062919,0
True,1.30872072204383,0
True,2.40711650450424,0
True,1.76508358994091,0
True,2.13505611200938,0
True,2.6129785810768,0
True,1.68920280746427,0
True,1.37970967630647,0
True,2.62889759191496,0
True,2.38981282190903,0
True,2.49057662659253,0
True,2.22786272554479,0
True,1.96361031033929,0
True,3.28330975387463,0
True,2.13520797489467,0
True,1.58367379559335,0
True,1.69732671371028,0
True,1.39648836219888,0
True,1.68061074832279,0
True,1.47059565587398,0
True,1.90752072235283,0
True,2.7053383904785,0
True,1.5876611023672,0
True,2.28009563295617,0
True,2.64846824496371,0
True,1.27531124305296,0
True,1.40018951929807,0
True,1.61842742821867,0
True,3.0897512544784,0
True,2.18530409279042,0
True,1.36803690708576,0
True,2.68543903901707,0
True,1.45931979322777,0
True,1.23133821662361,0
True,2.05613980502694,0
True,3.62154272425846,0
True,1.52637374804567,0
True,0.722521549595263,0
True,0.685936746739373,0
True,1.39215955694133,0
True,1.6961751657424,0
True,2.29174719363339,0
True,1.91379960314379,0
True,2.42603454905799,0
True,1.91786067559935,0
True,1.85390083459159,0
True,4.17436721030061,0
True,1.17180608644754,0
True,2.93971193286961,0
True,1.03344450817507,0
True,0.966522847160425,0
True,1.89809590190938,0
True,1.76457770142549,0
True,3.73100515524282,0
True,1.8891431533791,0
True,1.86379348469641,0
True,1.3482378776136,0
True,1.14579198579448,0
True,3.16765854862619,0
True,2.29036500764549,0
True,1.38145548454324,0
True,3.15238828520597,0
True,3.74293954431052,0
True,3.44036140563616,0
True,1.75409392112404,0
True,2.03874606922821,0
True,2.09261847248821,0
True,0.868334519859714,0
True,1.50711634519188,0
True,1.89414908500157,0
True,0.697882278437777,0
True,1.65935436265732,0
True,3.22119109816316,0
True,1.76206072520764,0
True,2.89508716676871,0
True,1.94478833499957,0
True,0.889397289315012,0
True,2.09011471020235,0
True,1.73658349575732,0
True,1.84949335313916,0
True,1.36853977267085,0
True,1.60779422488189,0
True,1.48668431256694,0
True,2.12577046338979,0
True,1.95649218384334,0
True,1.23059269859851,0
True,1.60973107668055,0
True,1.99823496094669,0
True,2.17321557302042,0
True,1.71686066543542,0
True,1.63567535269701,0
True,2.23749962516419,0
True,3.25286397666163,0
True,1.64386200496481,0
True,1.1101054990379,0
True,1.17071650492377,0
True,1.14643261543169,0
True,2.28022387126239,0
True,2.60292154720668,0
True,1.80189114671831,0
True,3.90935172105772,0
True,1.44582221470814,0
True,0.7979083917525,0
True,3.04625339559743,0
True,3.70201056894222,0
True,0.8641979749563,0
True,1.01851474373451,0
True,2.38480089919651,0
True,1.88009277899825,0
True,2.11117607078732,0
True,1.0154649276214,0
True,4.20734913656019,0
True,2.02610391435262,0
True,1.33431654048466,0
True,0.852361642562591,0
True,0.772574042367292,0
True,1.67976024217767,0
True,1.60609829181442,0
True,1.26911871440314,0
True,3.67521078283143,0
True,1.31424107027924,0
True,1.39701931020974,0
True,1.19607802073845,0
True,0.965289351955246,0
True,1.88232692202243,0
True,2.63826531858964,0
True,2.93743572573121,0
True,1.24124050422575,0
True,1.16065074097293,0
True,1.47034684675801,0
True,1.60472891056954,0
True,0.871170218051654,0
True,1.83153282746573,0
True,2.47777040359878,0
True,2.57916124587845,0
True,3.19284401860669,0
True,1.92688551269412,0
True,3.12335086441073,0
True,2.20848173582894,0
True,2.16468165321891,0
True,3.03836985646408,0
True,0.817644778876262,0
True,2.65017597443771,0
True,1.55221774055089,0
True,1.7276663826549,0
True,2.91979185242243,0
True,1.78356226644134,0
True,2.15218737767417,0
True,2.29388926095937,0
True,1.04795493198087,0
True,3.68120062425355,0
True,1.79519124992233,0
True,1.36343108537714,0
True,2.22357931940027,0
True,2.30402320834077,0
True,3.064557185873,0
True,2.70974072877419,0
True,1.82874908268278,0
True,3.04907102060773,0
True,1.33649175504883,0
True,2.21044461728115,0
True,3.47298048812258,0
True,1.93157077090379,0
True,2.88718428985977,0
True,0.993708203658606,0
True,3.62322780305337,0
True,0.860587136198225,0
True,2.48772412145421,0
True,1.26080243789496,0
True,2.83774893488361,0
True,1.57448741730705,0
True,3.3089108578811,0
True,3.40568555828115,0
True,0.596507699890304,0
True,1.05080091899932,0
True,3.47265169580541,0
True,1.65763815844488,0
True,4.55703755238826,0
True,2.75406247376363,0
True,1.24869367363432,0
True,0.984162533328808,0
True,1.15427531452377,0
True,3.09645347870264,0
True,2.41607769646899,0
True,3.89223350175882,0
True,2.72217519052405,0
True,1.65645126042806,0
True,0.781481802557476,0
True,1.14238189747305,0
True,2.19961223941245,0
True,1.95597983151628,0
True,1.5767407746292,0
True,1.29776590989075,0
True,1.39048545275869,0
True,2.58208614799344,0
True,1.20753641624395,0
True,2.94330715364473,0
True,2.60548419393107,0
True,1.24212058010562,0
True,1.96769379272145,0
True,2.13898542816453,0
True,1.93691684299012,0
True,1.53572516405177,0
True,1.72569696385796,0
True,1.02179058579807,0
True,3.2016503055706,0
True,3.54523100355553,0
True,2.02037235540153,0
True,1.29139010771702,0
True,1.61200338852545,0
True,1.93687947158373,0
True,1.70627862888831,0
True,1.52996242476309,0
True,4.01751126790027,0
True,1.74991606084304,0
True,2.29116118381679,0
True,1.13167690456891,0
True,1.98368268807208,0
True,2.51403143812933,0
True,2.41012644804789,0
True,3.04777059981298,0
True,3.15321904062658,0
True,1.89323974225034,0
True,1.87933991624282,0
True,1.96176583985127,0
True,2.14994134372724,0
True,2.02081814370686,0
True,1.41329309443336,0
True,2.70064246360116,0
True,1.97509346710696,0
True,2.50636188854661,0
True,2.07551360066832,0
True,1.5141108585167,0
True,2.55626690024157,0
True,3.02640507447666,0
True,1.97551978579963,0
True,1.42776850982298,0
True,2.22996455027979,0
True,1.59272230059676,0
True,1.4601708045906,0
True,2.00568172018322,0
True,1.94832838965262,0
True,2.31488332279769,0
True,2.18469580924105,0
True,2.18154004759614,0
False,0,8.98152676409226E-05
True,1.04132422740642,0
True,0.685865285981127,0
True,0.7121990942009,0
True,1.62273831954725,0
True,2.10087774937077,0
True,1.33950542559898,0
True,3.24866375765536,0
True,1.21503000854635,0
True,2.6361859385887,0
True,2.57992066239183,0
True,0.639130709710576,0
True,1.21578942844827,0
True,0.721988283528839,0
True,1.49923429989253,0
True,1.44141959925001,0
True,2.49697049714937,0
True,1.94328865365661,0
True,1.48193494395479,0
True,2.06168989693581,0
True,2.42195191412494,0
True,1.1159169567682,0
True,1.1260274824429,0
True,1.45774034539505,0
True,2.15614383263096,0
True,1.86487646983606,0
True,1.28698158761525,0
True,2.26894324955988,0
True,0.759219828635936,0
True,0.882845437909716,0
True,1.20560353080839,0
True,4.00347145346241,0
True,3.01505451629385,0
True,0.898235761431515,0
True,3.65865626579259,0
True,1.4416064904224,0
True,1.79763837527764,0
True,1.13396163695816,0
True,1.49843294480933,0
True,1.49942102395066,0
True,1.7453987006216,0
True,0.938884929770049,0
True,1.14921980775926,0
True,1.00357542962326,0
True,3.46919263272131,0
True,1.11156289757734,0
True,2.63917351602251,0
True,0.555232412246841,0
True,0.952159414485197,0
True,1.58663185742137,0
True,3.28024922674967,0
True,1.90854036059562,0
True,2.10289885816757,0
True,1.22214069732137,0
True,1.61530816740614,0
True,1.79554333886464,0
True,1.83975950727627,0
True,2.17129375924256,0
True,2.32634675224046,0
True,2.18470509141207,0
True,3.52881610302533,0
True,2.10376651598146,0
True,1.41985807032949,0
True,1.54962970182441,0
True,1.03249697378259,0
True,1.877563801263,0
True,1.43861356491596,0
True,1.70323667289153,0
True,1.76405104568413,0
True,1.80250730793125,0
True,1.3858319563727,0
True,1.44183636529107,0
True,1.38037899896991,0
True,1.74198228878341,0
True,3.62392803709396,0
True,1.86798141102426,0
True,1.372540767563,0
True,2.36486229621333,0
True,1.38300257732529,0
True,1.7765354289096,0
True,3.83633132782276,0
True,0.647583373404918,0
True,3.391237141377,0
True,3.22690766360955,0
True,3.24451563629346,0
True,3.58167860988781,0
True,2.80226079759046,0
True,1.92008305839032,0
True,1.50721593295201,0
True,2.85499711329741,0
True,4.01350964911397,0
True,1.10739454930832,0
True,3.12545358615533,0
True,1.93037084383968,0
True,4.08362695410343,0
True,1.75027192415994,0
True,1.49427231403466,0
True,1.47654762804461,0
True,1.50755265062507,0
True,1.85880480597113,0
True,0.340162693039223,0
True,0.277247126367435,0
True,1.68502105094151,0
True,1.70865251587848,0
True,1.68252246557207,0
True,1.01352239556925,0
True,3.13898362893248,0
True,2.53879780508999,0
True,1.40777019190182,0
True,1.63616356000259,0
True,0.83062368090149,0
True,1.26187896119673,0
True,1.86227023424071,0
True,0.952391468945745,0
True,1.07102879188007,0
True,1.49893675002007,0
True,1.89110923606226,0
True,3.3208196500947,0
True,2.54510950723557,0
True,2.58479716550661,0
True,2.36628092263399,0
True,1.91636372314384,0
True,1.95349518252979,0
True,3.29261832608815,0
True,1.50548698622897,0
True,1.99451253542475,0
True,1.39050671189191,0
True,0.705282221383097,0
True,1.33870963729187,0
True,0.55037333175479,0
True,2.27942297836606,0
True,2.78945582029654,0
True,1.66066180904094,0
True,2.72174891477462,0
True,1.05425112148031,0
True,1.3972298355091,0
True,1.17112540684636,0
True,1.52325362075917,0
True,3.28944878043365,0
True,4.03279970062024,0
True,4.40300636723512,0
True,3.59905140903061,0
True,1.37016496136276,0
True,2.81520498944641,0
True,1.83766696090303,0
True,1.7174408215263,0
True,2.83929071984251,0
True,1.86846033217451,0
True,1.53827747900902,0
True,1.1780005945411,0
True,1.00098556148072,0
True,2.91099271166352,0
True,1.86248573144688,0
True,3.46893041026981,0
True,2.14577670139788,0
True,2.57888376484397,0
True,2.40989175329975,0
True,2.63572547129774,0
True,2.26362031291708,0
True,1.05388454867569,0
True,1.60871316418156,0
True,3.566306347551,0
True,1.12822050020108,0
True,2.58459851762783,0
True,3.39744156591318,0
True,0.971949057852533,0
True,2.64323713223893,0
True,2.36883695219961,0
True,1.0075917533759,0
True,1.03415212677112,0
True,1.02311353266942,0
True,3.24962401125316,0
True,1.29066669747182,0
True,2.25032840746558,0
True,1.74216981776719,0
True,1.67432360855612,0
True,1.52862882528031,0
True,1.24509622268275,0
True,1.3096550774727,0
True,1.97288697478644,0
True,2.54193158340408,0
True,0.895657726771842,0
True,2.09695043744964,0
True,0.890715535739293,0
True,3.03610887541622,0
True,2.58159276185263,0
True,2.04418982855646,0
True,1.02556418092057,0
True,2.22168298893897,0
True,1.44212911312794,0
True,2.84526701054932,0
True,1.46583687650071,0
True,1.47061811582704,0
True,2.55892442573355,0
True,2.71980105181229,0
True,2.04137041419577,0
True,0.899976802479807,0
True,1.33642871849889,0
True,1.63945569521298,0
True,1.29644924112165,0
True,3.3835518048719,0
True,4.4369296212078,0
True,2.66205740130548,0
True,3.41085615505817,0
True,1.9782688188384,0
True,1.81461767238405,0
True,2.6135650694095,0
True,1.63735473610888,0
True,2.09192435700698,0
True,1.77715716894033,0
True,1.40448022689068,0
True,4.12596868473066,0
True,3.49241069597427,0
True,2.57360978153905,0
True,1.48117478421303,0
True,1.00035499560193,0
True,2.68503233302274,0
True,1.5726615393544,0
True,1.91579959292973,0
True,1.76573541478907,0
True,1.73757891091634,0
True,1.94160607539623,0
True,2.26015447588864,0
True,2.39547832247064,0
True,2.45868244917399,0
True,4.19479547713446,0
True,1.8858743202628,0
True,2.39202798828521,0
True,1.20707776108335,0
True,1.03470099262785,0
True,1.10593210223905,0
True,1.92525694296391,0
True,2.58158881977743,0
True,1.72165365133621,0
True,2.22096976270322,0
True,1.9646898818505,0
True,4.3444323503147,0
True,2.58001459203173,0
True,2.75685386433127,0
True,1.23197882296858,0
True,1.18021592653008,0
True,1.01184541704851,0
True,2.39760433236606,0
True,0.909119236171219,0
True,2.81274652123206,0
True,1.29565704499844,0
True,1.0437356329718,0
True,2.26424745515065,0
True,2.0252922888666,0
True,1.4876445131093,0
True,3.54249911060208,0
True,3.40757481926281,0
True,3.02311714464262,0
True,1.67875798547903,0
True,1.8643426183955,0
True,1.8210362449852,0
True,1.08409336688225,0
True,1.25671828167189,0
True,2.42968303603941,0
True,1.66682035673196,0
True,1.771558017364,0
True,1.88101519975837,0
True,1.80821349417162,0
True,2.4020579834021,0
True,1.99351647437193,0
True,0.900334999767194,0
True,1.07995829503638,0
True,1.9841473630598,0
True,1.23525247101248,0
True,1.05958654499381,0
True,1.57154902747023,0
True,0.909850450251818,0
True,1.58797465221014,0
True,1.9435432207215,0
True,2.15156232040422,0
True,1.52885791583569,0
True,2.55945403496481,0
True,3.15569517799119,0
True,1.39556513872263,0
True,1.46703346128857,0
True,1.26070005691122,0
True,1.36700862365679,0
True,2.32568724379164,0
True,1.54403798965017,0
True,1.19829551849774,0
True,0.865231432978822,0
True,2.10131594490343,0
True,2.2129648798987,0
True,0.697990339217767,0
True,2.93673110054296,0
True,1.85839605201927,0
True,1.5418870357952,0
True,2.20826035736657,0
True,1.36753657057898,0
True,2.33535025404877,0
True,2.72930599559616,0
True,2.18361389521985,0
True,2.80469945263628,0
True,2.00998274313495,0
True,0.827769041804196,0
True,2.72738932137139,0
True,3.23985268217648,0
True,2.71046944787691,0
True,2.67278220081799,0
True,3.22092680725336,0
True,1.36599181088529,0
True,2.07301719305395,0
True,3.06548450743886,0
True,1.61736025095861,0
True,1.57018771004793,0
True,1.50891044167851,0
True,1.96397288027818,0
True,2.16044342811186,0
True,1.46789127240077,0
True,0.988370552962113,0
True,1.70988711460838,0
True,1.44636598059667,0
True,0.68678053006602,0
True,3.7981531349396,0
True,0.943694080316483,0
True,1.04067416394827,0
True,2.59421810453947,0
True,1.3682521168082,0
True,2.96720630569759,0
True,3.13140519056478,0
True,2.58877967575107,0
True,4.03655843456624,0
True,1.26692257015756,0
True,3.41767862616203,0
True,1.97713877506029,0
True,1.94808032150676,0
True,1.66183349059564,0
True,1.40034684724564,0
True,0.881990042401485,0
True,1.27634198149594,0
True,3.72013533807566,0
True,0.656898545160795,0
True,2.22049633902485,0
True,1.16966608672806,0
True,2.50569593901857,0
True,1.25672399327741,0
True,0.931990999483298,0
True,1.42932350564562,0
True,3.37208465933946,0
True,1.48415183351887,0
True,3.07050271480023,0
True,1.92015789180334,0
True,2.59927796243964,0
True,1.83487634272354,0
True,0.966514777745383,0
True,1.17852200146813,0
True,1.22913699986726,0
True,3.17022187967236,0
True,1.31491835316837,0
True,1.95643627006202,0
True,2.28937718201232,0
True,1.19088357260842,0
True,2.54174081247296,0
True,2.36525252008272,0
True,2.08888819213616,0
True,1.08417190721209,0
True,1.51085713128195,0
True,1.41754833853482,0
True,3.06580632603253,0
True,1.04048280496743,0
False,0,0.000827859232481461
True,1.80231342824857,0
True,1.21177879969029,0
True,1.00509985169072,0
True,3.52805293759616,0
True,1.70353695835572,0
True,1.03814370471418,0
True,0.715221073274469,0
True,2.29899234119149,0
True,2.37935083545826,0
True,2.15036200233353,0
True,2.20324603824282,0
True,0.916757519831501,0
True,2.71045815391879,0
True,1.33514733764199,0
True,2.72098188156753,0
True,4.28142659710004,0
True,1.63320594131451,0
True,2.31248351582695,0
True,4.34123294475031,0
True,2.88540875332004,0
True,0.554497590475676,0
True,0.921793062193353,0
True,2.30190900505969,0
True,0.943398459498457,0
True,2.18650340723043,0
True,3.75029534605781,0
True,3.99410283666448,0
True,1.30997042120348,0
True,3.85181192186486,0
True,2.45096662163435,0
True,1.59801905847164,0
True,3.80880574501746,0
True,2.2580260676306,0
True,2.18198328372417,0
True,1.62325716958467,0
True,1.07665382929286,0
True,1.14741252813893,0
True,1.82212649569548,0
True,2.75812584675929,0
True,1.25778654636913,0
True,1.66862579698948,0
True,1.68743316959605,0
True,2.05028670167763,0
True,1.0367284001633,0
True,1.01902023733315,0
True,1.09244906240921,0
True,1.66379199144069,0
True,0.919709371660807,0
True,2.75661129728282,0
True,1.11526692013194,0
True,0.865319353265331,0
True,1.34729745503797,0
True,1.87133341879436,0
True,1.30167888956456,0
True,1.55043075573358,0
True,1.27272917623404,0
True,2.40113201586677,0
True,3.02158655334846,0
True,2.29686978050252,0
True,1.77255946009533,0
True,0.99372912123223,0
True,0.929365130383912,0
True,1.05859083649808,0
True,0.805742336343377,0
True,1.2628050241108,0
True,2.24296680811568,0
True,1.51203039638195,0
True,4.04494660526525,0
True,4.0516912506627,0
True,1.13364373808207,0
True,1.79053361120252,0
True,3.05269679347061,0
True,2.56676940500494,0
True,3.06270643110646,0
True,3.20673004360506,0
True,1.55964957303577,0
True,1.7107757766511,0
True,2.23332746721455,0
True,2.93744452665815,0
True,1.2180018006325,0
True,2.01661878257287,0
True,1.79263065176819,0
True,1.34452880125171,0
True,1.54614580083665,0
True,2.33793105948536,0
True,0.267786391661608,0
True,2.02807369934844,0
True,0.940909302857123,0
True,1.39321201744227,0
True,1.73605769769785,0
True,1.220070077375,0
True,1.70612679353772,0
True,1.11923974361417,0
True,3.91423498556684,0
True,1.15390309598964,0
True,2.41071912488536,0
True,1.75020158460545,0
True,1.7537947682018,0
True,3.10940384673972,0
True,1.15638764144609,0
True,1.27434121297713,0
True,2.29149609532711,0
True,2.29740418291377,0
True,3.01001895854741,0
True,1.27169353794993,0
True,1.39960037555981,0
True,2.35255121602309,0
True,3.19332099612185,0
True,2.65979435514598,0
True,2.74396485170922,0
True,1.2804512272054,0
True,2.22264424074763,0
True,2.37672177878633,0
True,3.62946872844682,0
True,1.89975540490934,0
True,1.7548695681159,0
True,1.60101392259122,0
True,2.45317394462501,0
True,1.14288031032365,0
True,1.17870886529639,0
True,1.89964011586812,0
True,1.12125062473693,0
True,1.34209860776273,0
True,2.28825664826056,0
True,1.21090766198374,0
True,2.54081862625301,0
True,1.0536881202792,0
True,1.93130853030575,0
True,2.13061370477437,0
True,2.94824362709573,0
True,1.15491796946886,0
True,1.88138252714292,0
True,1.96677425234468,0
True,1.89156169031588,0
True,2.54883419330421,0
True,0.709678808314517,0
True,2.63488801800629,0
True,2.72370385681195,0
True,1.49370866754637,0
True,2.01076583638845,0
True,1.19841563090832,0
True,2.42460731375466,0
True,1.32178083858432,0
True,1.38277799524048,0
True,2.64236153441296,0
True,2.142995422008,0
True,1.84121560032356,0
True,3.69047697798899,0
True,4.22119868103208,0
True,1.55036438935937,0
True,3.70251818890134,0
True,1.18743306559078,0
True,1.39851289596076,0
True,1.01480990046161,0
True,3.58115344193947,0
True,1.67453255777337,0
True,3.77152224814154,0
True,2.91201868422091,0
True,2.92338041806095,0
True,1.02475778853957,0
True,2.78703239372897,0
True,0.853948656410801,0
True,1.36828412889364,0
True,1.80648332616474,0
True,2.18002118762204,0
True,2.28623690900536,0
True,2.35759764711124,0
True,2.76074936267304,0
True,3.48198758157595,0
True,2.48228238410334,0
True,1.01179972342707,0
True,1.66818066322359,0
True,2.65164977582957,0
True,2.95523826536772,0
True,0.655539101141174,0
True,2.82459606322134,0
True,3.1467117245805,0
True,3.07446535878331,0
True,1.60892066594032,0
True,1.62615587588106,0
True,2.84839043089155,0
True,2.931972201724,0
True,1.30678785242807,0
True,1.52735499089721,0
True,1.64967491743722,0
True,1.28441417731274,0
True,1.44747888447392,0
True,2.57159070051665,0
True,1.00880336199367,0
True,0.956773761514647,0
True,4.34829104043008,0
True,3.95827902783041,0
True,3.32288465042925,0
True,2.23318385974794,0
True,1.67230029891794,0
True,2.77903228839595,0
True,0.866579374305648,0
True,3.29898489503535,0
True,1.69785938338939,0
True,1.90008273640738,0
True,0.809993750080598,0
True,1.68810994378975,0
True,1.69360187588713,0
True,1.82955615288871,0
True,1.99156973033458,0
True,1.82726326668453,0
True,1.5042784215693,0
True,0.996835313523092,0
True,1.87059561393872,0
True,2.62099641713084,0
True,1.68811909349132,0
True,1.04428126749947,0
True,1.44004281660139,0
True,1.90648097387459,0
True,3.05977244846888,0
True,1.62020246440037,0
True,2.7675296807673,0
True,1.00612746513773,0
True,1.20211267103618,0
True,2.06310053087335,0
True,2.60759286192358,0
True,2.55871877047421,0
True,1.55756462779772,0
True,2.29404066454203,0
True,1.3634591863147,0
True,3.01946597049682,0
True,1.17567801455334,0
True,2.87682773350075,0
True,1.50360256724832,0
True,1.67584121097218,0
True,1.5919645126015,0
True,1.21537984444747,0
True,2.14811806957916,0
True,3.33135119077825,0
True,3.36203015847531,0
True,1.23356681120873,0
True,1.35826713416816,0
True,1.25463502097574,0
True,1.13261124362583,0
True,3.21951540451849,0
True,2.51753026146362,0
True,1.686388779172,0
True,1.06101655628639,0
True,3.16418981111313,0
True,1.47857871845225,0
True,1.5688295492621,0
True,2.00011438569409,0
True,2.09454027428929,0
True,1.08180337253942,0
True,1.95816528214108,0
False,0,0.000184105578422501
True,2.09634145071149,0
True,2.86189883651634,0
True,3.51366457080226,0
True,2.134896401813,0
True,1.99076951647738,0
True,0.830931080314482,0
True,1.41507376977079,0
True,1.54012066049484,0
True,1.068837254997,0
True,0.937241449593102,0
True,0.930217860951432,0
True,1.22674932269248,0
True,1.83486494407328,0
True,1.78064524337911,0
True,2.74556530574095,0
True,2.41127435209121,0
True,3.34553746681956,0
True,4.53232611190222,0
True,2.46117541115083,0
True,1.99973297795832,0
True,2.68059349990562,0
True,2.1281491311646,0
True,2.48377993911505,0
True,2.99143817959131,0
True,0.881852357835209,0
True,1.53519778878727,0
True,1.58937626083869,0
True,1.70110304691864,0
True,1.81001342608425,0
True,2.00963575149284,0
True,1.43464793096611,0
True,3.26437480611261,0
True,3.95335108129261,0
True,2.37462539858224,0
True,2.15920432823039,0
True,1.97799874338458,0
True,1.90949864240665,0
True,1.52169692525533,0
True,1.10488004693629,0
True,2.28807517988727,0
True,1.53148298106403,0
True,2.19054970372221,0
True,3.60430263978826,0
True,3.71486640642389,0
True,1.03830716001271,0
True,1.90274127154859,0
True,1.61031664056574,0
True,1.67351586749804,0
True,1.61078957999963,0
True,1.09154924569677,0
True,2.19345872780405,0
True,0.824215522936952,0
True,1.8518729460211,0
True,1.48271655211116,0
True,1.41046838956638,0
True,1.56123457373358,0
True,2.92916881459885,0
True,2.19733121126322,0
True,2.21992323719417,0
True,2.29455435745721,0
True,1.25762520726501,0
True,2.29961331224513,0
True,2.54320029551468,0
True,2.64132230118689,0
True,1.50467486529505,0
True,1.20278310689679,0
True,1.24945474741447,0
True,1.21546262686964,0
True,0.678103719560512,0
True,1.8664143436564,0
True,1.55993783022343,0
True,2.76618300701551,0
True,1.41512293024636,0
True,2.37348241796711,0
True,2.09781007533118,0
True,1.63949602852596,0
True,2.04165399285953,0
True,0.634010297972868,0
True,1.16352231824125,0
True,1.38133035020873,0
True,1.33817025629929,0
True,1.653810309232,0
True,1.94403478517068,0
True,1.85519722256364,0
True,1.81095859724422,0
True,1.94986321443375,0
True,1.6966870270542,0
True,1.70505612143546,0
True,1.67865049018886,0
True,1.61426527004405,0
True,2.26119386300735,0
True,1.34052218472538,0
True,2.37515931119762,0
True,1.65384881700027,0
True,1.24850013176692,0
True,1.69208566701513,0
True,3.56555136710765,0
True,3.85861660228907,0
True,3.52711800303915,0
True,2.46184430359143,0
True,2.75627285797204,0
True,1.8617357748367,0
True,1.76085079044988,0
True,1.23772217665755,0
True,2.163865669766,0
True,2.15638945704148,0
True,1.55735089828744,0
True,1.84048882098661,0
True,1.80961520359892,0
True,2.08725760851469,0
True,1.84422407010056,0
True,3.07209312248425,0
True,1.30186869670757,0
True,3.34905709377968,0
True,2.01057314829199,0
True,1.66829276721245,0
True,1.72752214271994,0
True,1.19233203500396,0
True,1.28853574484326,0
True,2.97266287744002,0
True,1.6519901913409,0
True,0.663235848964464,0
True,2.96673739807496,0
True,1.1676361717369,0
True,1.80147100042975,0
True,3.86930071128632,0
True,1.34963324823306,0
True,3.9041898258523,0
True,3.33333095239339,0
True,3.81256525183014,0
True,1.31034270429457,0
True,1.05674757884371,0
True,2.39139013655537,0
True,1.70451849157045,0
True,1.04687865054508,0
True,3.50979132156656,0
True,2.24211988902037,0
True,1.67392594093597,0
True,2.39453861965788,0
True,1.75558993759294,0
True,1.57584259211761,0
True,1.41796737021703,0
True,1.38799953260311,0
True,1.47306199948767,0
True,3.93081247702663,0
True,2.41898972298174,0
True,1.72155004209558,0
True,2.52828973181036,0
True,0.93690778309936,0
True,2.20370006061414,0
True,1.5405281712415,0
True,2.80524543411789,0
True,1.8882560174895,0
True,0.921524160514977,0
True,2.67594350478141,0
True,1.97672938484432,0
True,2.38865643520161,0
True,1.56510426245101,0
True,0.789730880896174,0
True,4.57807458828182,0
True,4.6683184531017,0
True,2.59169729960905,0
True,3.4504631809006,0
True,0.94618229168808,0
True,2.82141369816482,0
True,0.795026444807128,0
True,2.93137338984043,0
True,3.80297878943667,0
True,0.981287665117328,0
True,0.807768276522067,0
True,1.31929764324844,0
True,1.5227050138998,0
True,1.12908142842244,0
True,3.11933459257105,0
True,1.59060185180517,0
True,2.64766015889889,0
True,2.1264893370881,0
True,3.2903889791788,0
True,2.11698687261162,0
True,1.03101999316983,0
True,2.24392192752893,0
True,1.83756106634194,0
True,0.70870111332254,0
True,2.52283886351266,0
True,1.50101741691739,0
True,1.60456655472099,0
True,2.3363167184698,0
True,3.07121231086122,0
True,3.81214081324091,0
True,1.22949434677337,0
True,1.71730616867653,0
True,1.05559742868982,0
True,1.04907325002881,0
True,3.47845729603504,0
True,1.8120577893474,0
True,1.51615970639453,0
True,2.40643336714873,0
True,2.02093547845513,0
True,1.43988641564621,0
True,1.73891379246019,0
True,1.78404257379798,0
True,1.19287972870216,0
True,1.88153504818666,0
True,2.34875721956381,0
True,2.82085605426247,0
True,1.29952095628844,0
True,1.48791341981432,0
True,1.26717940255065,0
True,2.34520663463754,0
True,1.46344519057717,0
True,1.45611136444978,0
True,1.6033465395475,0
True,1.66604225343244,0
True,2.1566905288373,0
True,2.50875568235116,0
True,3.08493027501467,0
True,3.95304817484914,0
True,1.56299006375903,0
True,1.44602793001168,0
True,1.918088682435,0
True,2.76794925205895,0
True,1.05030963473759,0
True,4.18662240264878,0
True,3.89310838085494,0
True,2.85790272183749,0
True,1.84383572324649,0
True,0.934497938340999,0
True,2.47408164163409,0
True,1.73277013543494,0
True,2.60934936424073,0
True,2.39246531145465,0
True,3.10678535784176,0
True,2.45993687430155,0
True,1.97254957656668,0
True,0.892771191168421,0
True,3.60754693341399,0
True,3.9351366692174,0
True,1.40848986378739,0
True,0.875483070058917,0
True,1.09086331591835,0
True,1.15003449628717,0
True,3.08973822661789,0
True,2.57705124981543,0
True,2.54263912171144,0
True,2.00609753502835,0
True,1.93796803860177,0
True,1.32850217619494,0
True,2.65852760649634,0
True,2.63352058349731,0
True,2.62974221318219,0
True,2.21356641069007,0
True,2.02799813807319,0
True,1.23745850824839,0
True,0.555201449559282,0
True,1.28184681287765,0
True,2.58758809021427,0
True,1.5540892461732,0
True,1.14559752219928,0
True,1.55979747778678,0
True,1.4588463778427,0
True,2.0620521129356,0
True,2.05965849258301,0
True,1.95366687272026,0
True,2.59544731867977,0
True,0.982137349572561,0
True,1.52993388426736,0
True,0.984605080405728,0
True,2.14451275265746,0
True,1.57120592691346,0
True,3.12448788314108,0
True,2.32844125507924,0
True,1.65648988073805,0
True,2.11099167159005,0
True,2.50166712564787,0
True,2.53361212451637,0
True,1.79953128066686,0
True,1.77879658563279,0
True,1.38708937597621,0
True,3.05126452954735,0
True,2.05953475327434,0
True,1.58704694248166,0
True,0.898828129543849,0
True,2.80414971712823,0
True,2.34726755678757,0
True,0.998831601618628,0
True,1.74299749117095,0
True,2.30544576257081,0
True,2.64940908121581,0
True,2.94063612937155,0
True,1.85660394940463,0
True,1.65386162322147,0
True,4.16759461029008,0
True,1.78039318846864,0
True,1.33564435281027,0
True,1.80934071781797,0
True,1.36828771516394,0
True,1.57737849143059,0
True,1.77133153211559,0
True,1.21053060568032,0
True,1.2256211216975,0
True,1.11382890073102,0
True,1.27082731422546,0
True,1.73802260215105,0
True,1.29918607550354,0
True,2.16996087153524,0
True,1.33204711524755,0
True,2.2959975681669,0
True,1.66546227141687,0
True,0.993197389192099,0
True,1.98160167325572,0
True,3.18218027485775,0
True,1.33338213237144,0
True,3.53627843483716,0
True,4.02299847614082,0
True,2.04352192086114,0
True,3.01839847222826,0
True,2.82092788996375,0
True,1.48971239712574,0
False,0,0.000201885553632602
True,4.03197742673516,0
True,3.87659393937739,0
True,1.41543850808947,0
True,3.04575338227384,0
True,3.32822589647301,0
True,2.36021332781852,0
True,2.10117505423502,0
True,1.37193366367561,0
True,1.37377042464078,0
True,2.35713678940561,0
True,1.48542669103507,0
True,1.64236652464455,0
True,1.10731798953432,0
True,2.75672233505897,0
True,1.64878645108507,0
True,1.41436716233788,0
True,1.23580636986653,0
True,1.87567678274023,0
True,1.26713452679589,0
True,1.95917535616761,0
True,2.59000792231681,0
True,1.52589472525743,0
True,1.20726926446813,0
True,1.76828657668052,0
True,2.40516955620087,0
True,2.06915223961177,0
True,1.56418607119533,0
True,2.31576091304378,0
True,1.29930822004078,0
True,1.42298771788794,0
True,1.0387947459712,0
True,0.841738250414092,0
True,1.807486116066,0
True,1.46030463858927,0
True,2.38433755375522,0
True,2.48601637219414,0
True,1.90396606372142,0
True,0.745505766793209,0
True,2.5293691768669,0
True,2.87918993869049,0
True,2.95574823791511,0
True,4.32584565479544,0
True,2.13426751447624,0
True,2.40638257650797,0
True,3.09895157459997,0
True,1.73823752863518,0
True,2.2930105519148,0
True,1.81484777986394,0
True,0.989940324684655,0
True,3.42057743391947,0
True,4.19841112702756,0
True,1.52951891718267,0
True,1.66209485582714,0
True,1.16552541302224,0
True,0.596764656817833,0
True,1.34417042061227,0
False,0,0.000505703035096209
True,1.29533392719584,0
True,1.14839576380577,0
True,1.64531500547011,0
True,3.83920435270511,0
True,2.70196783569581,0
True,2.18876426178227,0
True,2.26539057234414,0
True,1.19146323880908,0
True,1.70269019566134,0
True,2.14418209959729,0
True,1.73461181103398,0
True,2.13431152704612,0
True,2.70261020680961,0
True,1.32632175137821,0
True,2.29650554559424,0
True,1.64257605821043,0
True,1.37744711517871,0
True,2.64407876998762,0
True,1.53092525529285,0
True,1.62921668976922,0
True,1.60462501746617,0
True,1.39744849753724,0
True,1.56358928337183,0
True,1.64723880562371,0
True,1.93733007011836,0
True,1.31700258707925,0
True,2.25095460784818,0
True,2.58177804618588,0
True,1.73481547724297,0
True,1.00017967529357,0
True,1.00290112849203,0
True,1.35003430525934,0
True,1.55082998610841,0
True,1.55658349128433,0
True,0.844813445224396,0
True,1.61693381291577,0
True,1.37112062782087,0
True,1.19203865366481,0
True,1.64834201967053,0
True,1.39271801720874,0
True,1.32065191040712,0
True,0.73273029503497,0
True,1.65278255206777,0
True,0.88017334331044,0
True,1.48399252036507,0
True,2.05494906747891,0
True,1.79411739416388,0
True,1.38092169547685,0
True,2.7997373473333,0
True,3.43336378957388,0
True,1.58519150770056,0
True,2.62845046133787,0
True,1.709020415853,0
True,1.40804627602447,0
True,2.60528033572915,0
True,1.36887977760348,0
True,2.039416741063,0
True,1.96115432336134,0
True,1.4266859424735,0
True,2.63918271656199,0
True,1.93762086397018,0
True,2.52530764967856,0
True,1.88162522781117,0
True,2.78998776149058,0
True,1.71511247089032,0
True,2.44968195117917,0
True,3.53836368689,0
True,1.31719660874285,0
True,2.56816714326402,0
True,1.9631135293677,0
True,2.45780852656664,0
True,1.34843633210978,0
True,2.64335233185799,0
True,0.84072360003494,0
True,1.59423021995349,0
True,2.56937778786767,0
True,2.89177122123334,0
True,2.844973714388,0
True,2.9505111629632,0
True,1.2176162169124,0
True,1.46707490443428,0
True,1.47028406510913,0
True,1.54071364482161,0
True,1.92377528978604,0
True,3.96164981563024,0
True,1.85344860583954,0
True,1.59357249870376,0
True,1.06133563011142,0
True,3.2190772376863,0
True,1.30380594433514,0
True,0.96572898093296,0
True,1.50108637588996,0
True,1.67905844343943,0
True,1.66750504897278,0
True,2.20956241993319,0
True,2.92098088562294,0
True,0.886506109028873,0
True,3.05661670875904,0
True,1.70691707309443,0
True,1.32171867345376,0
True,2.53442928772607,0
True,1.17717986428719,0
True,2.87386876885774,0
True,3.58599825839443,0
True,0.854309449255377,0
True,0.898327536103757,0
True,2.6305273655427,0
True,0.647601781867001,0
True,2.42082170150296,0
True,2.56042124312222,0
True,1.09578035872549,0
True,1.35498217969314,0
True,2.77719178802252,0
True,1.18844389401897,0
True,1.93610545720894,0
True,1.6040807382584,0
True,2.02200001811354,0
True,0.402176246047114,0
True,3.93957005802232,0
True,1.89737058262411,0
True,2.93073018802382,0
True,1.39502776491818,0
True,3.44875828694986,0
True,0.728991204241778,0
True,0.86330548832074,0
True,3.90757190530402,0
True,2.72494387658383,0
True,2.61650882142029,0
True,2.30613101044498,0
True,1.91304389682283,0
True,3.67315357704926,0
True,1.99572664343483,0
True,1.91007068968785,0
True,2.15038844206776,0
True,3.52770501896821,0
True,1.56525904968247,0
True,2.04664723345416,0
True,2.96157706648776,0
True,3.56838759571537,0
True,0.694772246554442,0
True,2.91801981723423,0
True,1.63119282602702,0
True,1.56151181658057,0
True,1.54933364291204,0
True,1.96534484126425,0
True,1.23413905049048,0
True,3.64244534531425,0
True,2.45278425360526,0
True,1.14854322017963,0
True,1.18644239467172,0
True,0.79537660343837,0
True,1.24729279853495,0
True,1.81611916401604,0
True,2.36971019030086,0
True,1.22841661135568,0
True,2.34779580231424,0
True,1.96288256077872,0
True,1.71375851497278,0
True,1.02722037032451,0
True,1.44776708408309,0
True,2.3785961974745,0
True,1.40529182809131,0
True,2.03144815877561,0
True,2.29059612167905,0
True,2.72560453320536,0
True,1.58185802689662,0
True,2.16662349780584,0
True,1.06429444448316,0
True,1.7831209578219,0
True,2.25710406640245,0
True,1.68117637916652,0
True,3.07048740001791,0
True,1.36776394047377,0
True,1.41988501115386,0
True,2.24775839643725,0
True,1.76011556457768,0
True,1.58490029090269,0
True,1.00209655327474,0
True,1.89318063173801,0
True,1.87834246588537,0
True,3.85654581151204,0
True,2.48264022932941,0
True,1.65205382717754,0
True,1.6491313418815,0
True,2.0374763925723,0
True,1.42196902697844,0
True,2.02240601940165,0
True,1.5388587143986,0
True,0.936999110362143,0
True,2.89199925174,0
True,2.0127625444903,0
True,0.774423210072265,0
True,1.4790867335228,0
True,1.74968766332853,0
True,0.917547123386545,0
True,1.27198533769163,0
True,1.56113018706914,0
True,1.63512069693468,0
True,1.98906811717546,0
True,1.21760787078862,0
True,2.60794450377897,0
True,1.27696571316806,0
True,3.04129605534236,0
True,2.23991453714492,0
True,1.2342730336136,0
True,1.54179023380651,0
True,1.69037193259135,0
True,1.60117437415097,0
True,0.818081932864021,0
True,1.53066327887819,0
True,3.0269948243165,0
True,4.03364681605223,0
True,0.944205547918206,0
True,3.09378895124056,0
True,4.03891976832383,0
True,1.7534001095152,0
True,3.42405033806507,0
True,1.4014827150978,0
True,3.8406905070954,0
True,3.1887956222087,0
True,0.955070951724614,0
True,1.30375657111108,0
True,1.39704278489069,0
True,2.76057482296168,0
True,1.46197362026229,0
True,2.01047089292029,0
True,1.68435424062615,0
True,2.75241814572532,0
True,2.13164351566233,0
True,2.85423981718293,0
True,1.82522488681158,0
True,1.28425292050866,0
True,2.51326176238904,0
True,2.20551463144848,0
True,1.08793907058274,0
True,2.42086394348782,0
True,1.75020682782078,0
True,1.5152122152085,0
True,3.59216882555014,0
True,1.25622770703623,0
True,1.40384482625306,0
True,0.79429641183873,0
True,1.93160936323505,0
True,1.55211511025085,0
True,2.38138587105441,0
True,2.95486651161906,0
True,2.21978472538117,0
True,1.91076055632449,0
True,1.44236101320177,0
True,2.65482124514769,0
True,0.482939570142691,0
True,1.76140452437389,0
True,2.27198657705203,0
True,0.807199268269954,0
True,0.919561322437048,0
True,1.82907244194678,0
True,1.69364339319715,0
True,1.44154176282411,0
True,3.35537770257134,0
True,2.24149770898394,0
True,1.13187832306894,0
True,1.09491790125971,0
True,3.68320762939884,0
True,4.77028892627899,0
True,2.13934390403025,0
True,3.41808496546865,0
True,1.53722045594882,0
True,1.54286695735138,0
True,1.77725171497765,0
True,3.20563503957276,0
True,2.53322216538833,0
True,3.37657206672432,0
True,0.516630902391035,0
True,2.3152202713884,0
True,1.76553477465937,0
True,1.40958057200972,0
True,1.35930113435657,0
True,2.19634221117832,0
True,0.881359364210788,0
True,2.79626790347132,0
True,1.07662044018138,0
True,0.697566288256679,0
True,2.02457303979348,0
True,2.05673727856308,0
True,1.78036774081568,0
True,2.099446553944,0
True,2.53979443260359,0
True,2.47189153948709,0
True,2.15277236126237,0
True,2.29439650735568,0
True,4.53050802420042,0
True,4.07637953324694,0
True,1.39714926849064,0
True,3.69404574582832,0
True,2.34762525512603,0
True,1.5742971248752,0
True,2.07717487506088,0
True,0.828748035998213,0
True,1.035296654256,0
True,1.29638730901377,0
True,1.66413663987694,0
True,1.60579567193436,0
True,2.14622366980836,0
True,2.04321325273735,0
True,1.38586031480085,0
True,2.14399197227416,0
True,4.04667403487727,0
True,2.21024034530684,0
True,1.08342585523088,0
True,2.07645537807187,0
True,1.14929226257459,0
True,1.73237034190213,0
True,1.12831822167798,0
True,0.735610965135497,0
True,1.30109226684412,0
True,1.01815337097312,0
True,2.84513201737987,0
True,3.04080951747256,0
True,2.15710283147527,0
True,3.94776608825684,0
True,1.77118968903384,0
True,1.49695841090545,0
True,1.16524633685538,0
True,3.4852377538104,0
True,1.95468434406843,0
True,0.913735198138255,0
True,0.756150181063584,0
True,0.99654575063504,0
True,2.60959999037249,0
True,1.90106802124333,0
True,1.21011299240242,0
True,1.83010001584828,0
True,1.38604728886966,0
True,1.44914274975908,0
True,1.09281669255334,0
True,1.36015467187971,0
True,1.43280501994094,0
True,1.23498962627723,0
True,2.05920994131972,0
True,1.97054296387485,0
True,2.43239703473112,0
True,1.73756393857036,0
True,1.33739529642772,0
True,1.37523401902141,0
True,2.25390418233067,0
True,1.92397325491479,0
True,1.30782900958666,0
True,1.92875415989242,0
True,2.92107377387247,0
True,0.812434300432107,0
True,2.00242076564162,0
True,1.62269758665266,0
True,1.01674036825266,0
True,2.25593698113854,0
True,0.684030404866917,0
True,0.79456803232822,0
True,2.01633624369107,0
True,2.08256983652294,0
True,1.45223589135835,0
True,3.18923445776282,0
True,1.63961249433227,0
True,1.77087062364381,0
True,1.50932624051616,0
True,1.66037617486653,0
True,4.10517589860738,0
True,2.74315329750611,0
True,2.8119760162244,0
True,1.36732825022267,0
True,1.72424866162416,0
True,1.92918347733885,0
True,3.33749966218783,0
True,2.07300187507072,0
True,2.10765031355311,0
True,1.03855828447207,0
True,1.59654834357739,0
True,2.26316675954496,0
True,3.97024848081029,0
True,1.32881723297501,0
True,0.620994264974934,0
True,0.982318762064663,0
True,2.81402081917731,0
True,2.34191268562899,0
True,1.40381845328264,0
True,3.16709171393295,0
True,2.31416498905469,0
True,1.41912749258627,0
True,1.53757489442662,0
True,1.5195870573637,0
True,3.06438637884379,0
True,1.10232865639031,0
True,1.52713313877951,0
True,1.49383461629772,0
True,1.84670007866344,0
True,1.77210726205625,0
True,3.33340722447856,0
True,1.3822265308028,0
True,3.303426068722,0
True,2.10973728047928,0
True,2.50633221293805,0
True,3.19589042689307,0
True,1.38140601983868,0
True,0.989558871360209,0
True,2.13157230536676,0
True,1.69371154866543,0
True,1.11282037658953,0
True,1.09391784506646,0
True,2.27810802321061,0
True,2.09933541086962,0
True,1.09405312710534,0
True,1.86797339595034,0
True,4.02116023482586,0
True,2.85994831288598,0
True,1.13099027988831,0
True,1.55662575340086,0
True,2.50833746939758,0
True,1.50901201325186,0
True,1.47370584242248,0
True,1.85020851707477,0
True,0.929527708561375,0
True,1.33692084599905,0
True,1.53492624661385,0
True,1.7691626134343,0
True,0.640594786321811,0
True,3.09049891455064,0
True,1.19937409054366,0
True,3.23660650708741,0
True,1.36881269138632,0
True,1.4599036027296,0
True,3.15957239481725,0
True,2.1077680564819,0
True,0.851491588651023,0
True,2.53438997715857,0
True,2.89560703105511,0
True,4.35358318082366,0
True,0.864542822281401,0
True,2.09900932911104,0
True,1.63774777099914,0
True,2.26695234657628,0
True,1.81913277375295,0
True,1.52871976614231,0
True,3.08039488583007,0
True,1.7121827956474,0
True,2.65184569246508,0
True,1.67676504021423,0
True,1.00744759551667,0
True,1.00464538190818,0
True,1.80219716732785,0
True,1.44864242282222,0
True,1.34394501211223,0
True,2.669948073799,0
True,3.87189306961415,0
True,1.88222879337195,0
True,1.3308569251556,0
True,2.75032906377784,0
True,2.58137387413944,0
True,2.88351379003542,0
True,2.20932980466536,0
True,1.6442340537445,0
True,1.93257387511366,0
True,0.83024533384866,0
True,0.338551781667674,0
True,2.6161275255561,0
True,1.90317978330499,0
True,2.20497800401065,0
True,2.09492275734753,0
True,1.77495989224619,0
True,2.5270303756726,0
True,3.46562970614028,0
True,1.31789123299761,0
True,1.04317788262172,0
True,2.70475285521347,0
True,2.0870301159954,0
True,1.45553774470786,0
True,1.56721681838704,0
True,2.75930989704922,0
True,2.31097004767403,0
True,2.50291579774641,0
True,3.28677461722891,0
True,1.27071685139359,0
True,3.12618292943521,0
True,4.18424585419149,0
True,2.34784295217664,0
True,1.89441269066977,0
True,0.762688389300063,0
True,4.57253567987282,0
True,2.94252527047282,0
True,0.770702913236849,0
True,2.33697007111174,0
True,1.98792047367647,0
True,0.515830560557834,0
True,1.97859445281083,0
True,1.05965518328205,0
True,1.6215875296202,0
True,1.54306531434665,0
True,1.19822375559922,0
True,1.07008713180436,0
True,1.06830953879596,0
True,1.79896382483277,0
True,0.793881315489922,0
True,2.14161992425273,0
True,0.70927224541531,0
True,1.20664564778118,0
True,1.3710046939437,0
True,1.59904093382844,0
True,1.48152669320928,0
True,0.997750273661015,0
True,2.59968614277665,0
True,1.01273018169746,0
True,1.43871197777285,0
True,2.15900526405122,0
True,3.01161558135641,0
True,2.29051271965289,0
True,2.39055629408194,0
True,2.27614338005525,0
True,1.25932328032385,0
True,1.3508572391092,0
True,1.80398707070681,0
True,4.15963649644139,0
True,3.43569298496657,0
True,1.17632130719781,0
False,0,0.000117532844400023
True,1.2320721319352,0
True,2.92221436797855,0
True,1.58745203638953,0
True,1.48358366691202,0
True,2.76620008321922,0
True,1.79990532117823,0
True,2.29600408893485,0
True,1.27856574987114,0
True,1.81540930447836,0
True,2.2967865362553,0
True,1.79662180239888,0
True,2.78493288205457,0
True,1.74875129492735,0
True,1.76893770750877,0
True,2.23497630772364,0
True,2.72172398807934,0
True,2.88519112525052,0
True,1.72609423901611,0
True,1.73694726389854,0
True,1.86844281498176,0
True,1.09177729017672,0
True,2.06037554647492,0
True,1.63603466371067,0
True,1.55075248371826,0
True,2.33020050609222,0
True,2.72553146189106,0
True,1.18524496995079,0
True,1.29716066806013,0
True,1.57906226198481,0
True,1.55728798312648,0
True,1.65609024534896,0
False,0,7.65187858109848E-05
True,1.35755900287506,0
True,4.14092980990167,0
True,3.0142514012259,0
True,1.76399812421501,0
True,1.19306880405581,0
True,1.9545052551577,0
True,1.96391784586983,0
True,2.89060494795095,0
True,2.85180993673098,0
True,3.79626922655399,0
True,1.00068434439503,0
True,2.88557973802574,0
True,1.75749250588629,0
True,3.47627027602674,0
True,1.22997248777976,0
True,1.4287924349817,0
True,2.14916076380322,0
True,1.56665798281128,0
True,1.56930426468544,0
True,1.38558490495149,0
True,2.39664589134282,0
True,2.18779983462628,0
True,1.45895336813639,0
True,1.17115895058292,0
True,2.05912838783972,0
True,1.1984393219419,0
True,1.54152426721919,0
True,1.08267097704678,0
True,1.66844368801112,0
True,0.396455521357317,0
True,2.08320812896827,0
True,2.18821263406694,0
True,2.00559661383773,0
True,1.50148380941638,0
True,1.42928999188689,0
True,1.37022930416846,0
True,2.5045874274317,0
True,1.06350697283935,0
True,1.37192267573923,0
True,4.24868355524519,0
True,2.22314781712866,0
True,1.59076523628161,0
True,2.88437950920991,0
True,1.49824125773408,0
True,2.03308077250439,0
True,1.63776760137837,0
True,3.26692727993474,0
True,1.44905759124773,0
True,1.26202463259047,0
True,2.38515814082429,0
True,1.68201546219081,0
True,2.61693445606978,0
True,1.0320696744542,0
True,3.24663976267557,0
True,2.13330142922234,0
True,1.79634025656795,0
True,2.16919240755947,0
True,2.13212450481701,0
True,1.88597102377771,0
True,1.45705908836299,0
True,1.0549389763347,0
True,2.16137635668782,0
True,2.16381911972524,0
True,1.96757349169645,0
True,1.00807944340541,0
True,1.07810362167862,0
True,1.34648999332179,0
True,0.796590040461669,0
True,2.03606359222251,0
True,1.23566299679089,0
True,1.4125954870177,0
True,0.830656807893836,0
True,2.95578235983722,0
True,1.71899953433144,0
True,0.842520958390133,0
True,1.24935301647009,0
True,1.6566453851962,0
True,3.74618006075452,0
True,2.18892774936836,0
True,1.6105969200428,0
True,2.71976178817351,0
True,1.73370709629099,0
True,3.36903635734011,0
True,2.77853292492333,0
True,2.28421112598809,0
True,3.02686370760608,0
True,1.22643475383219,0
True,0.687640434237875,0
True,1.28474495966788,0
True,1.41838646204239,0
True,0.74858265935643,0
True,0.838136495571954,0
True,1.7546355809829,0
True,1.60235642791398,0
True,1.59947816764335,0
True,1.93413215891925,0
True,1.44381783542176,0
True,0.852803297250867,0
True,0.750604779129425,0
True,2.3422405133585,0
True,0.983088467289769,0
True,0.884187363444363,0
True,0.825662925184831,0
True,2.83270603444937,0
True,1.08406526489096,0
True,1.93078362679525,0
True,3.40200904915462,0
True,1.43317350001367,0
True,2.55852636717293,0
True,1.39043223328979,0
True,1.87253115419508,0
True,1.48005596518178,0
True,0.805138305275186,0
True,1.56611464197593,0
True,2.66934406750409,0
False,0,0.000703122275810583
True,1.89131214836087,0
True,1.89152724055667,0
True,2.16647684719827,0
True,2.78262403757473,0
True,1.29356534974444,0
True,1.27572288392687,0
True,1.87342008106153,0
True,2.99122725933268,0
True,1.97189356320193,0
True,1.15766967763768,0
True,1.50440840836443,0
True,2.12868893846941,0
True,1.11937365678906,0
True,1.89708593492046,0
True,1.13968480562858,0
True,2.10581828518525,0
True,1.46791991931094,0
True,0.945477062896657,0
True,2.24811797797899,0
True,2.12093124989539,0
True,1.42443457215904,0
True,1.67957200487815,0
True,1.8216925682537,0
True,2.00889411838755,0
True,1.68564463741399,0
True,0.758308554587078,0
True,1.96389379014645,0
True,1.54253839397332,0
True,1.70468305766382,0
True,4.25736125369268,0
True,2.14178513186837,0
True,2.10519769569315,0
True,3.70341193549044,0
True,3.32498158907186,0
True,4.01927901954784,0
True,3.96101333298195,0
True,1.13595521174149,0
True,0.87556549425079,0
True,4.59533272038825,0
True,1.28618832202513,0
True,2.4352484587634,0
True,2.06051455768178,0
True,1.21987876228467,0
True,1.59967617973739,0
True,1.6957309914004,0
True,2.54415748399664,0
True,1.54125691431673,0
True,1.23494066491028,0
True,2.01441782892647,0
True,1.27825687510047,0
True,2.44932286343978,0
True,1.73282930681649,0
True,0.799671870000981,0
True,0.968515556365628,0
True,3.70114616326579,0
True,2.03361420277099,0
True,1.47878979544931,0
True,1.10684773393254,0
True,1.21393215728301,0
True,1.21417084088397,0
True,1.01429896647556,0
True,2.12980152640968,0
True,0.80242490300028,0
True,1.36852816033845,0
True,1.17547015689844,0
True,1.25618709257462,0
True,1.76002786040913,0
True,1.69022300380864,0
True,1.91250752374432,0
True,1.9512697296137,0
True,1.36232080187134,0
True,1.181581933827,0
True,0.871281392329244,0
True,2.28371223772499,0
True,1.34590127065732,0
True,1.38305806956917,0
True,2.45280262668915,0
True,1.97379229216311,0
True,2.53197841483376,0
True,1.59473715982895,0
True,1.89096603384414,0
True,1.25069975402252,0
True,1.52601599338498,0
True,1.02899372222131,0
True,1.693269646178,0
True,1.12037900389907,0
True,2.17452546710447,0
True,1.54357031034935,0
True,2.31800560013823,0
True,2.45201714196229,0
True,2.43532153443245,0
True,1.49524694734222,0
True,1.79734760069079,0
True,1.19351321296782,0
True,1.54502532790101,0
True,2.39436514089639,0
True,1.79339652768359,0
True,3.15820853401257,0
True,1.8770610196837,0
True,1.17337959761543,0
True,1.92784512164085,0
True,2.09431230414029,0
True,1.86955015322408,0
True,3.12122337868209,0
True,1.23827052140982,0
True,1.82351320130856,0
True,2.35103912696664,0
True,3.72208907935212,0
True,1.0273563245333,0
True,2.05329510841774,0
True,0.892836971053232,0
True,1.52962936805616,0
True,2.08752896040295,0
True,1.86735473787846,0
True,2.9085012770205,0
True,1.83009542901448,0
True,2.0097708714974,0
True,3.18186868364978,0
True,1.6166143451645,0
True,2.13142878736973,0
True,2.27395363287496,0
True,2.71541977734002,0
True,2.0623880955425,0
True,2.74312116205639,0
True,1.95241059893578,0
True,1.24266896284584,0
True,0.78974476869986,0
True,2.36756792165542,0
True,1.38271765308541,0
True,2.10393512451577,0
True,1.08741667897436,0
True,3.34400915380977,0
True,3.11143243592329,0
True,1.89351423728615,0
True,1.40378444662857,0
True,4.14985652308334,0
False,0,9.55789689436249E-05
True,2.89365003272638,0
True,1.64301105071454,0
True,1.43210615347612,0
True,2.50713434100455,0
True,1.6697736711963,0
True,2.23997071145361,0
True,1.71285273740689,0
True,1.02062628021367,0
True,2.06101987416314,0
True,2.1689382637609,0
True,2.03370427442428,0
True,3.73342277928724,0
True,1.55061885474463,0
True,1.58134571423159,0
True,2.19639837884509,0
True,1.45473758249826,0
True,2.24225308838505,0
True,2.08321874895126,0
True,1.92475999854185,0
True,0.929449258282793,0
True,2.52517773999162,0
True,1.7856338966533,0
True,0.956855765458585,0
True,1.86670456331792,0
True,1.77458316929546,0
True,1.84223876358615,0
True,2.03601537581108,0
True,1.4686414790267,0
True,1.61172850358485,0
True,1.35101844817639,0
True,1.3798813467824,0
True,2.89342944105606,0
True,1.73660412464772,0
True,2.55101122785783,0
True,3.55798659508253,0
True,1.51872838777921,0
True,1.81746087549813,0
True,1.36947652452697,0
True,1.8620543909117,0
True,1.06248982476206,0
True,1.99148356986617,0
True,1.25587083620844,0
True,1.21941713638653,0
True,1.00238598235039,0
True,3.09844847837063,0
True,0.942224300545177,0
True,1.7011559006165,0
True,1.52785746947647,0
True,1.48012849722999,0
True,1.97004509186932,0
True,0.912305496748473,0
True,1.12663393956855,0
True,3.22130963923737,0
True,4.17898053728665,0
True,2.67074547228235,0
True,1.52428343403053,0
True,4.53587309962421,0
True,2.04299960141739,0
True,1.77766708632507,0
True,1.18366312228998,0
True,1.22195640076962,0
True,1.34204244177792,0
True,3.25073435249878,0
True,0.977848892565616,0
True,1.15580353235862,0
True,1.95779975270454,0
True,1.69142922290952,0
True,1.8772491291829,0
True,1.66778642766842,0
True,1.79484285704513,0
True,1.7808977847549,0
True,1.82209987181439,0
True,1.59496667462712,0
True,2.28998744805867,0
True,2.30902015834462,0
True,1.3981949579918,0
True,3.50077859069467,0
True,1.07462233352686,0
True,3.3482791205254,0
True,1.13913480110408,0
True,1.78840101453307,0
True,0.973235794348477,0
True,1.55407213468722,0
True,1.37192976829124,0
True,1.63877113674809,0
True,2.04748038570639,0
True,2.36519204496741,0
True,2.41810668790535,0
True,0.893284955787916,0
True,2.53518259320382,0
False,0,0.000520165953881571
True,1.64011879989023,0
True,2.02045060362518,0
True,3.34109120837395,0
True,3.84594143153415,0
True,1.68710439317554,0
True,1.64230399126033,0
True,3.62125193547987,0
True,1.69312748714902,0
True,1.1385348270755,0
True,1.63673125106039,0
True,2.0227560231084,0
True,2.76622418130104,0
True,1.06963796493644,0
False,0,0.000111530300860923
True,2.0071377025233,0
True,1.63089304381615,0
True,1.4335827422054,0
True,1.25849527432322,0
True,0.951840570023505,0
True,1.17770031659262,0
True,2.26466649278816,0
True,1.58172443782232,0
True,1.6733700310146,0
True,1.19755331035012,0
True,1.46299228224063,0
True,0.675515775441501,0
True,2.01236896677417,0
True,1.09394595160274,0
True,1.48417770696773,0
True,0.713899571016184,0
True,1.4242940487239,0
True,3.20709050368178,0
True,1.90086725396977,0
True,1.91838901798904,0
True,1.52315503988424,0
True,2.096532611215,0
True,2.02708875906613,0
True,1.45530914888685,0
True,1.08279000984453,0
True,0.947079329905787,0
True,2.55685064807442,0
True,1.53311230838869,0
True,1.2669944302097,0
True,2.66086749671266,0
True,1.39274583461192,0
True,2.65006122750545,0
True,1.81397282694166,0
True,1.17690326275372,0
True,2.53548976392656,0
True,2.76248276366328,0
True,1.30759453226832,0
True,2.16225461368578,0
True,1.17175548925119,0
True,1.53786603003865,0
True,1.5319980826451,0
True,0.696170964927405,0
True,1.25536160490004,0
True,3.00653502012182,0
True,2.10719119665218,0
True,3.05717199331338,0
True,2.02829612041945,0
True,1.01373527879062,0
True,1.09761471196434,0
True,1.77771604892709,0
True,3.26942977263416,0
True,2.76937023150233,0
True,1.50081387411318,0
True,1.01692931515843,0
True,3.69382109626955,0
True,4.24687454187726,0
True,1.48208138400649,0
True,2.25338582685675,0
True,1.53441043524909,0
True,1.89802431282147,0
True,0.919960580238162,0
True,1.25106576558394,0
True,1.03575766946883,0
True,1.39866708750089,0
True,1.58265886925909,0
True,1.62456569985113,0
True,1.8159977108801,0
True,2.9077825418747,0
True,1.95553595580335,0
True,2.18247091491115,0
True,0.983931272314673,0
True,2.09588990792619,0
True,1.16499657453512,0
True,1.7458626857191,0
True,0.925563903574796,0
True,1.57073798336791,0
True,1.16356181050064,0
True,1.10177816876697,0
True,2.56766381994189,0
True,3.69836483727367,0
True,1.38854294461263,0
True,1.15668802220388,0
True,2.74615788712759,0
True,1.27234282844814,0
True,1.30845421517425,0
True,1.39950583974199,0
True,1.93530756675515,0
True,1.46640742220321,0
True,1.12044568013176,0
True,2.07827475818578,0
True,1.80049609744545,0
True,1.52992486607899,0
True,1.94178911484731,0
True,2.37766479729321,0
True,1.96023076291736,0
True,2.55610863606777,0
True,4.28974978584921,0
True,4.26491883355169,0
True,1.56481648503024,0
True,1.38492945380575,0
True,1.81745397891927,0
True,1.29344491144223,0
True,1.77603074361391,0
True,2.14178902176829,0
True,1.45970308253488,0
True,2.3630008393998,0
True,2.11879927248052,0
True,2.05568407604388,0
True,1.50291452356553,0
True,1.63480508576625,0
True,1.49409393455113,0
True,3.63457590818903,0
True,1.37564792503861,0
True,0.977399046159269,0
True,1.45659361383831,0
True,1.85137586995597,0
True,2.29691036110293,0
True,2.220109377499,0
True,1.74525192582414,0
True,2.31671863937297,0
True,1.69836682282593,0
True,2.20303962149762,0
True,1.26101363623991,0
True,3.95804179782212,0
True,1.60033562393607,0
True,2.18959373745329,0
True,1.43613535295489,0
True,2.03316177834447,0
True,1.32422742353348,0
True,4.20024908504092,0
True,2.7270345933578,0
True,2.80365386562683,0
True,1.62409155208551,0
True,2.69974099954906,0
True,2.27736592034059,0
True,2.87138348069832,0
True,3.52473614227797,0
True,1.65145647173463,0
True,3.45670077810293,0
True,1.17350930339364,0
True,2.38115685506342,0
True,2.28060815787488,0
True,0.860035109178597,0
True,2.54062573875006,0
True,1.14525104432196,0
True,1.31540876542069,0
True,3.10585939070958,0
True,1.33020454738029,0
True,1.81477576060208,0
True,2.52869775872814,0
True,1.08778658616111,0
True,1.87500388429677,0
True,2.95880028392027,0
True,1.82495190229524,0
True,4.63070507163435,0
True,0.983135137900563,0
True,1.36615702331803,0
True,1.17649142134686,0
True,2.8927701458698,0
True,1.27813998327567,0
True,1.68844288948119,0
True,3.31901478622512,0
True,1.22748377992006,0
True,3.89855621212149,0
True,1.6225526998535,0
True,2.59876142592817,0
True,1.50147027806373,0
True,2.80209343976283,0
True,2.44259828805103,0
True,1.14294738693537,0
True,0.7942774235572,0
True,1.52781985407887,0
True,2.34026979436507,0
True,1.69913989170281,0
True,1.05696971545204,0
True,1.93948883880531,0
True,3.92608848367348,0
True,1.9598132859064,0
True,4.34188861299539,0
True,1.68910273427196,0
True,1.72037607422978,0
True,0.843771832844483,0
True,2.73128257806046,0
True,0.98685664224415,0
True,2.40122049401101,0
True,2.63884502808731,0
True,2.92336765063457,0
True,2.4065481292627,0
True,1.75957008631152,0
True,1.37111955279431,0
True,1.84315473934128,0
True,1.25784437981925,0
True,0.907578427216318,0
True,0.5667346570442,0
True,0.813598979934283,0
True,3.41918474488059,0
True,2.36282941564306,0
True,2.00127472204401,0
True,2.4449004552876,0
True,2.7787993255902,0
True,1.26786927373285,0
True,1.01506492123559,0
True,1.03708221933913,0
True,1.74363894132981,0
True,1.15780690473404,0
True,2.49406449703298,0
True,2.68249353106588,0
True,4.04955113125564,0
True,4.09187569526559,0
True,2.17740707732516,0
True,1.57793067526057,0
True,1.01168217425092,0
True,1.82071897274057,0
True,2.02521239235374,0
True,2.75874008981489,0
True,1.66611279991784,0
True,1.95167737746774,0
True,3.1490536585895,0
True,4.00108113600714,0
True,1.10105133522975,0
True,1.37930166908559,0
True,1.99994830481325,0
True,1.81021889205522,0
True,1.38372014125433,0
True,1.82039227304077,0
True,1.86474712781603,0
True,2.63483032498963,0
True,2.9145152579494,0
True,1.66570745685444,0
True,1.19963873883615,0
True,1.8225933278963,0
True,2.45771970191618,0
True,0.793409500885114,0
True,1.10189149318578,0
True,0.93823693139478,0
True,0.758155621708271,0
True,3.4478965299552,0
True,4.57504302741529,0
True,2.56467042997849,0
True,1.07236383604561,0
True,1.9292408335405,0
True,1.54334191835035,0
True,1.49476903579158,0
True,2.00158144970269,0
True,1.2705942802226,0
True,0.863959934711428,0
True,1.0999718869544,0
True,3.08942731580917,0
True,1.02307515015377,0
True,1.95332007037525,0
True,2.59059417348395,0
True,3.45990758986074,0
True,2.38043025449711,0
True,1.22901587819475,0
True,2.64927828673463,0
True,2.33590932118271,0
True,2.41708375274549,0
True,1.85461068304834,0
True,1.44384886641346,0
True,2.6773084186854,0
True,3.06524056856989,0
True,1.30534752194004,0
True,3.05091830317441,0
True,2.48455854081851,0
True,1.38962438782269,0
True,1.27177081912827,0
True,1.09091194540794,0
True,1.70389011126341,0
True,1.34607984890012,0
True,2.15478534202286,0
True,1.57557753759825,0
True,1.0611406670446,0
True,2.00222768803221,0
True,2.50569032831881,0
True,1.99846145533352,0
True,1.18519344600679,0
True,2.22797315383973,0
True,1.53194459708948,0
True,2.32303533109457,0
True,2.53820728304774,0
True,3.33818992678043,0
True,3.05391984293722,0
True,3.2291897876269,0
True,3.0831395588017,0
True,1.31642617716523,0
True,2.43218993424462,0
True,1.44749076039241,0
True,3.70971594571473,0
True,1.45301648148647,0
True,4.34414386380064,0
True,1.96060464220458,0
True,3.1663246864061,0
True,1.99009768754595,0
True,2.05635329403447,0
True,0.574613184704498,0
True,0.979904073870718,0
True,2.91169587629001,0
True,1.61597972613606,0
True,1.52940947212913,0
True,1.50351831271741,0
True,2.30802639677705,0
True,1.73940791706568,0
True,1.16323241997851,0
True,1.11769782936339,0
True,3.28451958324036,0
True,2.91217355090293,0
True,3.40922873170494,0
True,3.65227828898115,0
True,1.85057780888928,0
True,1.69620615933432,0
True,1.9731767846778,0
True,0.987954060202503,0
True,2.52222144934952,0
True,2.6897773475041,0
True,2.02461495945144,0
True,0.784432072470781,0
True,1.83808451885949,0
True,1.63231901779719,0
True,1.6024535938686,0
True,3.72308811234991,0
True,3.00377128232734,0
True,1.62752163638235,0
True,3.48996655776824,0
True,1.65448719540481,0
True,0.559630896444199,0
True,1.04870328770953,0
True,0.671545917601379,0
True,2.22912587443053,0
True,1.66976821185219,0
True,1.46528244684002,0
True,2.59152854180663,0
True,1.1824999434939,0
True,1.77218584370199,0
True,1.25297437506739,0
True,1.85330662735649,0
True,1.65765336755076,0
True,2.00687550152767,0
True,1.25935644128488,0
True,1.04745282173745,0
True,0.740454086465492,0
True,1.1644966030832,0
True,2.11273399354491,0
True,2.10430527988691,0
True,2.5030104906463,0
True,1.5244234984287,0
True,2.13327229279364,0
True,1.64454004831496,0
True,2.14150976013174,0
True,1.12084410367417,0
True,0.947582690927737,0
True,1.48411153269402,0
True,1.18408832513295,0
True,1.81630275435349,0
True,2.06068093662357,0
True,3.3128942165313,0
True,1.59464388517189,0
True,3.180884735952,0
True,2.09539530167919,0
True,4.08910235917136,0
True,1.43472991678679,0
True,2.68855507805086,0
True,2.14937082538827,0
True,2.08451280362878,0
True,1.82389708746916,0
True,1.45887776925543,0
True,3.50433984450802,0
True,1.4911669768933,0
True,2.11211506982015,0
True,2.00329482023333,0
True,2.56543699831312,0
True,2.41032946753475,0
True,1.8917400945078,0
True,1.39264993145374,0
True,3.89354252555981,0
True,1.49374541699708,0
True,1.41635494480749,0
True,0.873718045249792,0
True,3.48180331096294,0
True,2.37182969780766,0
True,1.02099608592806,0
True,0.654218370326481,0
True,2.20334177658937,0
True,2.7249637745207,0
True,1.2262380293419,0
True,1.52791894014769,0
True,0.774775954558378,0
True,1.65523820407392,0
True,3.09050367837343,0
True,2.7712381996742,0
True,2.413949755206,0
True,2.6335582985555,0
True,1.53345266311276,0
True,0.949730240636349,0
True,1.32657011996616,0
True,2.04432577416919,0
True,2.80109143767171,0
True,1.52816393589004,0
True,1.11556516219627,0
True,3.21528476229925,0
True,0.811957641126783,0
True,2.93074860662627,0
True,3.13357837561872,0
True,2.09895462155185,0
True,2.07784281593455,0
True,3.00026045783832,0
True,2.94166690306764,0
True,1.51105556429356,0
True,1.65279414687016,0
True,1.4559267987329,0
True,0.792147396660338,0
True,2.44863152444978,0
True,2.30217458124605,0
True,2.65047402173401,0
True,1.7251315305921,0
True,3.68963581366274,0
True,2.11235183080067,0
True,1.14766650563824,0
True,3.44618752357575,0
True,1.51649501694582,0
True,1.12002456270542,0
True,1.63596232002641,0
True,2.00996938402401,0
True,1.85653301410161,0
True,2.80357361206902,0
True,1.09609250033232,0
True,2.5065848710103,0
True,1.76684943167452,0
True,0.815422126153341,0
True,1.76502300648868,0
True,0.907814436836432,0
True,2.29208996562367,0
True,3.07879176711439,0
True,0.738703967529359,0
True,1.45220660683215,0
True,0.903563927066075,0
True,2.17114131672711,0
True,3.45253545895754,0
True,1.59995081164173,0
True,1.3835829482399,0
True,1.29283405645478,0
True,1.78386105602289,0
True,0.87839140635998,0
True,1.0763780090829,0
True,1.0369561724339,0
True,0.588577510134296,0
True,1.77723844341821,0
True,1.16642149215654,0
True,1.04430114491794,0
True,1.01967434047731,0
True,0.656631693343914,0
True,1.73019911861498,0
True,1.40601599885034,0
True,3.70137517488123,0
True,2.06152038575256,0
True,1.33777050897122,0
True,2.25090920794555,0
True,1.98292924534803,0
True,1.94202931929486,0
True,2.44892121459357,0
True,2.77584108964558,0
True,2.49853828682415,0
True,2.1869930915547,0
True,2.42923285439157,0
True,2.1101647139558,0
True,3.01046832424586,0
True,1.44272133591952,0
True,4.18780403070613,0
True,1.82245469282549,0
True,0.936248557537871,0
True,2.75919365810036,0
True,1.53010305723875,0
True,3.10596188877691,0
True,1.88174517838081,0
True,1.12381735533944,0
True,1.14081484706633,0
True,3.7102364015295,0
True,1.50923550161305,0
True,1.9735000315881,0
True,2.86427009825675,0
True,1.37409083289058,0
True,2.59929312458326,0
True,1.16573749906894,0
True,2.27195384948251,0
True,2.442227549074,0
True,1.26398286749485,0
True,1.8847779916011,0
True,2.77574993910882,0
True,0.885276339758115,0
True,2.97499923828964,0
True,1.59693143979054,0
True,1.79874977463844,0
True,2.09265201957312,0
True,1.47871782627639,0
True,3.83351288377704,0
True,3.45398058059549,0
True,3.40486998608094,0
True,1.96800986039938,0
True,1.7144567185761,0
True,1.33693419052567,0
True,1.82327649060289,0
True,3.13072729160039,0
True,1.27437314524062,0
True,1.03264594064278,0
True,2.08514995643602,0
True,1.91467632726474,0
True,2.97859745064349,0
True,2.67928985005269,0
True,1.55450492789287,0
True,1.89785948626296,0
True,2.73165981606049,0
True,1.23246157528721,0
True,2.27311645399152,0
True,1.24728365148941,0
True,1.34841928728272,0
True,1.35944006198284,0
True,1.86867151540917,0
True,1.95853278475075,0
True,0.781901529636582,0
True,1.94286379293921,0
True,0.919891151433279,0
True,2.19391189402176,0
True,3.62006867600785,0
True,2.38447780866605,0
True,2.00242059112034,0
True,1.6777591256129,0
True,1.96930338798639,0
True,1.156980671407,0
True,0.783913443706822,0
True,0.711322821729029,0
True,1.53118593457689,0
True,1.88592453501531,0
True,3.43225059439893,0
True,1.17198531557614,0
True,1.9692850352954,0
True,2.00932146211479,0
True,2.06033155581341,0
True,2.19251691671679,0
True,1.64123968889026,0
True,1.11230860887844,0
True,1.50751134295607,0
True,1.99365204521734,0
True,2.30537402241366,0
True,1.27270561265466,0
True,1.07272957705159,0
True,0.893589587625154,0
True,2.10072045736537,0
True,1.56875436607854,0
True,3.81517127834624,0
True,3.31459529263603,0
True,2.58517967010249,0
True,0.590071211562908,0
True,2.25469783516148,0
True,1.74451565681269,0
True,1.03714342166759,0
True,0.868590863341471,0
True,3.18304000293557,0
True,1.46761954674902,0
True,2.77458624915035,0
True,1.59549536307705,0
True,1.54356729857045,0
True,1.82015751611785,0
True,1.61632520426284,0
True,1.22621435752084,0
True,1.46037343928291,0
True,1.49643611804236,0
True,0.903378851792036,0
True,2.76552027724114,0
True,2.07218351544839,0
True,2.73626742261264,0
True,3.46180433927794,0
True,2.29506258669713,0
True,2.89394234579708,0
True,1.42108438696359,0
True,1.39238541472483,0
True,2.51018146642038,0
True,1.74531628139033,0
True,2.40620471678115,0
True,1.26749604854056,0
True,2.29410948684197,0
True,1.54308045571262,0
True,2.57100032866144,0
True,1.36112164145045,0
True,1.07173832241075,0
True,2.14395705343639,0
True,2.32281660183708,0
True,4.02594932554102,0
True,2.06451667604238,0
True,1.51544040596375,0
True,1.49774429977807,0
True,2.05641577431976,0
True,2.1712120009791,0
True,1.84891494770835,0
True,1.91839183857282,0
True,3.47837713008562,0
True,1.54094683288902,0
True,0.983163562448799,0
True,3.70785234990736,0
True,4.27026439518713,0
True,1.55515750495063,0
True,1.46709485547679,0
True,3.10332269418332,0
True,3.53028554079405,0
True,2.10360914788193,0
True,1.81041228599635,0
True,4.16529363934755,0
True,0.859839040976068,0
True,2.93736116227174,0
True,1.08420769978659,0
True,1.95902713192836,0
True,1.94398301830355,0
True,1.50528646139086,0
True,2.27117270041357,0
True,1.95952306331253,0
True,2.05658042530669,0
True,1.79800718063797,0
True,1.06087257996897,0
True,2.24083891729381,0
True,1.59100956333761,0
True,3.37110475875378,0
True,2.07687614058944,0
True,2.29988043013057,0
True,2.82125739235224,0
True,2.06356148447319,0
True,1.41495030457012,0
True,1.45233093618317,0
True,1.78726407331533,0
True,2.20915638608643,0
True,2.0876616108902,0
True,1.10892006658811,0
True,2.22367734080633,0
True,1.83731265872222,0
True,1.55497477381477,0
True,0.934741192281745,0
True,1.1322856643815,0
True,1.36656440973956,0
True,1.85088245629133,0
True,2.02010579539972,0
True,1.81667265694206,0
True,3.05957175303235,0
True,1.60335147339748,0
True,1.28011976028944,0
True,2.78249675853663,0
True,1.0791532621566,0
True,2.0608242647922,0
True,3.7945787684957,0
True,1.34766913091282,0
True,3.15443535492455,0
True,1.3932788719189,0
True,2.99424816178682,0
True,3.67661652177533,0
True,4.09168012608042,0
True,1.08530976165938,0
True,2.73502310745464,0
True,1.12827732214567,0
True,1.1201914604704,0
True,2.40987316847117,0
True,1.47977057861551,0
True,2.18782704192571,0
True,1.63025562768359,0
True,1.46866636116007,0
True,1.09076954482575,0
True,1.12082673685772,0
True,2.21535030418481,0
True,1.82859511318359,0
True,1.02216558341719,0
True,1.51824602196917,0
True,1.17520266301496,0
True,1.75293582518011,0
True,1.5157053249319,0
True,1.49534518803001,0
True,2.09408781449651,0
True,4.41511769491463,0
True,3.90931309319987,0
True,3.04772783141402,0
True,0.737827207563432,0
True,2.45166221356033,0
True,1.9789512407321,0
True,1.87015662994339,0
True,1.54410578686572,0
True,0.820111831823715,0
True,1.73138515723953,0
True,1.36340899455142,0
True,2.30683517704151,0
True,4.05911492570933,0
True,1.49679550663898,0
True,2.64326295426865,0
True,2.7215240613425,0
True,2.72901875521301,0
True,1.4532647573649,0
True,1.90249954578476,0
True,3.2738440589012,0
True,2.86038998744946,0
True,1.10442463495987,0
True,0.915958830626132,0
True,3.20193093364777,0
True,1.03214145287548,0
True,4.52815998197212,0
True,4.06103245807617,0
True,1.63363997578317,0
True,1.35775036741635,0
True,2.70267986712869,0
True,0.948935569618307,0
True,3.44889412603638,0
True,3.22223911801171,0
True,2.63228982173078,0
True,2.47836610739226,0
True,2.13756586503239,0
True,1.09609948675744,0
True,1.90403261651659,0
True,2.48047110351618,0
True,1.49753376420354,0
True,1.3260151882339,0
True,2.70117607607552,0
True,1.14049746948043,0
True,1.56944660842875,0
True,2.39003469592726,0
True,2.72992267277258,0
True,3.71369504934719,0
True,1.64036100838392,0
True,3.61117127129868,0
True,2.79722338893357,0
True,1.72075911384038,0
True,1.32918241797236,0
True,2.21223996454016,0
True,2.02908824185023,0
True,2.30019252782105,0
True,1.26165687991979,0
True,2.29069812182014,0
True,2.19580543192069,0
True,2.26699477798146,0
False,0,0.000137251624915866
True,1.79173449426613,0
True,2.46327747016406,0
True,1.9955716969386,0
True,1.22701885428932,0
True,2.06798447250765,0
True,1.25252479038196,0
True,2.23883663537084,0
True,1.17740629616651,0
True,1.45274494421166,0
True,1.08501874529495,0
True,2.34796975395626,0
True,2.25695720613702,0
True,3.38511649420029,0
True,2.9147535441511,0
True,2.9412622328785,0
True,1.9657139445089,0
True,1.12336991709793,0
True,1.65329016676044,0
True,1.34320549980103,0
True,1.46893403556999,0
True,1.34932661779225,0
True,2.76528193474384,0
True,1.51903962648189,0
True,1.08064493862968,0
True,1.46546561556929,0
True,2.67976136608405,0
True,1.74730052795029,0
True,2.35311902963302,0
True,1.96253465782734,0
True,1.58728962491203,0
True,1.37908323173661,0
True,1.86189813125379,0
True,3.96290841247574,0
True,1.42820972038375,0
True,1.40593363806911,0
True,1.71019554633001,0
True,1.96902069024411,0
True,2.89806043843947,0
True,1.65470040884363,0
True,3.95643282088209,0
True,1.64504376536108,0
True,1.7307224381637,0
True,2.84771896654813,0
True,1.36307520776122,0
True,4.17141171878049,0
True,3.71100942428922,0
True,2.90769803065505,0
True,1.08774067490541,0
True,3.50258406486456,0
True,3.90663901878426,0
True,0.530965338852109,0
True,2.14746020508373,0
True,1.76897836509927,0
True,2.97313666560321,0
True,2.49048585359584,0
True,2.64845332010204,0
True,2.33067374436972,0
True,1.03818823805644,0
True,1.82749852178377,0
True,1.21166694931999,0
True,1.82730315778454,0
True,2.0392826677302,0
True,1.04812138646961,0
True,1.46030684325564,0
True,1.18359220586927,0
True,1.98882912200636,0
True,1.17867292164131,0
True,1.23343509442785,0
True,1.15431543111768,0
True,1.88519835018906,0
True,1.28735231357518,0
True,2.94017573863444,0
True,2.09360226439596,0
True,1.51282746030066,0
True,1.08949200837052,0
True,4.05673539952653,0
True,1.04192496388391,0
True,1.07118571220669,0
True,1.34296474519856,0
True,2.15099997847862,0
True,1.60758196148499,0
True,1.49842051107494,0
True,1.67658321664134,0
True,2.17146942995474,0
True,1.19309110183618,0
True,2.44429828449652,0
True,4.18376331431167,0
True,1.58586330425362,0
True,1.64264326127695,0
True,1.46839096032201,0
True,1.77422875101304,0
True,2.22500600176688,0
True,0.599536770553335,0
True,0.948310516454675,0
True,1.07403494364117,0
True,1.3048412355132,0
True,1.65676128494633,0
True,1.50154050919114,0
True,2.96555046733404,0
True,0.890152736868024,0
True,1.76803754370894,0
True,2.49373983215783,0
True,1.84618843231294,0
True,1.53659140749682,0
True,3.21147470848052,0
True,1.67247607995102,0
True,0.805591218422143,0
True,0.707522631127098,0
True,1.00068522028094,0
True,0.684661050205009,0
True,3.22115623774936,0
True,3.47383659444894,0
True,2.87193564206357,0
True,1.60510328961554,0
True,1.89714109303953,0
True,1.54274377216029,0
True,2.10062910510494,0
True,1.9637083806129,0
True,0.989345219064206,0
True,1.01167992702402,0
True,3.66658771848136,0
True,1.41616483731022,0
True,1.53971606093999,0
True,3.08898538292298,0
True,1.0800737909174,0
True,2.00228519278477,0
True,1.10626341431244,0
True,1.73187357478093,0
True,2.05714952112883,0
True,3.97701670901966,0
True,2.85932182239738,0
True,2.34107475853157,0
True,1.08298271738882,0
True,1.70527604943397,0
True,2.25972169675053,0
True,1.58351067220233,0
True,1.91036105858377,0
True,0.620832028279813,0
True,3.90233295344564,0
True,3.27648255302552,0
True,1.86499487484808,0
True,2.01169614644758,0
True,3.39765549965722,0
True,2.24638413634807,0
True,0.98581782234219,0
True,1.47878879615551,0
True,1.91216295276259,0
True,2.00682071493871,0
True,1.49998533950188,0
True,1.37919227489093,0
True,1.85830178132129,0
True,0.976952182167332,0
True,1.81868711129316,0
True,1.39279345326783,0
True,1.59015754562206,0
True,2.03881016251116,0
True,2.05240204508162,0
True,1.33838976406002,0
True,1.50633490087536,0
True,1.37701393007762,0
True,1.27375470170158,0
True,1.41893024308869,0
True,1.08804452496573,0
True,1.25100964794686,0
True,1.14312803596081,0
True,3.39583360997637,0
True,2.14727547728607,0
True,1.90757400195984,0
True,1.808200495306,0
True,1.70279084086382,0
True,2.54203158715221,0
True,2.23633550258595,0
True,1.07959509717316,0
True,1.33814248715955,0
True,1.82323431780885,0
True,2.2737439764292,0
True,2.83727628063437,0
True,1.01650133822998,0
True,2.55226051846621,0
True,3.5215958123293,0
True,0.974794148839374,0
True,2.79712973687829,0
True,1.76378172040828,0
True,1.10595790955207,0
True,2.29119394095132,0
True,2.55254652068929,0
True,0.665560604010225,0
True,0.755508058864974,0
True,1.49309269794193,0
True,1.88854728316512,0
True,2.61656606168462,0
True,2.67881788959139,0
True,2.12963035579285,0
True,1.46058528937983,0
True,2.29434223520449,0
True,2.32819047921585,0
True,1.90388807116766,0
True,1.83597576132904,0
True,1.47963264895695,0
True,1.2875841172692,0
True,2.64853669031901,0
True,1.40955291371894,0
True,3.32227666084428,0
True,3.39785277756063,0
True,1.33228144636028,0
True,2.55448665435894,0
True,1.0786934441075,0
True,1.72591255511401,0
True,1.56791930665491,0
True,2.68403407939563,0
True,2.84084259386685,0
True,2.50162765895596,0
True,4.16497934464166,0
True,0.674043970172437,0
True,1.80007123845769,0
True,1.4087683369185,0
True,2.09659124279901,0
True,3.05857880550443,0
True,2.35605056967695,0
True,1.77656066983494,0
True,1.31250997411071,0
True,1.30516580480327,0
True,2.71483140360107,0
True,2.01095543304786,0
True,1.64983831153752,0
True,3.93135181546912,0
True,1.92344881241926,0
True,3.26541801968581,0
True,2.66773107458209,0
True,1.59096691226249,0
True,1.85975213088411,0
True,2.79808930733333,0
True,2.32671466163835,0
True,1.67700403413452,0
True,1.5398718571343,0
True,1.0602342663495,0
True,1.12292118873378,0
True,3.83838142147524,0
True,1.24452540458393,0
True,2.52565962509761,0
True,1.40952299040882,0
True,2.17781995663264,0
True,2.95950803200817,0
True,1.20012306836456,0
True,1.02451067825147,0
True,1.39937124674626,0
True,3.31416357625699,0
True,1.6957902271711,0
True,2.8284135144543,0
True,1.27249834190505,0
True,1.27130220364269,0
True,2.53251024068435,0
True,2.00675428621018,0
True,1.0860384855038,0
True,1.75139744659607,0
True,1.25955985745114,0
True,2.49487666897896,0
True,1.65293799994557,0
True,3.35453551585843,0
True,1.24104435295028,0
True,1.84904240129251,0
True,2.16494944172429,0
True,1.28349676873762,0
True,1.07781708496073,0
True,0.970802150939885,0
True,1.57239350868783,0
True,1.95597909785575,0
True,1.0795244101574,0
True,3.05377735982823,0
True,1.06900700565802,0
True,1.50746029725621,0
True,2.13439818128535,0
True,1.04507226725605,0
True,3.85120704432442,0
True,1.13430027431227,0
True,2.28606034132492,0
True,1.32445206576169,0
True,3.54905752126128,0
True,4.25678169300417,0
True,0.736614565601112,0
True,2.34326068472873,0
True,1.62854408258702,0
True,3.81690886247394,0
True,2.60759320583732,0
True,1.40269348855996,0
True,1.24365908761032,0
True,1.29674004223739,0
True,3.57306960586005,0
True,1.80665681804145,0
True,2.74207162960292,0
False,0,0.000325727967037999
True,1.82125686294869,0
True,1.17140568542254,0
True,2.61659975644982,0
True,0.768574340506809,0
True,1.20483609886794,0
True,2.06194489009415,0
True,2.06093734823107,0
True,3.83453761708217,0
True,2.50211617505987,0
True,2.66305604159518,0
True,2.2171776747457,0
True,1.08702682906118,0
True,1.48530390201097,0
True,1.83706592617672,0
True,0.988740498542566,0
True,2.27791536301007,0
True,2.45073424791615,0
True,2.46662938797375,0
True,1.73034866481973,0
True,1.24889697102608,0
True,1.51016153755758,0
True,2.79091635083023,0
True,2.85294917937379,0
True,2.0097292389676,0
True,1.38769630862504,0
True,3.27036037408553,0
True,1.84584832212086,0
True,2.10790066654961,0
True,2.16916201927964,0
True,1.41909715547302,0
True,1.34983257391092,0
True,2.00053344687071,0
True,2.71203923014873,0
True,2.27150225944894,0
True,1.74464273124218,0
True,0.930422748133418,0
True,2.32724718678795,0
True,2.39223107316983,0
True,3.09033237626429,0
True,1.33595900168299,0
True,2.84568608883497,0
True,3.50825369934376,0
True,2.30552906587619,0
True,2.75980199670085,0
True,2.54885310100984,0
True,3.65793687154839,0
True,3.01972437584221,0
True,2.42194949706314,0
True,1.78707204497693,0
True,1.3046220031954,0
True,2.14655483496307,0
True,1.69377611329822,0
True,2.16652841088066,0
True,0.790533110604896,0
True,0.67480968434241,0
True,2.77057829338615,0
True,0.950482353284439,0
True,3.27121381064054,0
True,1.72041187570202,0
True,0.885763145519951,0
True,2.7589053586509,0
True,1.44440620923893,0
True,1.69794140826511,0
True,2.67689293930967,0
True,1.26639180067265,0
True,2.68880339012353,0
True,2.39883216006784,0
True,1.23959121702423,0
True,0.956006593260287,0
True,1.33345577852711,0
True,0.668728886384379,0
True,2.85944617244225,0
True,1.51307607889624,0
True,2.29037061428699,0
True,2.829937616628,0
True,1.90380518764301,0
True,2.63819536531465,0
True,3.60906738383713,0
True,1.32866699800183,0
True,4.52410406255671,0
True,4.04906092409375,0
True,1.53210722718574,0
True,1.25387734242549,0
True,1.30071875689123,0
True,1.73109300327637,0
True,1.20215218638245,0
True,1.20571930451222,0
True,1.51130476211798,0
True,2.89660818559596,0
True,1.13711346022972,0
True,0.670525517201957,0
True,3.82224821082999,0
True,1.89604622055436,0
True,0.902933000857446,0
True,1.56328419377735,0
True,2.21684752856127,0
True,2.19142743247805,0
True,1.82343147758053,0
True,2.45560238228561,0
True,2.0639825912286,0
True,1.17181786428171,0
True,2.19476219248797,0
True,2.0937786095859,0
True,0.785641197676807,0
True,1.46621772630142,0
True,1.90645447731572,0
True,1.55668584503998,0
True,1.64749260566716,0
True,1.27131992060901,0
True,1.3951447548424,0
True,1.61930032770485,0
True,1.96274697388551,0
True,1.72017826837505,0
True,1.37072540773699,0
True,0.917644769969899,0
True,1.71377884301718,0
True,1.68881978366222,0
True,1.42673774710569,0
True,2.45707593231511,0
True,1.98615965613675,0
True,1.42867946563082,0
True,2.18966930585742,0
True,2.74019766150127,0
True,1.05886291253355,0
True,1.67430632454423,0
True,1.91786664409003,0
True,1.43453069041888,0
True,1.1955477752903,0
True,1.54040043153711,0
True,3.17886098090196,0
True,0.951687297164429,0
True,0.96218419698963,0
True,0.999158575656784,0
True,2.20079400705695,0
True,2.50131689992185,0
True,1.17011839475961,0
True,1.75544531197838,0
True,2.38312604149616,0
True,0.736440261859871,0
True,1.24454085119699,0
True,1.61707252831446,0
True,1.25463536321748,0
True,1.42288324424071,0
True,2.30661620617584,0
True,3.83085921796751,0
True,1.418862192002,0
True,1.27374936815656,0
True,0.781241450144079,0
True,1.60757937742445,0
True,1.93664227166885,0
True,2.28895752668793,0
True,3.45628496923832,0
True,2.44599699158191,0
True,3.62783080049556,0
True,3.40453740638838,0
True,2.72418067373539,0
True,1.60432229548625,0
True,1.52362615873011,0
True,1.61920037570358,0
True,1.59444048686787,0
True,0.815618470742334,0
True,3.14981787155754,0
True,1.29639629317284,0
True,3.77053671191454,0
True,2.94946852313421,0
True,2.85189812184448,0
True,1.76650847020298,0
True,2.54604898354888,0
True,3.62259803050585,0
True,1.84799215130262,0
True,2.27639137072571,0
True,0.656458624116037,0
True,2.42025011571507,0
True,1.28311158699587,0
True,0.707436524115231,0
True,1.91137560849303,0
True,3.51373141422469,0
True,1.37630565206475,0
True,2.15536725251487,0
True,1.27336812005821,0
True,2.04068278221159,0
True,1.95064359095445,0
True,1.11996639110566,0
True,2.52917693910655,0
True,1.18925323356417,0
True,1.93538537305966,0
True,2.18574035861673,0
True,2.64648888951014,0
True,2.68059842688432,0
True,2.26234028705095,0
True,1.98450259346361,0
True,2.20528781832507,0
True,4.20321214336553,0
True,2.53612361806804,0
True,1.39594215780308,0
True,1.52184490810893,0
True,1.83873403385527,0
True,0.752872665273151,0
True,1.5069473136076,0
True,1.23118762116652,0
True,1.00038106569223,0
True,1.37582084121661,0
True,0.987604966900838,0
True,1.01730118653108,0
True,1.71163312603188,0
True,1.96561527173715,0
True,3.56917397891876,0
True,2.79618052800349,0
True,2.98532035834266,0
True,1.98130433496707,0
True,1.13132248603443,0
True,1.48027444306322,0
True,1.70560999240666,0
True,3.79859609252794,0
True,1.80345134338674,0
True,3.64188285823106,0
True,1.14769378808868,0
True,1.71230584411444,0
True,4.27935867918849,0
True,1.82885764819291,0
True,2.09123431298415,0
True,1.56566275772778,0
True,1.77407473313772,0
True,1.74760342042328,0
True,1.98805131327289,0
True,2.17169284129683,0
True,2.37610317602274,0
True,2.33999849808636,0
True,1.45549835948575,0
True,1.60186798398944,0
True,2.52589611607158,0
True,1.4918208677446,0
True,1.47395758859539,0
True,1.45382106686613,0
True,2.31657366771905,0
True,2.8152733671845,0
True,2.7419044287915,0
True,1.24167775548869,0
True,2.39958978979128,0
True,1.33372369322661,0
True,2.1455784015688,0
True,2.21809549900106,0
True,2.05525781759619,0
True,1.98658715812568,0
True,2.10989100576798,0
True,2.12452355540496,0
True,3.68162619508605,0
True,1.00080631640086,0
True,1.02492056046479,0
True,1.26402064912823,0
True,2.13199461246987,0
True,2.39376388173629,0
True,3.11470942513705,0
True,2.25563583455074,0
True,1.8245992429776,0
True,3.19799052344152,0
True,2.9481387908962,0
True,2.63851608237536,0
True,2.44137614375799,0
True,1.29679809436084,0
True,1.51530455524451,0
True,3.47526523282879,0
True,1.41330408800228,0
True,1.88726144261358,0
True,3.76755627924549,0
True,1.58629104257781,0
True,1.12097082579554,0
True,0.912891822514593,0
True,1.21258853665833,0
True,1.23431200518438,0
True,1.08695998188423,0
True,3.90636625998895,0
True,1.64473510852523,0
True,2.37239303345877,0
True,0.902900951230527,0
True,2.50034029193252,0
True,3.79877020539411,0
True,1.89394145226432,0
True,0.934266143806606,0
True,1.2510857250422,0
True,2.11321604183692,0
True,2.3272320565893,0
True,2.09371880230301,0
True,2.81597439731462,0
True,2.65408858751998,0
True,1.74118269673847,0
True,0.534230112153458,0
True,1.6429186062742,0
True,2.10369767441483,0
True,1.6548818219568,0
True,2.4477681616497,0
True,1.26571168659451,0
True,1.45221596932521,0
True,1.44616381790504,0
True,1.85054628793867,0
True,0.628007316028388,0
True,0.968404893887168,0
True,2.46134055424039,0
True,1.94097317927949,0
True,4.00527102629213,0
True,2.0556885614584,0
True,1.87180769938586,0
True,0.913464277806968,0
True,1.35225312843058,0
True,1.04846126642954,0
True,2.01486136917113,0
True,1.42218665647766,0
True,2.52540205614351,0
True,1.10154485821442,0
True,3.27485310456664,0
True,2.9346453477427,0
True,3.35351420234454,0
True,2.36061845106431,0
True,2.06511940462484,0
True,0.950196110462371,0
True,4.37521277983109,0
True,1.94111783551954,0
True,1.95381645109244,0
True,2.29326925866608,0
True,0.925891109546347,0
True,2.72348031281246,0
True,3.78227124716803,0
True,2.97857211177349,0
True,3.28808551408584,0
True,1.45155785985748,0
True,2.02726483237378,0
True,0.752249790854379,0
True,1.81840681875855,0
True,1.83039446727349,0
True,2.48871358056712,0
True,2.58253306913442,0
True,3.36492193248934,0
True,3.43904326051124,0
True,1.37776288465264,0
True,2.63014979925634,0
True,1.96247304629543,0
True,1.91238414065062,0
True,1.50451454321321,0
True,1.68873024968855,0
True,0.659714404473708,0
True,2.13261438269174,0
True,2.19258983995956,0
True,1.00446032128247,0
True,1.15634791587365,0
True,2.85389379980163,0
True,1.30218331304269,0
True,2.04739005077938,0
True,2.60790317178405,0
True,2.66104790930296,0
True,2.34943439472329,0
True,2.28827734722302,0
True,2.0554219919377,0
True,0.898234106355146,0
True,1.39631743228828,0
True,1.2638459350673,0
True,2.01307631418955,0
True,1.13989480258944,0
True,2.43404821724279,0
True,1.20816455446046,0
True,3.38978673013641,0
True,2.38536322452623,0
True,2.59472795088113,0
True,2.07709805761383,0
True,2.21745409913225,0
True,1.23823348431021,0
True,1.98185405683626,0
True,1.60810749400529,0
True,1.1391676124647,0
True,1.16583312929041,0
True,2.73840794730433,0
True,1.69576587989678,0
True,1.91139350149401,0
True,1.71267569890709,0
True,2.34467272265939,0
True,1.61408741707407,0
True,3.23382979198899,0
True,1.55317195857907,0
True,3.87692368424196,0
True,3.44835332445958,0
True,1.08178830619626,0
True,2.07905933379938,0
True,1.18863305390152,0
True,1.49937268029888,0
True,1.17541675960222,0
True,1.48031934252039,0
True,2.29371014018765,0
True,0.804154929315825,0
True,1.90163264602723,0
True,1.70767701791717,0
True,1.86914940145737,0
True,0.963282891852576,0
True,1.76879971626544,0
True,1.03894612369976,0
True,0.907992664453299,0
True,2.3105912135814,0
True,2.08261587123569,0
True,1.44682209373505,0
True,0.62424645915463,0
True,2.94280533988497,0
True,4.27478512961107,0
True,2.2270724740378,0
True,3.88908359262482,0
True,3.01972985257901,0
True,0.764896236666189,0
True,3.34560457786253,0
True,2.06994529672653,0
True,1.26990269061812,0
True,2.75130009527646,0
True,1.04669748887989,0
True,2.22552785848426,0
True,2.98848045975464,0
True,1.19311344697361,0
True,2.13633970780704,0
True,1.37946142022607,0
True,1.68286586800012,0
True,1.60324825005994,0
True,1.35756016999195,0
True,1.22269751980195,0
True,2.19731024219366,0
True,1.58261164679718,0
True,1.13782088275028,0
True,1.08642094983912,0
True,3.88151009272373,0
True,1.0897798750836,0
True,2.60572916453745,0
True,2.0396306620014,0
True,2.97841117674245,0
True,1.54580000785404,0
True,1.98662818109542,0
True,0.967071917976999,0
True,1.99250802536761,0
True,1.55622541010051,0
True,1.47696284347815,0
True,3.0692527124858,0
True,1.70670631171712,0
True,2.53508390229569,0
True,0.992350690359115,0
False,0,0.000534617830320681
True,4.47614848660893,0
True,1.40999992069831,0
True,1.38546239444824,0
True,3.04429640487662,0
True,1.31602433648757,0
True,2.13758004438376,0
True,1.67710192616376,0
True,2.24125094941074,0
True,3.96205778278192,0
True,3.0930561863799,0
True,0.976602795166302,0
True,1.24399492802256,0
True,1.07839236200056,0
True,1.10999616713867,0
True,1.9369754903841,0
True,1.70053421136701,0
True,1.6356548268573,0
True,1.73662972542702,0
True,1.69979352730397,0
True,2.72699497507341,0
True,1.55736480889564,0
True,1.38387977957327,0
True,1.92058451177239,0
True,1.66420444397681,0
True,1.57336117444843,0
True,1.27257909987709,0
True,2.88139983155199,0
True,4.39519473809935,0
True,1.81924553133167,0
True,1.09242071873591,0
True,0.604175779014845,0
True,2.24460254554576,0
True,1.93875145193498,0
True,1.30833222431978,0
True,0.6554811228637,0
True,1.27925636735471,0
True,1.15973315180799,0
True,1.46636292001944,0
True,1.54265266102782,0
True,1.77488241763618,0
True,0.924037722586595,0
True,4.14508056900733,0
True,2.79861658138103,0
True,0.761502012591674,0
True,2.08092628014696,0
True,2.94448493881504,0
True,1.97188657420324,0
True,1.07259466231436,0
True,1.47709804873858,0
True,2.03521504084207,0
True,1.54378076205202,0
True,2.8495794189634,0
True,1.84117889515258,0
True,2.34424398501275,0
True,1.04852027277339,0
True,1.69763835584121,0
True,1.45559634164686,0
True,2.43852788206276,0
True,1.93454912734206,0
True,2.85524221711223,0
True,1.32354038587534,0
True,1.43183964746575,0
True,3.90945799982244,0
True,3.29408745112417,0
True,0.807729277043323,0
True,1.49737547457542,0
True,0.94843668013255,0
True,1.39657034160258,0
True,2.74119745105168,0
True,2.0454149444443,0
True,2.38975255500191,0
True,2.54310625640541,0
True,2.98098341467244,0
True,1.11549890571133,0
True,3.49682945490748,0
True,1.54614850014855,0
True,1.44965685944008,0
True,0.979822659837414,0
True,1.08317757427645,0
True,1.09215037085803,0
True,1.11405615292117,0
True,1.9013101806513,0
True,0.928188644154717,0
True,2.29888723195469,0
True,1.81008549929368,0
True,0.820942678029539,0
True,1.00014869215587,0
True,1.76811719028139,0
True,1.93570047138284,0
True,1.1797377753794,0
True,2.21699047557269,0
True,3.27715022851301,0
True,2.15362957184324,0
True,1.02190768850541,0
True,3.56280356826551,0
True,2.50410769970026,0
True,1.39720714336315,0
True,2.01463048280637,0
True,1.72400236827349,0
True,2.34767409518473,0
True,1.57200517593303,0
True,1.15696375376599,0
True,2.1105522022602,0
True,2.72854683969206,0
True,0.649718831817013,0
True,1.43657233529531,0
True,2.07862508131184,0
True,1.69036243360313,0
True,1.62187881526268,0
True,3.3748194087372,0
True,0.812579395741716,0
True,3.64028601507531,0
True,1.76497475453288,0
True,2.5233742418859,0
True,1.60942931561375,0
True,1.55510093961632,0
True,1.66705715647886,0
True,1.26319796388311,0
True,1.33259314070994,0
True,1.09111201532244,0
True,2.35363790874049,0
True,1.35209614562459,0
True,2.11126050126139,0
True,2.28757783271502,0
True,1.94525203089967,0
True,1.5379450938974,0
True,1.52811834669374,0
True,1.3491617665634,0
True,1.86678054918625,0
True,0.883191557623137,0
True,1.61001691419501,0
True,3.22657174464942,0
True,2.17987609273601,0
True,1.8682713307384,0
True,1.61204368722872,0
True,1.53820572072133,0
True,1.41584652649063,0
True,0.906094771731854,0
True,1.85549862990662,0
True,2.62321155938297,0
True,1.0497861269134,0
True,1.89627071561482,0
True,2.21064586000218,0
True,3.42172061777208,0
True,2.69698073991326,0
True,1.67102963221758,0
True,1.06905103212325,0
True,1.37662956832495,0
True,2.2668690734791,0
True,3.44418814448832,0
True,2.17387083887438,0
True,2.07669110529376,0
True,2.51962204049367,0
True,1.43187067905115,0
True,2.83409569930498,0
True,3.27473857855158,0
True,1.81483899843025,0
True,4.04171932480024,0
True,1.24757101593101,0
True,3.8415568598792,0
True,1.42042509663662,0
True,2.16805505838921,0
True,1.78731265458833,0
True,2.03425198514483,0
True,0.883538349106918,0
True,1.6812087982143,0
True,2.57425830934555,0
True,1.14178094491082,0
True,2.27181568432026,0
True,2.13265004441984,0
True,2.54158448438442,0
True,2.18109128011129,0
True,1.6851138842848,0
True,1.15686977730896,0
True,4.1379348640313,0
True,3.97461901338206,0
True,1.37607243812158,0
True,1.36133797505656,0
True,2.76276503601816,0
True,2.03506896395503,0
True,1.46925058260792,0
True,1.37663506904699,0
True,1.92087090379789,0
True,2.74337004405428,0
True,2.40356348102662,0
True,1.85292662596673,0
True,3.01910674392103,0
True,0.900999613066031,0
True,3.4761756037932,0
True,1.35864199462136,0
True,2.17715354908805,0
True,0.687007948972463,0
True,1.5217841085547,0
True,1.79779708520312,0
True,1.04884690886962,0
True,1.84471319878657,0
True,2.73881601082269,0
True,3.03132571079394,0
True,3.47335951427822,0
True,0.692806642658021,0
True,2.07734777680531,0
True,2.10022634944261,0
True,0.862645526223143,0
True,2.37626145723114,0
True,2.27382192792797,0
True,2.07068090483031,0
True,0.896783427645052,0
True,2.63749499578131,0
True,0.808972698350385,0
True,1.57492300791157,0
True,2.26001746137239,0
True,3.68307342909915,0
True,1.40755558979263,0
True,1.37944052254905,0
True,3.92157310718897,0
True,1.7925371435081,0
True,1.96667498106709,0
True,3.78489442172579,0
True,0.857654807698048,0
True,1.97072204758047,0
True,1.9115965908578,0
True,1.03879131374542,0
True,1.98373437397579,0
True,2.1861710491617,0
True,1.40873204763347,0
True,3.23504238680446,0
True,3.16802863249459,0
True,1.29547732827284,0
True,1.5710802466322,0
True,2.03949294030787,0
True,2.1171952209273,0
True,3.1073557455852,0
True,1.87229432841332,0
True,1.32890761833175,0
True,1.26281335431903,0
True,2.81523084488453,0
True,2.69443733079071,0
True,2.32321101271791,0
True,1.98809877815914,0
True,1.39911646640101,0
True,1.10563111821836,0
True,1.56282044158486,0
True,1.75888552716208,0
True,3.312192263416,0
True,2.89914742197686,0
True,2.07972658106054,0
True,1.40110226135815,0
True,3.90173172628228,0
True,2.42307467366399,0
True,0.766551480601393,0
True,1.32016270441485,0
True,1.11691777986318,0
True,1.78508747502447,0
True,1.39030295679131,0
True,2.07596092123676,0
True,0.959344477813571,0
True,2.47290220784511,0
True,3.73707055037638,0
True,1.08288154282379,0
True,2.9108978395829,0
True,1.88986016180572,0
True,1.57830810011451,0
True,0.864090893516713,0
True,2.50385784614064,0
True,2.18674843802965,0
True,1.9547268812794,0
True,1.59067166037644,0
True,3.46351218219564,0
True,1.85821574143712,0
True,0.854360676480103,0
True,1.30555865893184,0
True,1.50417437317726,0
True,1.82264961099195,0
True,2.38807817651211,0
True,1.61985254436858,0
True,4.27618223266875,0
True,1.69660362011874,0
True,1.8776027573493,0
True,1.35660479560242,0
True,2.03925555970033,0
True,2.0265537469898,0
True,3.06110000755118,0
True,1.2694876638165,0
True,1.3268894214182,0
True,0.854404077032414,0
True,1.8892119384155,0
True,1.77725531009925,0
True,1.91613055931823,0
True,1.57564765127369,0
True,1.11498677968125,0
True,1.39908471416627,0
True,1.83031854264567,0
True,1.49706799986136,0
True,0.998525146567835,0
True,1.42642237716356,0
True,0.861722994917805,0
True,0.922948882309261,0
True,1.34857574651085,0
True,2.1148047435214,0
True,3.72210645300172,0
True,2.64188241403943,0
True,1.25123524045637,0
True,1.36155683143771,0
True,1.92585014915258,0
True,2.69691174457791,0
True,2.54974987020148,0
True,2.62010824499349,0
True,1.18884736411242,0
True,2.95397606493124,0
True,2.1921767112501,0
True,2.65646804280756,0
True,1.02347484787002,0
True,1.32150469344714,0
True,1.23208019746347,0
True,3.54421285669893,0
True,2.98316979636321,0
True,2.56547882276663,0
True,2.6102241564961,0
True,0.759828737054193,0
True,3.16246823534518,0
True,1.81100912902144,0
True,0.957186301631965,0
True,1.67201234824486,0
True,1.98479468652499,0
True,2.34126040931181,0
True,3.39314442928658,0
True,1.44514064805084,0
True,0.923836386698354,0
True,3.27069547695433,0
True,2.19768160437234,0
True,1.42650695503211,0
True,2.8311290617657,0
True,1.33774748695923,0
True,1.92778478783317,0
True,1.76303068390352,0
True,1.16729300564526,0
True,1.31256245982217,0
True,0.977072174321606,0
True,2.78207692351685,0
True,1.82594455111835,0
True,1.32837480474546,0
True,1.61447196319192,0
True,2.12216581437563,0
True,1.46428627532581,0
True,0.945502289351398,0
True,2.10886872047293,0
True,0.965914460252158,0
True,0.551320303966124,0
True,1.79185249598327,0
True,0.948182123398632,0
True,2.49180056406254,0
True,1.57262959780081,0
True,2.62138882612497,0
True,3.61152710059353,0
True,1.44217750680197,0
True,1.96193687704403,0
True,1.9719116308757,0
True,2.03400936327137,0
True,3.33522462385151,0
True,0.780187498601186,0
True,1.80693228137079,0
True,3.0429810594773,0
True,1.32549818355445,0
True,2.00685917921988,0
True,2.42156023764085,0
True,1.30761639471571,0
True,1.25186789700724,0
True,1.96929409208098,0
True,2.93927557811789,0
True,1.03336454590665,0
True,1.61197005360603,0
True,2.55569959039686,0
True,1.69496168642854,0
True,1.48301354484217,0
True,0.584764374703364,0
True,2.54148429429158,0
True,2.11280620475062,0
True,1.73161107321004,0
True,0.961855281079762,0
True,2.60948851350927,0
True,1.37601791714738,0
True,3.11290915840271,0
True,1.36501474882253,0
True,2.86542424526282,0
True,1.57961748522937,0
True,1.12364219464774,0
True,1.09278260090213,0
True,2.44704199155623,0
True,1.81239922032102,0
True,2.00995612617676,0
True,1.51966274247975,0
True,2.2377924708721,0
True,1.3809624886328,0
True,2.26376916103108,0
True,1.74709702438769,0
True,1.01604896630873,0
True,1.10827873301162,0
True,1.71489462232982,0
True,1.2960880340865,0
True,3.49380946286947,0
True,2.83395773906944,0
True,1.58349186508541,0
True,1.52222653491502,0
True,3.33958817064978,0
True,2.11081193132736,0
True,1.92032130921534,0
True,1.60122656143872,0
True,3.49318010393919,0
True,1.82969483929711,0
True,1.74763210598923,0
True,2.14795227781895,0
True,1.54129214402651,0
True,4.60046471507475,0
True,3.02350736177226,0
True,2.00035795971729,0
True,2.18212567866874,0
True,1.61396374222338,0
True,1.20247782113291,0
True,2.11077020324623,0
True,1.17647310131914,0
True,2.26767020169135,0
True,1.49394980380428,0
True,3.30059226095142,0
True,2.80831709561043,0
True,3.92350995754834,0
True,3.50060796885372,0
True,1.38751626522064,0
True,1.80261030407641,0
True,2.08523214376622,0
True,3.89124119109474,0
True,4.14503508943865,0
True,1.93571080643067,0
True,0.921937439072788,0
True,2.24012249223008,0
True,1.68809703007291,0
True,0.865808385201027,0
True,0.578663961874361,0
True,1.33090347420205,0
True,1.82475448669457,0
True,0.552503011327766,0
True,2.89758491884432,0
True,1.27552272014358,0
True,2.50634310337461,0
True,0.571079275232494,0
True,1.20258321144222,0
True,1.29560375670559,0
True,2.61588480518028,0
True,3.43698395452042,0
True,2.41059846780053,0
True,2.30307445560414,0
True,1.80872957077204,0
True,3.79765219576385,0
True,1.88976729992702,0
True,2.19809525770357,0
True,2.42333944185039,0
True,0.935132837323621,0
True,2.68795741631331,0
True,2.31184588399847,0
True,0.786183413256364,0
True,2.06676111978357,0
True,2.73379153346733,0
True,1.90518265885207,0
True,1.01232084335486,0
True,2.77008540290114,0
True,3.08299551842176,0
True,2.97886492414141,0
True,1.61469012878265,0
True,2.04477608378779,0
True,2.66330286923576,0
True,1.51040512294571,0
True,2.05614600316782,0
True,1.93100695663248,0
True,1.25039147292281,0
True,1.21936255351235,0
True,1.29318425233615,0
True,2.88987221182186,0
True,2.35281038638417,0
True,3.27129150515067,0
True,3.70295406471442,0
True,2.2190155364074,0
True,1.66045190371226,0
True,1.81060665427777,0
True,2.11448543778584,0
True,2.07115497448843,0
True,2.7925619451206,0
True,2.25087557149356,0
True,2.00426131640573,0
True,0.967253239562044,0
True,1.3747927585261,0
True,2.62776769346081,0
True,1.670386667662,0
True,2.26352069420981,0
True,0.65138639712542,0
True,2.11639562364897,0
True,2.25043721744366,0
True,1.93045584640603,0
True,1.19109950405893,0
True,1.87234106331076,0
True,3.21351975912026,0
True,2.96856254516196,0
True,2.03185098648078,0
True,2.374666645886,0
True,1.56143701990984,0
True,4.18863885509424,0
True,3.06149976798999,0
True,0.899094263859256,0
True,2.33751432446681,0
True,2.68034168067524,0
True,2.77654263518842,0
True,1.36635374814317,0
True,1.4857341287833,0
True,3.15275521120229,0
True,1.49534106699328,0
True,1.52686510606026,0
True,1.1676997178177,0
True,2.24921985443931,0
True,2.59833360127121,0
False,0,0.000110697348386895
True,3.43875100074679,0
True,2.95078905814095,0
True,3.32201572811283,0
True,2.80097895060518,0
True,2.02891507810466,0
True,2.17287257465,0
True,3.53940282339527,0
True,2.20735672407429,0
True,1.36904235279982,0
True,1.47248799826399,0
True,1.1942480675829,0
True,3.57021961662912,0
True,3.89848918643633,0
True,1.48198390514718,0
True,1.77633053042514,0
True,3.74500023564334,0
True,1.30557969636257,0
True,2.63556831342115,0
True,3.33003640139671,0
True,3.43557686635311,0
True,2.34070438081826,0
True,3.67034692938542,0
True,3.36780639216352,0
True,1.53828233691206,0
True,1.1244914018182,0
True,2.04002439651149,0
True,2.66326460077468,0
True,3.38434624969654,0
True,1.86459808145363,0
True,1.4802114652565,0
True,2.89742376896673,0
True,2.02449423481112,0
True,0.881171755984101,0
True,2.0300285026052,0
True,1.67230209265692,0
True,1.1044833333454,0
True,1.76976899015113,0
True,2.31431872551294,0
True,1.97094691148627,0
True,1.22543988815934,0
True,1.76536693711716,0
True,1.24675878255425,0
True,3.23459877986918,0
True,3.7755712512149,0
True,1.7299854170939,0
True,1.42131148824668,0
True,1.55649171243363,0
True,3.35319676367621,0
True,2.69509494887818,0
True,1.70371407825292,0
True,1.75853457811686,0
True,2.02318528689694,0
True,3.05123552260889,0
True,3.14435683293605,0
True,1.76656766958714,0
True,1.66731773962229,0
True,1.94109503292707,0
True,1.24194270704786,0
True,2.29454653492409,0
True,1.58550279640535,0
True,3.17062438788483,0
True,1.73432768946783,0
True,1.57462217281387,0
True,1.59788232132534,0
True,0.877515437081434,0
True,0.913672878019193,0
True,2.21371009491989,0
True,2.60210701640918,0
True,1.98888049126097,0
True,2.26659333395665,0
True,1.91670593765018,0
True,1.71028927196617,0
True,2.02277318627881,0
True,2.88262986418452,0
True,2.32439405519271,0
True,1.1215518283783,0
True,0.851335582419595,0
True,3.26446569010885,0
True,4.39025418723938,0
True,1.34271679016739,0
True,1.51343266370913,0
True,1.45386965876232,0
True,1.42240784040008,0
True,2.51237122149771,0
True,2.76512483596843,0
True,2.00457003943476,0
True,2.37645431849697,0
True,1.32340057112975,0
True,2.30036189731873,0
True,1.63698963241574,0
True,1.13134176542375,0
True,1.11990677906046,0
True,1.2194570477637,0
True,1.81095692897447,0
True,0.996473634269777,0
True,2.13803041726106,0
True,1.24301330257696,0
True,1.16395056702186,0
True,2.63529538489684,0
True,0.784992199720586,0
True,1.43427708088674,0
True,3.49729047650385,0
True,2.52665425901607,0
True,1.31635822486153,0
True,3.17821120701367,0
True,2.23404529314621,0
True,1.18215221811152,0
True,0.85184951982402,0
True,1.17300107987229,0
True,1.88954592562655,0
True,1.78505601795569,0
True,2.80975308494814,0
True,3.08329776698429,0
True,1.96400755021268,0
True,1.35543973059358,0
True,1.22938776953318,0
True,2.14053344066051,0
True,2.60362283233947,0
True,3.48769984689485,0
True,3.6153316822729,0
True,1.40310168359117,0
True,1.39113365665993,0
True,1.83010528839656,0
True,2.2828169216733,0
True,1.66539424846073,0
True,0.527501326803489,0
True,1.09149266291244,0
True,1.08042634696047,0
True,1.90125160574085,0
True,3.10986146459001,0
True,1.81478839807598,0
True,1.56271292434682,0
True,0.726687804932101,0
True,2.56092631230289,0
True,1.09923318133595,0
True,1.66793262714255,0
True,2.44562394836581,0
True,1.56820759108129,0
True,1.63939842281045,0
True,0.837835202439599,0
True,1.81081002032213,0
True,1.47319727654817,0
True,1.45506323679759,0
True,2.55437019357748,0
True,1.34493864890065,0
True,2.50840738352648,0
True,2.96105572168828,0
True,3.67138105024964,0
True,1.26403798609522,0
True,2.01936744869859,0
True,1.62008888676071,0
True,1.1996295233484,0
True,2.14997978483653,0
True,1.77372104343026,0
True,1.03572949478574,0
True,1.04712079198942,0
True,2.40352356956665,0
True,1.47029657276701,0
True,2.2745246940981,0
True,1.12569896042802,0
True,1.99331186182935,0
True,1.33248565874653,0
True,2.39765355740025,0
True,3.37582034294714,0
True,1.37817443774538,0
True,2.21611485316879,0
True,1.23387766540274,0
True,2.83183086831303,0
True,3.54071004964739,0
True,0.903386536854591,0
True,1.46622821255981,0
True,2.12563367237106,0
True,4.43465049570459,0
True,1.25079798270824,0
True,2.86648223082882,0
True,0.940030488373777,0
True,3.74227156975441,0
True,3.90780289285754,0
True,2.32232584771667,0
True,1.46845858277813,0
True,0.727733479330766,0
True,1.20800597536041,0
True,1.22403366081068,0
True,2.0123130538307,0
True,2.350361819459,0
True,0.968906600124681,0
True,0.781827981369274,0
True,2.92766783346968,0
True,1.29964040317423,0
True,3.5006987603799,0
True,3.01644216206381,0
True,0.64907952621443,0
True,2.74022311608389,0
True,2.0624043460194,0
True,0.961015796480076,0
True,1.22238482410645,0
True,1.87587733194571,0
True,0.619568086053449,0
True,2.66388346497652,0
True,2.13269791428521,0
True,2.59603214765674,0
True,1.80077583015359,0
True,1.98060592791807,0
True,0.970553666740904,0
True,1.49436416269584,0
True,1.08169672306814,0
True,2.19324855015999,0
True,0.844335470789352,0
True,1.10205433075122,0
True,0.972217008395625,0
True,1.29705904206131,0
True,2.24594665635994,0
True,1.82801637698975,0
True,1.77229607470324,0
True,2.12479055926734,0
True,0.62364433616815,0
True,1.95502314276394,0
True,3.15551109902512,0
True,1.3557881778192,0
True,2.23444486909136,0
True,1.0318030375651,0
True,1.13097325989419,0
True,2.66666235986739,0
True,2.43358424824667,0
True,1.40658792624767,0
True,3.7325391054009,0
True,2.58493372833141,0
True,1.2622766941137,0
True,2.91301621361652,0
True,1.2731029689648,0
True,1.51179922826971,0
True,2.72989984836274,0
True,1.90447177184472,0
True,1.88396899202457,0
True,3.68594760884787,0
True,4.13651208825198,0
True,1.73249778045572,0
True,1.03336748646811,0
True,1.98883721772151,0
True,1.69953498282546,0
True,3.27402000993098,0
True,1.84500302776233,0
True,2.73571040351762,0
True,2.96351222416211,0
True,1.90294173585764,0
True,1.72015969757875,0
True,1.34239562935451,0
True,0.774607530163671,0
True,1.72572589262466,0
True,2.26337182138895,0
True,3.20044426716027,0
True,1.79438733517042,0
True,1.06171751633952,0
True,1.07395143084073,0
True,1.88662390226488,0
True,1.66989158050812,0
True,1.46241816311991,0
True,1.19508135118131,0
True,2.53862479141999,0
True,1.05430090749576,0
True,0.887786105195418,0
True,3.49628657317555,0
True,1.83066632062783,0
True,1.86797386463916,0
True,2.40299906553091,0
True,1.80324148850768,0
True,0.81620721198546,0
True,0.610324174212436,0
True,2.63180981445167,0
True,2.22430606730135,0
True,2.00520053545508,0
True,1.26747262595214,0
True,2.22785359129947,0
True,1.35893076350582,0
True,2.94878223920026,0
True,3.19070035908512,0
True,2.83116599203851,0
True,0.951260383853618,0
True,2.13986213586319,0
True,0.609000529269675,0
True,1.98983369231714,0
True,2.52809920551501,0
True,2.42174348746913,0
True,2.36785845585573,0
True,1.96020359678,0
True,1.22893201311068,0
True,1.6130958410236,0
True,1.98725169588193,0
True,1.02463783973195,0
True,2.51970029393224,0
True,1.49599497840093,0
True,1.70750968668986,0
True,3.03806201561359,0
True,1.65030228077588,0
True,2.37220585537146,0
True,2.71527839501306,0
True,1.92937668820416,0
True,1.71043003035771,0
True,1.07276596368868,0
True,2.43846395809575,0
True,1.57775870624715,0
True,1.02157184244619,0
True,1.22452498673671,0
True,1.75708965630886,0
True,0.916358136125984,0
True,3.02322178528067,0
True,4.26564157215207,0
True,2.92505303125891,0
True,1.3016506384738,0
True,0.931310092627369,0
True,2.54349230983063,0
True,2.14364981226932,0
True,1.91284868419077,0
True,2.63404898380666,0
True,4.31460631846755,0
True,2.95502786861911,0
True,3.38146314904424,0
True,2.54804618390215,0
True,0.896975083918541,0
True,1.39248888261995,0
True,2.44426271735544,0
True,1.54145016660128,0
True,1.80386438070472,0
True,3.08134615289022,0
True,3.32101398720254,0
True,1.58687825267589,0
True,1.17623170475746,0
True,1.92906243568181,0
True,1.38958512784242,0
True,2.28934215644066,0
True,1.90377157078745,0
True,0.766368670101542,0
True,3.91732470029649,0
True,1.29037351604921,0
True,1.10777396829951,0
True,1.93720333215194,0
True,1.73663816668761,0
True,0.78957223030364,0
True,1.05439683636239,0
True,1.33663482349388,0
True,2.73327538025966,0
True,1.43043522253761,0
True,1.00847840807244,0
True,2.21033427739089,0
True,2.11092978718696,0
True,3.02554627748593,0
True,0.88458747099172,0
True,1.80351301204243,0
True,2.78919877087059,0
True,4.44482509730596,0
True,1.46946390180348,0
True,1.85051133013601,0
True,3.16048430092653,0
True,1.9858878481116,0
True,1.82694766111883,0
True,1.59073930015653,0
True,1.20055843400581,0
True,1.62311081184926,0
True,2.03267937803778,0
True,1.2652097960049,0
True,0.599220428779432,0
True,1.32646554801708,0
True,2.41480963460457,0
True,2.16017305486043,0
True,2.14829159289753,0
True,2.0503504272642,0
True,2.52633588232974,0
True,1.17551408888477,0
True,2.32208539671264,0
True,3.15524718458025,0
True,3.40366608057781,0
True,4.20625735279458,0
True,0.667980225973728,0
True,3.50254980880828,0
True,2.14816093404888,0
True,1.93343851217534,0
True,2.01260399415871,0
True,1.51317798482819,0
True,2.47347021595957,0
True,1.13612252598598,0
True,1.0275080209514,0
True,1.05176703373784,0
True,0.967512425620955,0
True,1.94179305767089,0
True,3.6756245534366,0
True,2.26229880901012,0
True,3.09764624710828,0
True,2.70387020671231,0
True,1.48562446963892,0
True,1.13769465153505,0
True,1.26325500763061,0
True,3.01081480524041,0
True,2.76064853269492,0
True,2.56400313121714,0
True,2.03156595815122,0
True,2.08365137000905,0
True,2.48948059615825,0
True,1.66713563331155,0
True,2.58823814606269,0
True,1.03874223032614,0
True,2.51908354142658,0
True,3.18449859514779,0
True,3.76070837936416,0
True,1.82366032613652,0
True,2.488746596531,0
True,2.37657104060717,0
True,2.19116000599153,0
True,3.36046959936492,0
True,1.01967039935327,0
True,1.59452262534726,0
True,1.58953680881303,0
True,2.30977360565646,0
True,1.91762218470647,0
True,1.86813022015523,0
True,1.97884147109053,0
True,1.94351694864832,0
True,1.13439006845198,0
True,2.51744799013477,0
True,4.45380740620004,0
True,1.11589717168603,0
True,0.843261588330501,0
True,1.93014960698268,0
True,2.31926894542506,0
True,2.85660936608581,0
True,2.04626894985637,0
True,1.29685557498935,0
True,1.33692131772476,0
True,2.30870943327019,0
True,1.47221488400972,0
True,1.01170701610504,0
True,1.37183576355521,0
True,1.22722816455545,0
True,2.04245396084784,0
True,2.23581548718379,0
True,2.513445677733,0
True,1.53362415968968,0
True,1.22238126037826,0
True,1.81145918796981,0
True,1.95339425971591,0
True,1.18819102676205,0
True,3.6674253666202,0
True,0.964811589992473,0
True,1.38989347493574,0
True,1.97679501555057,0
True,1.61091294011246,0
True,4.32165906541174,0
True,4.15414694721142,0
True,1.94190157179936,0
True,2.08683238185843,0
True,1.22836204979079,0
True,0.987247113984261,0
True,1.46384173311905,0
True,1.49750970091559,0
True,1.47821605356009,0
True,2.15617718056378,0
True,1.3482536974349,0
True,2.88764510700271,0
False,0,0.000100017990086186
True,1.33694291432606,0
True,1.09868631322655,0
True,2.99807221850281,0
True,1.66037474304794,0
True,1.47451953586489,0
True,1.56862895145791,0
True,2.99648194059586,0
True,2.02658723794488,0
True,2.27872878146378,0
True,2.80029461766998,0
True,2.21669541179969,0
True,1.46928482215095,0
True,1.41094713352282,0
True,1.38625075356969,0
True,2.43587683467761,0
True,4.10546665498036,0
True,1.77394674124895,0
True,0.751941740138945,0
True,2.95840703409682,0
True,3.19507246274931,0
True,1.21859323401596,0
True,0.896720841385524,0
True,0.994871188847044,0
True,1.238258085208,0
True,2.18890523966146,0
True,1.19855887363311,0
True,3.36746894718518,0
True,1.87360791117248,0
True,0.845131548828674,0
True,1.52581304298107,0
True,1.4326082146266,0
True,1.89883446422304,0
True,1.82500029536379,0
True,1.52419691833027,0
True,2.14756524521817,0
True,2.28247579660737,0
True,1.41273867067868,0
True,0.637488540478,0
True,1.45703171141483,0
True,1.40234032265812,0
True,1.90260981225659,0
True,2.07078031703538,0
True,1.38275820202037,0
True,1.42297368647922,0
True,1.47725755758088,0
True,2.27406236865842,0
True,1.46881400698847,0
True,1.86760749361176,0
True,1.39787475385107,0
True,1.73676426768838,0
True,3.14821269001941,0
True,3.13525106607336,0
True,1.64787104561884,0
True,0.994625395459623,0
True,2.58233096974325,0
True,2.660972359284,0
True,1.2463130858205,0
True,1.13668547096092,0
True,1.04688847186571,0
True,1.31617626633078,0
True,1.45261925737237,0
True,1.63413765488146,0
True,0.667010350292642,0
True,1.03725515366122,0
True,0.683814481021294,0
True,1.10457581268655,0
True,1.22773649503053,0
True,2.71643864747093,0
True,1.93471593790328,0
True,1.29565492731649,0
True,3.03617507254474,0
True,1.09159742630099,0
True,1.16097618948591,0
True,2.78946674056806,0
True,1.65424666469811,0
True,0.515183108472338,0
True,3.75924890023956,0
True,4.16127707170584,0
True,1.30610789330304,0
True,2.4235377952175,0
True,1.238204564396,0
True,1.92122903978634,0
True,1.23901024646133,0
True,3.38720185325383,0
True,2.21592847318351,0
True,3.87778537448905,0
True,3.35516819294355,0
True,1.52634672762264,0
True,1.81983259305349,0
True,3.03497412889304,0
True,1.56155217112028,0
True,0.823940691910923,0
True,1.76375318149984,0
True,2.75253194927574,0
True,2.31637839700043,0
True,3.16986347992547,0
True,3.22803985450888,0
True,2.60137063122817,0
True,1.67997835289653,0
True,2.00487781254776,0
True,1.54431798616721,0
True,2.82893595589486,0
True,1.52634033827782,0
True,3.06457829346059,0
True,1.48170417979788,0
True,1.05128828789711,0
True,1.58041596242898,0
True,1.4249332196115,0
True,3.44533961921101,0
True,4.21730735976528,0
True,2.12507035654013,0
True,2.20405066264066,0
True,2.63942102087935,0
True,1.82657663193654,0
True,2.73268933975734,0
True,1.72323436705637,0
True,1.3373824502575,0
True,1.64805308967554,0
True,1.33256027531886,0
True,2.43643537060597,0
True,1.6294900503855,0
True,1.2152746423943,0
True,2.20703999225481,0
True,1.89099845217744,0
True,1.89279941129585,0
True,1.53043528975738,0
True,0.671512626198646,0
True,0.946259209161612,0
True,1.10156910254885,0
True,1.58550198111785,0
True,0.774608829925175,0
True,1.30746071826288,0
True,1.85998026766357,0
True,1.05163161209636,0
True,1.29167959218848,0
True,1.50626822282519,0
True,0.768876937059594,0
True,2.25120322353168,0
True,1.85604782493854,0
True,1.37827550952197,0
True,0.808420646481973,0
True,3.37883959441427,0
True,3.67572660861227,0
True,1.57309769752884,0
True,1.99167633314854,0
True,1.52698815559376,0
True,1.14368782150335,0
True,1.4919004345711,0
True,1.95661051202267,0
True,1.65395188268186,0
True,2.78766043661929,0
True,4.54553011669849,0
True,2.54894612483883,0
True,0.669117699782313,0
True,2.16044003939552,0
True,1.1782558936806,0
True,1.80510039785502,0
True,0.991266558978502,0
True,1.28886826194795,0
True,1.3888991057663,0
True,2.11301239893425,0
True,3.02004975094905,0
True,1.80449770442869,0
True,1.95680496355046,0
True,1.85064734549395,0
True,1.34723551090018,0
True,2.19635833794691,0
True,2.68798446126655,0
True,3.70874987593287,0
True,1.18678636437841,0
True,1.33699338581928,0
True,3.02119910463104,0
True,1.68024642187795,0
True,1.013042619334,0
True,1.06607033190039,0
True,0.666194099489736,0
True,1.97202760654553,0
True,2.18084125365758,0
True,1.16591407821976,0
True,2.73947194375788,0
True,2.47382825336719,0
True,3.75945619814628,0
True,2.75004163052867,0
True,1.10288483331599,0
True,1.25925951132059,0
True,3.27407329767027,0
True,2.93728766341087,0
True,1.10527985902638,0
True,2.05022157276703,0
True,1.726697833999,0
True,2.83481939657556,0
True,1.99421170283344,0
True,2.00405298376073,0
True,1.48044155663126,0
True,1.992925671814,0
True,1.55158008609389,0
True,1.78558475483669,0
True,3.68332412163412,0
True,2.15334617061822,0
True,2.48912702180915,0
True,2.02058301254682,0
True,1.71583499200369,0
True,2.20278321541255,0
True,1.70364386770819,0
True,1.71367629271677,0
True,2.46759390700466,0
True,4.13137203963521,0
True,0.892446695704712,0
True,1.15062227102252,0
True,1.35428980282818,0
True,2.2192458085493,0
True,2.14816481483648,0
True,1.87986930150108,0
True,0.85431885095234,0
True,1.42584732768253,0
True,2.84190117421295,0
True,2.24875275820273,0
True,1.50569887514274,0
True,2.31878893010001,0
True,1.3043270307434,0
True,1.79747677766633,0
True,1.52636077898506,0
True,1.48939472137255,0
True,1.71027029911013,0
True,3.33834845687058,0
True,1.77573248013918,0
True,1.51046618257426,0
True,1.65521577233869,0
True,2.39007173289439,0
True,1.4222612557711,0
True,1.46964845191447,0
True,1.12741220263693,0
True,1.25613259002236,0
True,1.71390180114319,0
True,0.901992227296568,0
True,2.16798360249419,0
True,1.83834614860177,0
True,1.63550652921533,0
True,1.36194820351265,0
True,2.21790682520897,0
True,1.82900144241744,0
True,1.07448144323131,0
True,1.62476724634842,0
True,1.9980598097979,0
True,1.01346826700111,0
True,0.911013744905883,0
True,2.3263552808469,0
True,1.50677071173091,0
True,3.15925953295369,0
True,3.21353707421841,0
True,1.63416260165941,0
True,2.42582441255504,0
True,1.73797947133545,0
True,1.5642323879356,0
True,1.60994933281288,0
True,1.51065284787511,0
True,2.48403007491221,0
True,3.0841877885981,0
True,1.33898697655362,0
True,2.58387130212791,0
True,1.90459971201677,0
True,2.97092247421154,0
True,1.62530154911173,0
True,1.73625662769957,0
True,0.869125090975643,0
True,3.44589598646271,0
True,0.730749197085929,0
True,2.10231423693126,0
True,2.03737435193567,0
True,1.12928122237021,0
True,1.67362933500704,0
True,0.90352643088375,0
True,2.06746131398733,0
True,1.33794183766584,0
True,2.04599798741666,0
True,1.76505363892586,0
True,1.15025400992128,0
True,1.61499424044856,0
True,1.40841929442662,0
True,0.875378057738416,0
True,1.34969519712749,0
True,1.48478220898093,0
True,1.26625432292843,0
True,4.06857969694364,0
True,1.26073636009324,0
True,1.99432160303171,0
True,1.09418256646178,0
True,1.52672168086181,0
True,1.68557374770162,0
True,1.70021780524226,0
True,1.82675297728158,0
True,2.47874088516647,0
True,1.24451044332872,0
True,3.21282798937837,0
True,3.58284453964024,0
True,2.09049715225426,0
True,2.69540403434696,0
True,4.50263294575905,0
True,2.08706748794867,0
True,0.773045111649302,0
True,0.479228053182483,0
True,3.4967461864415,0
True,1.55480835178719,0
True,3.7421316579554,0
True,3.30996852193403,0
True,1.06508005557542,0
True,2.57905321261036,0
True,2.35616981327708,0
True,0.848359552878346,0
True,3.12333523098466,0
True,1.03986870000943,0
True,1.25960352009152,0
True,2.57800428101391,0
True,1.0036777664926,0
True,2.95483107917584,0
True,0.919729466103555,0
True,1.87793842412946,0
True,1.89823181655074,0
True,0.838181044332516,0
True,1.44429818562481,0
True,0.613463045512869,0
True,3.54376314431742,0
True,1.35409309185459,0
True,1.13334698551113,0
True,1.38277285584295,0
True,1.32009442060322,0
True,2.69081325765319,0
True,0.849728410590965,0
True,1.38886415978877,0
True,2.05283147681369,0
True,2.52121388010079,0
True,1.52186539965771,0
True,1.185431655235,0
True,3.0790487492034,0
True,2.78095255502376,0
True,1.20474429079954,0
True,2.29406214605922,0
True,3.99421721895732,0
True,1.02750300246257,0
True,0.791698977583133,0
True,2.20751465762725,0
True,1.91782525507027,0
True,3.02905700656934,0
True,2.90197489432909,0
True,3.19070160241589,0
True,3.27543551647525,0
True,3.74736026052218,0
True,2.46812019434099,0
True,2.02228331906978,0
True,1.74243091478569,0
True,0.609536999744643,0
True,1.72233936320813,0
True,2.60441964097983,0
True,2.22456225680314,0
True,1.46838103538868,0
True,2.58234674079872,0
True,2.65930605968743,0
True,2.46058219502577,0
True,1.94794561592361,0
True,1.34570504990537,0
True,1.17856147257105,0
True,1.74996305845004,0
True,1.7937129981377,0
True,1.83215169015208,0
True,1.73603044755196,0
True,1.94611148780867,0
True,1.05714839309552,0
True,0.664603667277437,0
True,1.56559246945837,0
True,1.22801616285479,0
True,2.51375951344968,0
True,2.19782283240168,0
True,0.98338619502139,0
True,0.909566747120658,0
True,1.17283197251364,0
True,3.75841194103845,0
True,2.6049929076803,0
True,1.02649375504903,0
True,3.28608624220263,0
True,2.6232206537757,0
True,2.06178285094296,0
True,1.6258157198464,0
True,3.55403946719078,0
True,1.80979542757308,0
True,1.81105076404018,0
True,2.65636397734553,0
True,3.16465186172231,0
True,2.58954159798996,0
True,1.99188802881737,0
True,3.13208177070543,0
True,2.60655327840235,0
True,1.74591419473694,0
True,2.34774943560068,0
True,2.35583100443845,0
True,3.32386176726107,0
True,2.33738729620543,0
True,2.62948431160175,0
True,1.63012828988764,0
True,0.69074265709156,0
True,0.848516490160907,0
True,1.14336458238,0
True,1.32858566542493,0
True,1.38599876218749,0
True,1.27537124048319,0
True,3.82480888805361,0
True,0.659751339985727,0
True,2.53139499959309,0
True,2.11247558877609,0
True,1.67720910241985,0
True,1.39076565235996,0
True,1.12683087684289,0
True,2.37730428354683,0
True,1.18405444540599,0
True,1.71761874403165,0
True,1.87172832485544,0
True,1.80475927740616,0
True,1.87114029875533,0
True,2.39884195513082,0
True,1.46522656531898,0
True,1.99188564989834,0
True,1.97613393421955,0
True,1.69484010767549,0
True,3.63210546920757,0
True,2.41870458329254,0
True,1.50919012764378,0
True,1.87169073678473,0
True,2.00716201006649,0
True,2.76517032689341,0
True,2.92846634759716,0
True,3.78305555547992,0
True,2.47073968674527,0
True,2.20583050023383,0
True,1.83205977380197,0
True,4.10867759407489,0
True,4.26602797746375,0
True,1.25734813668711,0
True,1.90719447680551,0
True,1.14475641571,0
True,1.75568556171563,0
True,2.75584615747282,0
True,1.95982233142896,0
True,4.00879046591442,0
True,0.923322037576568,0
True,1.38082826670974,0
True,2.1199218956926,0
True,1.62790033640585,0
True,2.84205765198564,0
True,1.06795464766775,0
True,1.93009629009686,0
True,3.39052560087481,0
True,2.40813477765344,0
True,2.14046738737408,0
True,2.83179576299457,0
True,3.25248122011496,0
True,2.83660450371763,0
True,2.60502952279689,0
True,1.01732853271023,0
True,2.24121433769778,0
True,2.08191788826952,0
True,1.80902072562037,0
True,1.43827479968258,0
True,2.44512643165107,0
True,2.51661537119237,0
True,1.35436836954869,0
True,1.0471323905414,0
True,1.97209173993278,0
True,1.49642640027268,0
True,1.77356304892481,0
True,1.42711420176146,0
True,0.926438571115922,0
True,1.27591965431725,0
True,2.76849223142656,0
True,1.88992328733008,0
True,2.16612342305269,0
True,2.14458118863831,0
True,1.86015031498838,0
True,2.54127543577011,0
True,0.569231596914066,0
True,1.21522212652335,0
True,1.41593544148334,0
True,2.77205469641054,0
True,1.76042880688898,0
True,2.47523464870129,0
True,3.85785616370371,0
True,3.22554823271143,0
True,3.20253250160308,0
True,3.53435930501379,0
True,3.35624439558678,0
True,2.03578506235058,0
True,2.0194265770781,0
True,2.85136519849289,0
True,1.29538758604485,0
True,2.32380322250055,0
True,0.875096628717155,0
True,2.46392281539136,0
True,2.01738689539889,0
True,1.87242101837372,0
True,1.58952434633156,0
True,1.23688467427583,0
True,2.08037485884583,0
True,0.923494294275974,0
True,2.17387166312419,0
True,4.55046285999047,0
True,1.91924045021696,0
True,2.60340532221,0
True,2.8547744922744,0
True,1.1323441674782,0
True,2.31183437489603,0
True,0.897529842924856,0
True,1.47222051801414,0
True,0.336797583359639,0
True,1.43396172825233,0
True,3.13680624677616,0
True,4.23678672843727,0
True,2.39835401435304,0
True,1.54830789823609,0
True,2.16410211270398,0
True,3.01548695291316,0
True,1.78488311869472,0
True,1.12322140805122,0
True,2.27572807426337,0
True,1.65249056288821,0
True,2.00128728127867,0
True,1.85749096405279,0
True,1.1969735579486,0
True,0.957192743072473,0
True,1.97598355771999,0
True,0.776006570205615,0
True,1.90804202136015,0
True,2.51852645782646,0
True,2.18706726339098,0
True,3.72025740764873,0
True,1.36682663351477,0
True,1.14632745739692,0
True,0.877950964913196,0
True,1.34921094996327,0
True,3.30267410408433,0
True,2.99838825386277,0
True,3.06052075833358,0
True,2.59509524449337,0
True,0.848245036978762,0
True,0.926496152306231,0
True,1.98524399385143,0
True,1.04920334124725,0
True,1.61747480515762,0
True,1.83420244890439,0
True,1.39044227183292,0
True,1.59776941034716,0
True,0.929602192124028,0
True,1.53631760168971,0
True,1.2897986730481,0
True,0.875107868189514,0
True,1.77753309843014,0
True,2.50337633938111,0
True,1.19485003617645,0
True,0.877820862129168,0
True,3.47172478328856,0
True,1.91691452396338,0
True,3.65090955847189,0
True,0.492284437033074,0
True,2.16058295108614,0
True,3.1425783558542,0
True,3.02364973181221,0
True,2.37255855381788,0
True,1.65166701368068,0
True,1.61976659612777,0
True,1.82529892366304,0
True,3.42029664178662,0
True,2.74153665274454,0
True,1.43304923458303,0
True,3.03079960494203,0
True,1.62028341544545,0
True,1.35872841590763,0
True,2.62287269360728,0
True,1.78357155830485,0
True,1.66232814315357,0
True,3.04353646036476,0
True,0.732705938366289,0
True,0.668712471049576,0
True,3.1379477315372,0
True,1.81181651889495,0
True,1.90817506777919,0
True,1.15815012363383,0
True,3.03153943578886,0
True,1.82323609363374,0
True,1.56076435741181,0
True,2.52215065866807,0
True,2.71106727943399,0
True,2.02603808614058,0
True,0.682695377839897,0
True,1.60363753021445,0
True,1.08281310415177,0
True,1.61536872026666,0
True,1.24596255764555,0
True,1.32503928674644,0
True,1.55569548035685,0
True,1.26937213412519,0
True,1.4199018185114,0
True,2.88722644945269,0
True,3.2010427598611,0
True,2.92884938341723,0
False,0,0.000313108739370893
True,4.08725736500117,0
True,3.4834007523925,0
True,1.50925378673151,0
True,1.94346311104137,0
True,1.61045915882668,0
True,1.97150772457118,0
True,2.39742315794595,0
True,2.03475913239745,0
True,1.77890323750692,0
True,1.38638638714469,0
True,4.12426686108197,0
True,2.38873371574665,0
True,4.54647089769479,0
True,3.10842261798552,0
True,3.90562347485938,0
True,1.21684056488848,0
True,0.810362652561433,0
True,1.07663871339512,0
True,2.12538544095855,0
True,1.87042922023171,0
True,1.81356339475616,0
True,1.18787813823023,0
True,2.16247812665028,0
True,1.28550766619383,0
True,1.58533977694694,0
True,2.1477678900679,0
True,1.0608078634785,0
True,1.08779502477699,0
True,1.39402756785546,0
True,1.18980795793634,0
True,2.36760247509357,0
True,1.38086948976035,0
True,1.50714944011214,0
True,0.877590572643047,0
True,2.22086250781379,0
True,1.59186283449347,0
True,1.05481050612059,0
True,1.77704263300151,0
True,1.01964868252586,0
True,1.34136009532147,0
True,1.06748599795117,0
True,1.38547310723292,0
True,1.16223557908218,0
True,1.56767631782784,0
True,2.75472490963025,0
True,2.46689779432002,0
True,0.895681523685706,0
True,1.27418330787635,0
True,0.786978717397935,0
True,2.27131976091861,0
True,1.58519833207465,0
True,3.69172680692802,0
True,3.61078254627422,0
True,4.03311528846422,0
True,1.59599694877993,0
True,1.54382760566487,0
True,0.876645330657872,0
True,2.33062094223642,0
True,2.42659742076551,0
True,2.94462114330948,0
True,1.73172405221484,0
True,1.38918566712303,0
True,0.798053978900055,0
True,2.25623740669928,0
True,1.99531875964731,0
True,1.7014747813198,0
True,2.18126247037973,0
True,2.43501898298641,0
True,1.31389917207682,0
True,0.649596982155962,0
True,2.60504011198098,0
True,1.06352606776017,0
True,0.854501000555059,0
True,2.00488516338851,0
True,1.27066868202961,0
True,1.16664366146838,0
True,1.74377867053107,0
True,1.07350861063192,0
True,3.91898738129846,0
True,3.83898367551048,0
True,3.3855325854557,0
True,2.34943787547291,0
True,1.33685490016287,0
True,2.02529229930677,0
True,1.94689465155611,0
True,3.17290202735916,0
True,1.31334250337382,0
True,1.57814557286304,0
True,1.07911854921934,0
True,2.78544177175514,0
True,2.98966587252102,0
True,1.56094159274854,0
True,0.987439937833764,0
True,1.05520529513254,0
True,1.72593593595069,0
True,2.29263424329765,0
True,4.24860789729712,0
True,1.14515949274916,0
True,2.13411444099001,0
True,2.11878539667622,0
True,1.35677653153659,0
True,0.896128189267152,0
True,1.36465122876647,0
True,1.28962182687432,0
True,1.28452184296681,0
True,1.16438785314693,0
True,2.50489157664467,0
False,0,9.4167399485174E-05
True,3.84872429533363,0
True,4.11127558369883,0
True,1.25109488497512,0
True,1.4925310582808,0
True,1.79812840112485,0
True,2.76685734083181,0
True,1.91416070279396,0
True,2.00161624514483,0
True,3.06102732919826,0
True,2.55973891048398,0
True,2.18813071210369,0
True,1.56887448022198,0
True,2.97935722498227,0
True,2.22062405713919,0
True,3.3316499429424,0
True,0.708183218414312,0
True,3.15092399668516,0
True,2.80917085208482,0
True,2.27011982408684,0
True,1.63357941374878,0
True,1.41865172775429,0
True,1.82546613393486,0
True,1.40014067619547,0
True,3.71619893883536,0
True,1.769107446402,0
True,1.1762172075121,0
True,3.79429786040437,0
True,2.74237917969517,0
True,2.78446001405675,0
True,3.54522629398663,0
True,1.71235649569577,0
True,1.37558199440986,0
True,3.57944670701658,0
True,3.10660063130173,0
True,1.1318733809499,0
True,0.939374569240366,0
True,1.83253179890587,0
True,2.07289807286189,0
True,1.70505744219333,0
True,2.10876832717224,0
True,1.89192844722621,0
True,1.3065872296434,0
True,2.53743603598347,0
True,1.43686901056654,0
True,1.73624391496722,0
True,1.7872414382344,0
True,2.0569800303376,0
True,2.40210448752034,0
True,0.867962277490211,0
True,1.7512793358674,0
True,2.21354348825324,0
True,1.24951744834418,0
True,3.90944573246564,0
True,1.20235178806613,0
True,2.3447608243942,0
True,1.98458385233389,0
True,2.25060699696819,0
True,3.21688206139447,0
True,0.822295644666559,0
True,1.13654062220742,0
True,1.36982258971712,0
True,1.18755613793802,0
True,1.57093356432335,0
True,1.74961436594535,0
True,2.79555770900918,0
True,2.76065382450839,0
True,3.09768791411307,0
True,3.65174574568154,0
True,1.09704387482857,0
True,2.53255656721094,0
True,4.39935024519298,0
True,3.57871803461406,0
True,2.0064520685253,0
True,1.84852846601387,0
True,1.4936381485171,0
True,1.861198004205,0
True,1.44587394913326,0
True,1.86660745290931,0
True,3.60305226715392,0
True,1.68010919783226,0
True,1.17185203454911,0
True,0.547961645508499,0
True,2.35345699472646,0
True,0.909071554807736,0
True,3.55274792637437,0
True,0.922114952346298,0
True,2.4221883411283,0
True,1.021116169979,0
True,3.99342451016275,0
True,1.86460509574071,0
True,1.14563266666908,0
True,1.98990869325693,0
True,1.09396467249846,0
True,1.0713896796954,0
True,0.853606288798388,0
True,1.27735696766984,0
True,1.89196371650298,0
True,2.28208234336454,0
True,1.62382817608094,0
True,2.97225030074765,0
True,2.53469286803859,0
True,1.77208003083743,0
True,1.17956188552404,0
True,2.27838347929561,0
True,2.57546655609196,0
True,3.0663486063725,0
True,2.24258881818364,0
True,0.908264619452173,0
True,3.87286900758787,0
True,2.19670968930321,0
True,0.982009897217066,0
True,2.19945585871543,0
True,2.54558198780104,0
True,0.803999208302443,0
True,1.69096758877149,0
True,4.36426763095769,0
True,1.39145934211176,0
True,1.02673462650202,0
True,3.9810842132964,0
True,2.61994769786666,0
True,2.3254154030316,0
True,1.60541548701811,0
True,1.97371279275793,0
True,1.76717112746602,0
True,2.54267347319467,0
True,3.33831006540453,0
True,2.00118790718974,0
True,1.50913106963962,0
True,3.45505937620048,0
True,1.34185845778504,0
True,1.3748498472704,0
True,2.40130066756266,0
True,2.61464775904074,0
True,2.6805380776773,0
True,1.73308444516719,0
True,0.888354434445567,0
True,2.4961806317651,0
True,2.59211223291166,0
True,2.56215038630942,0
True,3.29240210320334,0
True,2.11149467727301,0
True,2.2553737251376,0
True,1.67040628071346,0
True,0.885579218097579,0
True,1.14303662713393,0
True,1.52049316002871,0
True,1.15315098453848,0
True,2.21548434072265,0
True,0.696729229332553,0
True,1.5279609250961,0
True,1.459779519921,0
True,1.80255404342187,0
True,1.13506784144922,0
True,3.88498248406396,0
True,3.4288505693785,0
True,1.888330322861,0
True,1.01183762065092,0
True,1.19276659876102,0
True,1.03242502435101,0
True,0.915412350033978,0
True,2.84720917132832,0
True,0.856793668892125,0
True,2.6591006122507,0
True,1.49556170721877,0
True,2.93667116847272,0
True,1.59082312709358,0
True,3.13603546056768,0
True,1.52176899508914,0
True,0.773679206625438,0
True,0.610460904579971,0
True,1.46408269628055,0
True,2.0996725331754,0
True,1.29027476591773,0
True,3.62646594982381,0
True,2.27064787223887,0
True,1.03629829309949,0
True,1.08003922846913,0
False,0,8.08726893689603E-05
True,2.25916889918785,0
True,1.23025054358328,0
True,3.05935737196362,0
True,1.48479379298494,0
True,1.35651975391536,0
True,1.4367523277068,0
True,1.78233555763476,0
True,3.19253683055125,0
True,2.13846811835619,0
True,1.40750690689689,0
True,1.87919992153466,0
True,2.00546766702109,0
True,2.11439625372282,0
True,2.65946829499721,0
True,1.1351208342037,0
True,2.87711909619738,0
True,3.49053226219528,0
True,2.00935803326491,0
True,1.15668745976867,0
True,2.69152171258567,0
True,1.93563250072165,0
True,1.68559286955582,0
True,2.09226225334666,0
True,2.04443323674718,0
True,1.16266377203372,0
True,0.949515464938191,0
True,4.66216430498215,0
True,2.7439516314404,0
True,2.41744844808112,0
True,1.22615117681423,0
True,2.08481915006464,0
True,2.39251753100641,0
True,3.08003121037476,0
True,1.65214100456762,0
True,1.66449993490452,0
True,1.17677119784819,0
True,1.03286329948467,0
True,2.0688661500139,0
True,2.05586523545807,0
True,1.34653204495102,0
True,2.50256607826993,0
True,2.07293648398511,0
True,1.57972294919145,0
True,1.97401543675023,0
True,1.74090112408877,0
True,2.00331872586887,0
True,1.48933972022858,0
True,1.10071205897299,0
True,1.31244480318499,0
True,2.81533905460241,0
True,1.42027412584167,0
True,0.995069550605466,0
True,2.0906216086528,0
True,3.44342159050619,0
True,2.33881813137435,0
True,2.66709987793492,0
True,3.33633795281761,0
True,3.30331387351064,0
True,4.75149360261075,0
True,3.96806385697243,0
True,1.65393725555368,0
True,1.42117408101614,0
True,1.07509774081433,0
True,1.58598400664301,0
True,3.3450852519725,0
True,3.53651451676305,0
True,1.79491100920069,0
True,2.90733095526966,0
True,1.71246111189841,0
True,1.00766288920788,0
True,1.99479474402955,0
True,1.36257237986314,0
True,2.30148594162658,0
True,1.19895244257641,0
True,1.95027918875613,0
True,1.92147055407854,0
True,2.04965643160264,0
True,1.4959400679332,0
True,1.45890461943826,0
True,1.21455187387976,0
True,0.860990781510475,0
True,3.91270488417155,0
True,1.79893665424286,0
True,2.06954322309285,0
True,2.49187641465625,0
True,2.24237593786237,0
True,1.27765338022596,0
True,2.67744130239784,0
True,3.54379079357189,0
True,0.88373943565296,0
True,1.30028798624978,0
True,3.2292702855876,0
True,2.68453692473986,0
True,2.77345034142029,0
True,4.1740877644379,0
True,3.48684780203929,0
True,2.15583852851757,0
True,2.30784765968834,0
True,1.42867172513103,0
True,1.41412953495707,0
True,0.984650817259035,0
True,1.77787853046061,0
True,1.86652795201858,0
True,1.39534087483252,0
True,1.44748763616174,0
True,1.3416925052414,0
True,3.37917865472833,0
True,1.004817484454,0
True,2.25520341982557,0
True,0.978440956547777,0
True,1.54358210755021,0
True,3.66486236674534,0
True,1.84351725463686,0
True,2.13231451918259,0
True,0.627925673866397,0
True,1.90086159872438,0
True,2.47457004499349,0
True,2.38863961618718,0
True,1.62938244294862,0
True,2.69330208073007,0
True,1.96543488450725,0
True,0.746344728706941,0
True,1.93243005730748,0
True,0.596803430860923,0
True,1.00718565744277,0
True,3.95441049031185,0
True,2.42445745436524,0
True,1.32592410910708,0
True,1.55816154170335,0
True,1.60972695567391,0
True,3.93355595293272,0
True,4.0424221480139,0
True,1.17463596104001,0
True,0.998082237838245,0
True,0.937294668206291,0
True,2.18135944266156,0
True,1.99174722284532,0
True,1.86864981660767,0
True,1.34994435911887,0
True,2.07496895241375,0
True,2.78448047886804,0
True,1.16384566745247,0
True,1.35496674023835,0
True,0.971878815782319,0
True,1.51826134572204,0
True,1.94014719724688,0
True,2.05582091505458,0
True,2.11583940643256,0
True,2.70177739376984,0
True,1.1773423268978,0
True,2.31713737932737,0
True,2.29975831285332,0
True,0.998575097055415,0
True,2.14089883258398,0
True,1.48828827177193,0
True,1.74016274559924,0
True,2.17666640452614,0
True,0.790426711073845,0
True,2.9986640779947,0
True,1.00196015002251,0
True,2.06491078958633,0
True,1.537918228321,0
True,1.7148786054888,0
True,1.47387216820967,0
True,2.21612665450057,0
True,1.34450525574305,0
True,1.83333423732405,0
True,2.39575112624913,0
True,1.24534416768245,0
True,2.46080302715202,0
True,1.08436591046943,0
True,2.6878529154241,0
True,1.84253160769991,0
True,1.68195637673328,0
True,2.16401891687348,0
True,2.57340149575607,0
True,3.45190982018902,0
True,3.41514311381377,0
True,4.14843079501372,0
True,2.01381066579992,0
True,1.37197170903689,0
True,2.10020712298851,0
True,1.66322592605124,0
True,0.778059345889674,0
True,1.15724259835351,0
True,1.8777646718794,0
True,2.54141258633477,0
True,2.18707113832479,0
True,1.19007850890326,0
True,2.47527735281234,0
True,0.689847902109877,0
True,1.51446421391219,0
True,1.7056164452004,0
True,1.98102400469915,0
True,3.30108412475658,0
True,2.65136778382802,0
True,1.35247123075053,0
True,0.656914922798489,0
True,2.31132525388683,0
True,2.01488333836261,0
True,3.94455919653174,0
True,1.52218945726673,0
True,1.86503364077963,0
True,1.33266704463152,0
True,1.79234774624447,0
True,1.27356995448243,0
True,1.89055841504848,0
True,1.32652673830482,0
True,2.69661694883118,0
True,1.8304600484218,0
True,4.16607301956903,0
True,2.00003928850777,0
True,3.84187531272086,0
True,1.55668201506846,0
True,3.15625875385046,0
True,1.68812461564308,0
True,3.7495944903703,0
True,2.29965489811714,0
True,2.16655136766287,0
True,2.57538298589735,0
True,2.28049355981405,0
True,1.83279137858826,0
True,3.32838155727386,0
True,4.30340168855548,0
True,1.42896646564138,0
True,0.912852179634429,0
True,2.13745535513954,0
True,1.59467341821386,0
True,1.15995093219248,0
True,2.515625645918,0
True,1.48649969494792,0
True,1.15715299180902,0
True,2.53635725322867,0
True,1.39748856453158,0
True,1.57880430656356,0
True,3.01188106784792,0
True,2.07880309923423,0
True,1.62784322662856,0
True,3.29445824313565,0
True,2.74031681544445,0
True,1.39628733865629,0
True,4.28401793617471,0
True,3.01466834389292,0
True,2.8314204038127,0
True,2.16422653078196,0
True,2.00318898474511,0
True,2.36338094641194,0
True,3.13769169556449,0
True,2.20621455248781,0
True,3.29213908958425,0
True,4.3129682163509,0
True,1.29757487330943,0
True,1.56097075862423,0
True,1.31132867415849,0
True,2.48450647717191,0
True,2.59330827100288,0
True,0.855587345164183,0
True,1.0126572577024,0
True,3.3421836426047,0
True,1.98289572452602,0
True,1.99486329882705,0
True,2.14010210858808,0
True,1.60605658127979,0
True,1.81436732826335,0
True,1.06160631174359,0
True,0.871569627165993,0
True,1.54124289043731,0
True,1.57743237312822,0
True,0.828242999427361,0
True,2.62433041436694,0
True,3.60954299849571,0
True,2.12972887230314,0
True,1.08729030958369,0
True,1.52074073701405,0
True,2.65414630649155,0
True,1.41808092106361,0
True,1.01296677543697,0
True,3.86811548460985,0
True,2.88449722280661,0
True,0.521916629326347,0
True,2.83372190112916,0
True,1.0915939843955,0
True,1.7342719908292,0
True,2.14476004186349,0
True,2.97096452836965,0
True,2.34036980941822,0
True,1.41278162344451,0
True,0.720016734644363,0
True,1.16013213173953,0
True,3.05721206231031,0
True,1.67706964923531,0
True,2.40246885272594,0
True,1.02402920690901,0
True,2.34070753745744,0
True,2.44430526193191,0
True,1.18076530008046,0
True,1.75958857746461,0
True,2.26729915818647,0
True,2.65037393459847,0
True,1.78622585929863,0
True,1.75042491558151,0
True,1.90094698266625,0
True,1.41251465592004,0
True,1.18821925191249,0
True,1.02029887215429,0
True,2.88533204232468,0
True,1.33945223574418,0
True,2.37020251367165,0
True,1.42603050043811,0
True,1.29495837784365,0
True,2.2986910043179,0
True,1.32875420130678,0
True,0.985987745873336,0
True,2.98300059287588,0
True,4.18713407398859,0
True,1.15819107326824,0
True,2.12173803113419,0
True,1.47285201436801,0
True,2.91355551212174,0
True,1.62963904527074,0
True,1.57097192367238,0
True,2.5009754349534,0
True,2.86205394895581,0
True,1.23540419512776,0
True,1.81259653144713,0
True,0.873429921138978,0
True,1.75387990210874,0
True,3.56297377025809,0
True,2.37985928961185,0
True,1.01951497451438,0
True,2.09299860386541,0
True,2.73649459503902,0
True,2.88627347170628,0
True,1.35961478131615,0
True,1.59878073041372,0
True,1.67751357106849,0
True,0.738138834629124,0
True,1.85903274710941,0
True,1.59237758842157,0
True,1.50259575166725,0
True,0.982211888744612,0
True,4.10604528712297,0
True,1.4252216717133,0
True,1.21213193138901,0
True,0.928243010490509,0
True,0.941652243056969,0
True,1.07099495988569,0
True,2.14361941370915,0
True,1.09339816432729,0
True,1.06471686888404,0
True,2.83251518607269,0
True,1.50589098791437,0
True,1.34011506343776,0
True,2.27055482539067,0
True,1.60853155888628,0
True,4.052981403671,0
True,1.42515732370396,0
True,2.31562660024772,0
True,2.65375803618355,0
True,1.06102974340631,0
True,1.21775837990166,0
True,2.33151486854748,0
True,1.5454468818215,0
True,1.90141012473101,0
True,2.38208470258102,0
True,1.35810492570206,0
True,1.67843490047236,0
True,1.24162822725978,0
True,3.94712902179644,0
True,3.80871071549613,0
True,3.78885945870526,0
True,1.08362599720799,0
True,2.37504902918832,0
True,3.0739050811729,0
True,1.70520664723333,0
True,1.44634166517368,0
True,1.67048409502069,0
True,0.822197582797738,0
True,2.6430561442005,0
True,2.85050665864933,0
True,2.13015633142809,0
True,1.71471484929906,0
True,2.2166104192113,0
True,2.23858120975512,0
True,1.76674553394976,0
True,1.41652178438606,0
True,2.27043604583387,0
True,3.85182986225425,0
True,1.7316255590914,0
True,1.64667830576231,0
True,1.09399595217107,0
True,0.976498074844206,0
True,1.82091722026051,0
True,1.60486595453626,0
True,1.10574434986448,0
True,2.52916341116357,0
True,1.88703555974325,0
True,1.77430521542166,0
True,3.37634938076824,0
True,2.04109674634574,0
True,2.28304314702745,0
True,2.03895175593985,0
True,0.695202348682716,0
True,0.960369800009243,0
True,1.35388595224017,0
True,2.12376776738621,0
True,2.37690469915095,0
True,1.15451385594897,0
True,1.21408763858684,0
True,3.65677835374503,0
True,0.836366021646578,0
True,2.00312497203368,0
True,1.1789394073974,0
True,0.928179874308847,0
True,0.923556255376424,0
True,2.6879277853736,0
True,2.30180930791836,0
True,2.68601252064829,0
True,2.74910778790433,0
True,1.95271784451646,0
True,2.43991540764565,0
True,1.22900971077891,0
True,1.09107931839231,0
True,1.30851666255677,0
True,2.31290060420075,0
True,4.07974594904042,0
True,2.15737339165498,0
True,0.930579963723948,0
True,1.67745115895715,0
True,1.81828818559005,0
True,1.59114471912317,0
True,1.85014934551842,0
True,2.28536964898672,0
True,2.63660536362431,0
True,1.19517378372645,0
True,1.07249158454561,0
True,1.29792334003898,0
True,2.24625739917634,0
True,1.60831232114309,0
True,1.29741613334683,0
True,3.09212016587045,0
True,1.28937693159899,0
True,1.56433619378519,0
True,1.36206244456241,0
True,2.75474041008618,0
True,2.3902651641851,0
True,2.01915199175106,0
True,4.36524446035705,0
True,1.78810236185117,0
True,2.327942841022,0
True,2.13310251696754,0
True,2.55514709485381,0
True,2.54732334409821,0
True,2.04188338853745,0
True,1.94125346651011,0
True,1.26654423688431,0
True,1.43757913960729,0
True,1.91527509874897,0
True,1.57344841343153,0
True,3.02988995763972,0
True,1.36361605347557,0
True,1.54925203198612,0
True,1.38791474730518,0
True,1.65813059052888,0
True,2.1642553251375,0
True,2.67468039804777,0
True,1.2620307119148,0
True,0.685238017250649,0
True,1.48139049850669,0
True,0.945655790280404,0
True,2.81390256078111,0
True,1.00979500395203,0
True,1.91848314951829,0
True,2.03360468863699,0
True,1.70274327087509,0
True,1.55478643094175,0
True,1.51452718793989,0
True,1.38399955314188,0
True,1.89412687041018,0
True,1.40226815059623,0
True,0.913550089508266,0
True,0.931002207632438,0
True,1.61580774033504,0
True,1.54764248634763,0
True,0.809674618750263,0
True,0.801377480961019,0
True,1.7792789300678,0
True,3.03621546908738,0
True,1.51385759797199,0
True,1.66711052721727,0
True,0.965185683573556,0
True,1.68446214556094,0
True,0.995981550155537,0
True,3.23148975050393,0
True,0.460633304182704,0
True,2.99053712912144,0
True,1.04580003220941,0
True,2.3967191991983,0
True,3.62359046972305,0
True,0.9149913576685,0
True,2.58977765878709,0
True,2.40209840360523,0
True,1.45736328616604,0
True,1.58664893800998,0
True,2.36890244203565,0
True,1.79081164808199,0
True,3.14104705073753,0
True,4.09452843078785,0
True,2.69720964424661,0
True,2.21524380035855,0
True,2.17616510273673,0
True,1.11147573423444,0
True,1.41580830961684,0
True,0.939872516452114,0
True,3.52993263629887,0
True,2.99084492884331,0
True,2.962218781243,0
True,1.83920968522498,0
True,1.60062549758077,0
True,2.2378678165987,0
True,1.45018688122849,0
True,0.937926688351367,0
True,1.01016834208363,0
True,1.93672046228696,0
True,1.24902831156686,0
True,1.76382993504244,0
True,2.42267527860067,0
True,3.50904680080091,0
True,1.48872519543356,0
True,1.08034633819724,0
True,1.27556521177447,0
True,2.77852546010663,0
True,3.60715990861167,0
True,3.67319056602112,0
True,4.33945222644937,0
True,2.21384338628617,0
True,2.26013121083329,0
True,1.03564575539506,0
True,2.05693624435927,0
True,2.81071391233658,0
True,2.49397142047041,0
True,0.918846648806533,0
True,1.4180649367049,0
True,1.34755754015261,0
True,2.36202045779671,0
True,1.04538031733225,0
True,1.12677618049435,0
True,0.76432009921463,0
True,1.06615276608822,0
True,1.87376850224956,0
True,2.94791515648214,0
True,0.791950228709695,0
True,1.36004901784623,0
True,2.12066417727152,0
True,3.76947059446547,0
True,1.50487357554368,0
True,2.85091130064706,0
True,2.5553513880452,0
True,0.914110163407384,0
True,2.11129781541055,0
True,2.49660340656731,0
True,1.79724351971513,0
True,0.70892779716144,0
True,2.00033840417473,0
True,1.61083669458115,0
True,1.32099957567171,0
True,1.49037097212938,0
True,1.85119118257715,0
True,0.963939936148161,0
True,1.18191063713297,0
True,2.62495770805727,0
True,2.22170493174414,0
True,0.945598185767886,0
True,2.46844389791919,0
True,1.34140457624938,0
True,2.04653268708723,0
True,1.41660225920887,0
True,3.60104585241397,0
True,3.03282674243626,0
True,1.02880272797332,0
True,1.43760862987537,0
True,1.23801181488028,0
True,2.50284975308956,0
True,3.55685477065591,0
True,3.05073305843819,0
True,3.363165418274,0
True,2.20199635720159,0
True,1.6793528708553,0
True,1.11701290919116,0
True,2.29421440889504,0
True,3.86407407049582,0
True,1.80113823916551,0
True,0.800036301269817,0
True,2.65441704151693,0
True,0.632315031223505,0
True,1.75815620116771,0
True,1.80076193404822,0
True,2.03484445591765,0
True,1.6262555540749,0
True,2.9906703763378,0
True,0.326760581435938,0
True,3.22885212485798,0
True,0.813989069736427,0
True,0.622386544778194,0
True,1.57637747166004,0
True,1.04337585941473,0
True,1.59734491756313,0
True,2.17483588281668,0
True,0.635589841066687,0
True,2.12083261067821,0
True,3.6790728075451,0
True,3.95673831219149,0
True,0.551512126595246,0
True,2.91531065250512,0
True,4.04664845121692,0
True,3.73644495251579,0
True,1.35164549085142,0
True,2.90492969852802,0
True,1.30606481625544,0
True,2.87363801432313,0
True,1.61982883979649,0
True,2.02286639703331,0
True,0.673873831687422,0
True,1.02690531222799,0
True,2.14729642242322,0
True,0.539310668348632,0
True,1.18278085454208,0
True,1.72216356292922,0
True,2.33412328519543,0
True,1.8682888011302,0
True,1.95535065899519,0
True,2.52837391594522,0
True,0.721629676087741,0
True,1.01786476514284,0
True,4.32118361222895,0
True,3.23854119755713,0
True,1.44508960221547,0
True,1.47549075485167,0
True,1.79462913483057,0
True,1.43899878529535,0
True,2.11967007800976,0
True,3.94432726891304,0
True,3.51043776753471,0
True,3.83037311886586,0
True,1.695660915516,0
True,1.91468320941535,0
True,2.97049605979036,0
True,2.11755007597612,0
True,0.943510311569279,0
True,1.74352807441241,0
True,2.88965811552752,0
True,1.83422047658426,0
True,0.830149637005673,0
True,2.17202359982546,0
True,0.636669446966087,0
True,1.48270130334654,0
True,1.21860343788405,0
True,2.08854931666373,0
True,0.884389235086926,0
True,0.378234073816044,0
True,1.59641653730557,0
True,3.78531688768086,0
True,0.563857784718203,0
True,3.05131588464188,0
True,0.98094072309197,0
True,2.1486628745209,0
True,1.13422915239404,0
True,1.83208701632746,0
True,2.94430754464678,0
True,1.82120300027476,0
True,1.60001456781303,0
True,2.44326851650032,0
True,1.87706524065951,0
True,2.56116381661456,0
True,1.95122321994544,0
True,1.51276410196797,0
True,1.11706941897961,0
True,1.72722193531589,0
True,2.85945289308114,0
True,2.13752621360562,0
True,0.961063675511355,0
True,1.11822510652114,0
True,2.28975713071217,0
True,1.7767241337105,0
True,1.60065319579168,0
True,1.34279236840924,0
True,1.77840441991046,0
True,2.61400851118963,0
True,2.34210882645247,0
True,2.07139811289906,0
True,2.97472637210806,0
True,3.3616291473915,0
True,1.28764037987538,0
True,1.43272890291739,0
True,2.34164364266889,0
True,1.06968602839711,0
True,0.922751829085307,0
True,2.13049507727805,0
True,0.704573772726678,0
True,1.36909074076941,0
True,2.05293289334223,0
True,2.4763859610921,0
True,0.96471416840657,0
True,1.20278644403888,0
True,1.2093664845962,0
True,3.46920022217735,0
True,1.68498775050484,0
True,1.7699680313565,0
True,2.57552462684538,0
True,2.0308179456513,0
True,2.44999980149557,0
True,2.7630033793312,0
True,0.981049785928202,0
True,3.64527770102622,0
True,2.65339379731833,0
True,0.477884898586895,0
True,1.10725842160654,0
True,1.02176923658793,0
True,2.28973875334433,0
True,1.95048515054693,0
True,2.03034209274294,0
True,1.13876253592668,0
True,1.42517818009424,0
True,1.2259427508219,0
True,2.34081448271615,0
True,1.51589261391924,0
True,2.70583082619956,0
True,2.50380344570641,0
True,1.99605459448897,0
True,1.05166926299445,0
False,0,0.000118315248538206
True,1.031676321353,0
True,3.92869600130334,0
True,1.66339629345921,0
True,1.33180582913163,0
True,2.29594000121025,0
True,2.3673877091077,0
True,0.840064161297776,0
True,0.822248944174609,0
True,3.77018222063596,0
True,2.18915668821274,0
True,1.75061121126587,0
True,1.54894315221808,0
True,0.945795977424722,0
True,1.22664852655069,0
True,1.80753307560692,0
True,2.09729991452796,0
True,2.37015313777259,0
True,3.52378646766101,0
True,0.935478037088105,0
True,1.46037451101894,0
True,2.11771529205178,0
True,3.05118712935712,0
True,1.99920000940804,0
True,2.97376035975284,0
True,1.27597092725909,0
True,3.21816543354509,0
True,2.78747891573668,0
True,2.40723980803232,0
True,3.9457165444104,0
True,2.16023917844897,0
True,0.933206413153109,0
True,1.33421594923729,0
True,1.94406654211648,0
True,0.996798002855709,0
True,2.42828852216952,0
True,3.73688112142418,0
True,4.09454341788943,0
True,1.65822037154569,0
True,3.45404098305394,0
True,3.87402191393839,0
True,1.65083032136816,0
True,2.10373761704194,0
True,1.04198622914659,0
True,1.33582704640095,0
True,1.8778461758691,0
True,2.23298713313939,0
True,2.37304213379535,0
True,2.91375557734498,0
True,1.20355458711267,0
True,1.26802609201037,0
True,1.89272118164242,0
True,1.99176284863483,0
True,2.32759842459456,0
True,0.908818615268824,0
True,1.11929123360393,0
True,1.6678852436176,0
True,0.989575845832343,0
True,2.64674959868465,0
True,2.4837662678397,0
True,3.64733599950285,0
True,2.60544050811986,0
True,1.21308949541513,0
True,2.50638376417997,0
True,2.21333654894232,0
True,1.40709456799873,0
True,3.5951775929793,0
True,2.235924783129,0
True,1.62903206877975,0
True,1.53062388884434,0
True,1.19307867414342,0
True,2.65799691991111,0
True,1.54033080642535,0
True,1.45670298232334,0
True,1.51741164029544,0
True,1.84103944949619,0
True,2.87761248848336,0
True,2.05546221689087,0
True,1.93391686594583,0
True,2.09548717772332,0
True,2.30719716274566,0
True,1.37208947389376,0
True,3.00372253486942,0
True,2.66735915125981,0
True,1.27660478195729,0
True,2.04070006219301,0
True,1.2394955432949,0
True,1.7346681993196,0
True,3.43667986626206,0
True,1.93837250806087,0
True,0.77429554191124,0
True,1.42754163787075,0
True,2.55402213711679,0
True,1.41617700084206,0
True,1.67822977320035,0
True,1.03686298176515,0
True,1.6605846302905,0
True,1.84395790721221,0
True,1.29360561195127,0
False,0,0.000109460685861053
True,1.99451827594668,0
True,2.69063335391256,0
True,1.58674122994854,0
True,1.66277982851998,0
True,1.28119075740041,0
True,2.62857354082015,0
True,1.02582588651931,0
True,2.98771030733677,0
True,1.03754273040537,0
True,2.10790016054143,0
True,1.78216665417715,0
True,2.33270785814417,0
True,3.14854680415633,0
True,2.05116399892816,0
True,0.686123669300004,0
True,1.14760536966485,0
True,2.05339248843768,0
True,2.44005790103766,0
True,2.67121313238038,0
True,2.05307445619915,0
True,1.19486210120265,0
True,2.96165977524377,0
True,3.37870386209738,0
True,1.6141847996126,0
True,0.988730848284284,0
True,0.615476096150371,0
True,2.25720738155839,0
True,2.35759523521284,0
True,2.28912513918248,0
True,1.74904873843646,0
True,1.08549470989308,0
True,1.73141762584574,0
True,1.79758331207199,0
True,1.7154839602008,0
True,1.12001063513344,0
True,1.05448246652782,0
True,1.66027920502001,0
True,1.88116078148166,0
True,2.38752200167279,0
True,3.60426347543916,0
True,2.64606623726304,0
True,1.7686789307675,0
True,1.79767248248128,0
True,1.61519372280722,0
True,2.11627369298802,0
True,2.79673470582113,0
True,1.29208824167715,0
True,2.60303451678767,0
True,1.72814393409807,0
True,1.53063548770086,0
True,1.28268235420407,0
True,1.66941877357279,0
True,1.79523999748783,0
True,1.28566071632499,0
True,0.85579694733215,0
True,1.70819091101882,0
True,1.4697634994704,0
True,1.78033486007013,0
True,3.03119373079616,0
True,1.07566979108984,0
True,1.44439117447309,0
True,0.801225194689884,0
True,1.49004738970681,0
True,2.37288596165051,0
True,4.40331169509374,0
True,0.835564512101361,0
True,2.81321975513872,0
True,2.8206396552363,0
True,2.01126822842877,0
True,3.13893815416694,0
True,2.88309103122711,0
True,1.52552617465982,0
True,2.54104992837462,0
True,0.880871651288727,0
True,3.90958124864464,0
True,2.59412343017386,0
True,0.741953770780641,0
True,1.02069780906579,0
True,1.64639838251135,0
True,2.81792349507557,0
True,2.3209846471243,0
True,2.85253732334615,0
True,3.06338673799703,0
True,3.52743491009771,0
True,1.49451793695577,0
True,1.02738293835045,0
True,1.64682377935422,0
True,0.87383252178132,0
True,1.5805105418531,0
True,0.955464589380633,0
True,1.35605706273765,0
True,1.00410882949452,0
True,1.00287752629757,0
True,2.73443276879958,0
True,3.90489427146662,0
True,2.1298021475694,0
True,2.01254829965363,0
True,2.72017265577123,0
True,1.19741503937014,0
True,0.826111501632142,0
True,3.76666106836922,0
True,0.844025057264975,0
True,2.0566054097444,0
True,1.59617284648008,0
True,3.82427720632497,0
True,2.05248118144446,0
True,1.47920326004114,0
True,2.09128922725058,0
True,2.88196735920325,0
True,2.64362548204897,0
True,1.50057020072123,0
True,2.15010914222968,0
True,1.42743183104408,0
True,3.65187119145203,0
True,3.11370916286679,0
True,1.31713880234478,0
True,1.63317955951958,0
True,1.01541245266412,0
True,1.93607928538304,0
True,2.88805303577593,0
True,3.06557095422978,0
True,2.66320332864172,0
True,0.952155154744399,0
True,1.58868935663824,0
True,2.73038914938339,0
True,1.98742938907439,0
True,1.36525400982124,0
True,1.66501975695741,0
True,1.86371906670347,0
True,1.99735066917324,0
True,1.4702744398591,0
True,1.62110949798846,0
True,2.05584647761146,0
True,1.00537080487274,0
True,3.15372634478921,0
True,1.59938863745662,0
True,0.612552532657545,0
True,3.38216412225542,0
True,3.70885866988515,0
True,1.08235956879305,0
True,2.41230028648772,0
True,1.84049496865733,0
True,1.47253653119805,0
True,2.15970713438723,0
True,2.97944059290898,0
True,1.78806771510562,0
True,2.10192054473898,0
True,2.21492128306638,0
True,2.32783717087124,0
True,1.88397979489516,0
True,2.51256831445121,0
True,1.13240883837441,0
True,2.15340026348537,0
True,2.32862549138324,0
True,1.01774372178816,0
True,1.14825011007804,0
True,2.06678673056697,0
True,1.6798065715386,0
True,1.44465464857494,0
True,1.0238425476706,0
True,1.62015478317216,0
True,2.29395203562658,0
True,2.43206608909669,0
True,1.18305862891776,0
True,3.2874325727012,0
True,3.63574424976071,0
True,3.48584655334562,0
True,2.14959750128231,0
True,1.24830061914847,0
True,2.98247362898589,0
True,1.63423055047434,0
True,1.39618917667272,0
True,1.67876483915094,0
True,3.73651495890148,0
True,3.81042352050362,0
True,2.98432368277824,0
True,1.55833727870202,0
True,2.45851454379589,0
True,3.62587270287095,0
True,1.24851558101618,0
True,4.06891784854137,0
True,1.2109479138179,0
True,3.24562485395923,0
True,1.1901298755403,0
True,2.10846903146553,0
True,1.52852775218102,0
True,1.20637337548124,0
True,1.78068830386172,0
True,1.36585450640016,0
True,2.21088999573118,0
True,1.73045202999129,0
True,1.5800787764859,0
True,1.23094400636119,0
True,1.07719530360351,0
True,1.74230686878418,0
True,3.10044456757068,0
True,2.11982768266119,0
True,1.47573232577908,0
True,2.88686578409397,0
True,4.11379326527833,0
True,2.45700844712629,0
True,1.38298860050412,0
True,1.2142387791724,0
True,2.78343404927358,0
True,1.29389125088043,0
True,1.48583945662536,0
True,2.22572968971785,0
True,2.06719076967107,0
True,3.91129115857983,0
True,1.87579521501883,0
True,2.80697491646111,0
True,2.04972446220669,0
True,1.388270927017,0
True,1.2603539209109,0
True,3.20884310745033,0
True,1.3022133707682,0
True,1.56530934578462,0
True,1.15928439888217,0
True,1.18546396811909,0
True,1.95772468930392,0
True,1.61308133928568,0
True,2.37816615751393,0
True,1.19482323958864,0
True,1.58112457057184,0
True,3.35537531988063,0
True,2.07289156315949,0
True,3.15759228896807,0
True,3.47739521979626,0
True,0.889612644905203,0
True,1.29220941243428,0
True,1.35452456517429,0
True,0.826618140383021,0
True,1.13332180407752,0
True,2.17565256100213,0
True,1.38906458714438,0
True,1.01378174889694,0
True,1.67068001213599,0
True,1.10816011394926,0
True,2.31502706429508,0
True,2.6206104282071,0
True,1.59809451187688,0
True,1.77681309434335,0
True,1.48142271216005,0
True,3.66198521246997,0
True,0.636026057595644,0
True,1.1751140174323,0
True,2.12105588560305,0
True,2.92633609747052,0
True,1.99002229256742,0
True,1.16958639241268,0
True,0.831097374806263,0
True,1.10655807155383,0
True,2.78960539462186,0
True,2.34738068684126,0
True,1.48057791907387,0
True,0.621022815992591,0
True,1.82733965849188,0
True,1.71691616393009,0
True,1.60585733227096,0
True,2.49777882177748,0
True,3.07128868308366,0
True,1.22696790630432,0
True,2.49051448951745,0
True,1.63512782565841,0
True,1.38149231186402,0
True,1.77525664848451,0
True,1.52470176568867,0
True,3.83034452853176,0
True,1.01951512156182,0
True,0.994683876207517,0
True,1.92040246103891,0
True,0.902692953872221,0
True,2.21318703514057,0
True,1.27272091849524,0
True,3.74313920000047,0
True,2.18964091522707,0
True,2.09116532673384,0
True,2.00477123990165,0
True,2.06101520963955,0
True,2.46130151457569,0
True,2.1134413669153,0
True,2.38380306218934,0
True,3.39497744602802,0
True,1.56336665581325,0
True,1.47739467159604,0
True,1.0685903933681,0
True,0.974812370073106,0
True,1.71889927160292,0
True,1.97115972098592,0
True,3.03252680219404,0
True,2.5390349530021,0
True,2.9164995162864,0
True,2.04217283054235,0
True,1.14294619597182,0
True,1.23550188278423,0
True,0.363714113821893,0
True,1.21080502571495,0
True,1.23957774067332,0
True,2.13893598658578,0
True,1.27346310318518,0
True,1.03713334484376,0
True,3.15752746497463,0
True,2.27893444262851,0
True,0.768381841934438,0
True,2.53715986788393,0
True,2.1331470078943,0
True,1.97156277704961,0
True,3.54092687829833,0
True,1.7195482356127,0
True,3.3007327285014,0
True,3.18179700998259,0
True,2.06424503498009,0
True,3.75770436085492,0
True,1.55300695364449,0
True,2.10023219524971,0
True,1.36524293273467,0
True,1.16897312730276,0
True,1.39879704278848,0
True,1.78683468482479,0
True,2.72052374089978,0
True,2.94436481870932,0
True,1.85334442023881,0
True,2.54151240777017,0
True,3.47599149702089,0
True,1.18171631912485,0
True,1.4852066736565,0
True,1.25758935819095,0
True,0.895184177172234,0
True,0.636810666757981,0
True,1.03298671274355,0
True,4.406610440227,0
False,0,0.000115295041055694
True,2.17562026710069,0
True,2.27926637466836,0
True,1.52539141226012,0
True,0.631540992865466,0
True,2.95550799010708,0
True,2.99139076928303,0
True,3.16082056062872,0
True,1.75205951916079,0
True,3.01400367899874,0
True,3.91206984652519,0
True,1.3161389002177,0
True,1.1821967707808,0
True,3.13105421629869,0
True,1.5598441628338,0
True,2.0478145133133,0
True,2.03865408834311,0
True,1.20544018966717,0
True,1.9389027464098,0
True,1.74241933179494,0
True,1.09785710096673,0
True,1.6075505740271,0
True,0.949836544154672,0
True,2.49670458991375,0
True,2.22090278581021,0
True,1.36109574168607,0
True,1.43232770792816,0
True,1.44366841721468,0
True,1.12133076986837,0
True,3.95206584060335,0
True,0.766469648202439,0
True,1.79054487107588,0
True,1.81250649711562,0
True,1.04869046515595,0
True,3.57471812195784,0
True,2.51916381880026,0
True,3.5398100335338,0
True,2.46876666957497,0
True,1.14993436601751,0
True,1.71714379912918,0
True,2.54274485957656,0
True,2.2119518438073,0
True,3.39941768504628,0
True,2.88331553299301,0
True,1.67724289266523,0
True,1.29774336678519,0
True,3.67457301148528,0
True,2.61181755595964,0
True,1.37925311177104,0
True,3.40734874704169,0
True,1.65115375881887,0
True,2.3097320533203,0
True,3.27646617599893,0
True,1.33617722038477,0
True,4.57596313575858,0
True,2.27104054461136,0
True,2.99892939645556,0
True,2.24586638597628,0
True,1.58038079908229,0
True,1.58822059583922,0
True,2.04898285690083,0
True,1.67612044995409,0
True,1.07823545599324,0
True,3.26028316086044,0
True,0.986617086997273,0
True,0.812939889634428,0
True,3.85565592159447,0
True,1.77887604987514,0
True,2.56319249234283,0
True,1.29653248216032,0
True,1.3971378194642,0
True,3.03815763267349,0
True,1.81578189971509,0
True,2.36817685594467,0
True,1.87237878384169,0
True,0.825730409776347,0
True,2.2852754894641,0
True,3.52485499409159,0
True,1.71258054752832,0
True,2.07458559128585,0
True,2.79600570476644,0
True,1.68142220546789,0
True,1.31602848327808,0
True,3.44157007238186,0
True,2.3830026624591,0
True,1.67611537219282,0
True,2.66726685762224,0
True,1.34769713593778,0
True,3.09320373502318,0
True,1.73493677334152,0
True,1.9218770209702,0
True,2.7943491210493,0
True,3.06330340643678,0
True,2.08841512000219,0
True,2.72113772625216,0
True,2.07827259618576,0
True,1.4075247226523,0
True,3.08338981445994,0
True,4.37573351674955,0
True,3.71838725127342,0
True,1.78929083621912,0
True,2.4279463720422,0
True,2.7679265837674,0
True,2.58919817436396,0
True,1.78695127305489,0
True,1.5800398948107,0
True,1.9570048298664,0
True,1.50298777089168,0
True,1.48684652514345,0
True,4.34861110126328,0
True,2.8596804338155,0
True,1.73798595122835,0
True,1.53520503675738,0
True,1.4302339825267,0
True,1.55781165905062,0
True,3.71201803648892,0
True,2.53757667692938,0
True,1.45336844998494,0
True,1.46656769280987,0
True,1.87935026316196,0
True,3.55605443042584,0
True,1.12378288995488,0
True,1.83701708475459,0
True,1.96772497733844,0
True,0.918065016179801,0
True,1.14685332774092,0
True,2.91917694556307,0
True,1.68276217709606,0
True,2.80655676894814,0
True,1.29473208000671,0
True,1.38554869006051,0
True,1.78917626073655,0
True,1.59556650116561,0
True,1.10606432572009,0
True,2.12777664813732,0
True,1.35904703456861,0
True,1.90936199585685,0
True,2.03345309424092,0
True,0.930374863399115,0
True,1.08235408809127,0
True,1.66003783292406,0
True,3.62336676794844,0
True,2.94890398083118,0
True,1.2765870910506,0
True,3.25534119833443,0
True,1.50714334274713,0
True,0.956116444728547,0
True,3.58126418406431,0
True,2.10066106515998,0
True,2.15084211427453,0
True,1.9048729248179,0
True,1.45324964768017,0
True,0.828093933696696,0
True,1.3704620762358,0
True,1.04436742911996,0
True,0.867235656547293,0
True,2.26705395073754,0
True,3.73639322999026,0
True,4.35154708065484,0
True,2.06708358959464,0
True,2.72586257370066,0
True,3.32709749032081,0
True,1.65102258512681,0
True,0.90064085354776,0
True,1.0703043619744,0
True,1.32952134163282,0
True,1.31699576189878,0
True,1.28849886903503,0
True,2.37126298722369,0
True,2.69250363249843,0
True,1.39935902406896,0
True,2.02012228431024,0
True,1.01665773834399,0
True,1.95174522457424,0
True,1.11469306804407,0
True,0.910742831212893,0
True,1.46203916733531,0
True,2.75106170301954,0
True,1.14308452348008,0
True,1.60182802055039,0
True,0.822951220120499,0
True,2.3647613018187,0
True,2.40527181760757,0
True,1.41144058768115,0
True,1.77577628779931,0
True,1.80548797164383,0
True,1.30055618876814,0
True,1.78818660513195,0
True,2.42221745713992,0
True,1.98390694228821,0
True,2.73530284351655,0
True,1.63687983797328,0
True,1.81914900165762,0
True,3.72380716557217,0
True,3.39067284357996,0
True,1.15626901081529,0
True,3.87568100468901,0
True,2.76753194140915,0
True,3.89161937779341,0
True,3.72071008904338,0
True,1.56742947204684,0
True,1.12455831487552,0
True,0.979853871091446,0
True,1.95489453133716,0
True,2.2044953552207,0
True,2.27200162235615,0
True,1.47415376339219,0
True,3.57303415392086,0
True,1.36910054110501,0
True,3.17061585735118,0
True,2.74196078449874,0
True,1.9061151352583,0
True,3.79565947249569,0
True,1.92078330363953,0
True,2.05582154099793,0
True,0.928062192623383,0
True,2.27577037620874,0
True,2.12185847783975,0
True,1.71138283362388,0
True,1.17339015865405,0
True,1.79509072487184,0
True,1.40000555614409,0
True,2.95539509782666,0
True,1.35855676251761,0
True,0.845011338250824,0
True,2.42363124761147,0
True,2.11017625601117,0
True,1.04842258323758,0
True,1.44774221107275,0
True,3.50073840127394,0
True,3.33985570204428,0
True,1.90582797838372,0
True,2.38250890901543,0
True,2.21628513398277,0
True,1.92930677918306,0
True,1.81368380840206,0
True,1.44946069080653,0
True,3.75596208341332,0
True,2.77578190223997,0
True,1.16131362638482,0
True,2.94982054346609,0
True,3.02640104287996,0
True,1.3824520718668,0
True,1.69192852033009,0
True,1.73216768446223,0
True,3.74695022496836,0
True,2.67213215372479,0
True,2.81883370053325,0
True,2.16671411079095,0
True,2.57728187577481,0
True,1.97209485041987,0
True,2.52890193690099,0
True,1.63198464815029,0
True,2.75200466908736,0
True,3.76860806225031,0
True,1.72673913344367,0
True,3.08876262062,0
True,2.87831682469489,0
True,1.45017751656623,0
True,1.97974322927957,0
True,3.69098013647785,0
True,1.98896064771001,0
True,2.59181734350955,0
True,2.36325397965466,0
True,2.43166937448973,0
True,1.61558829733895,0
True,1.64873545723006,0
True,1.88165978479659,0
True,2.69836926625562,0
True,1.23998198121302,0
True,1.94673604988444,0
True,2.09774747164233,0
True,0.80285810050608,0
True,1.31524181882341,0
True,1.47361792028522,0
True,4.38726377407696,0
True,3.50729646691047,0
True,1.25678143767611,0
True,4.34963632530035,0
True,1.25969783974271,0
True,2.61213061438021,0
True,1.20705527852351,0
True,1.47451721251417,0
True,1.48538043386918,0
True,1.94096109873711,0
True,0.744291473837101,0
True,3.50724116551649,0
True,3.43643359795948,0
True,1.17814684463544,0
True,1.5648078529884,0
True,1.42269689248087,0
True,2.10091716980767,0
True,3.86313710187112,0
True,1.48858356291502,0
True,1.40420712334265,0
True,0.904535554546707,0
True,1.99720933586288,0
True,1.21723725876235,0
True,2.22532789708638,0
True,2.81645762693507,0
True,2.16459115509876,0
True,2.88246312872681,0
True,1.53511172407147,0
True,1.35851913002288,0
True,2.07877032149753,0
True,3.81005468822483,0
True,0.974360055018303,0
True,0.999516717589543,0
True,1.76482052526412,0
True,3.07628177533702,0
True,1.3229773798017,0
True,1.31657898040983,0
True,2.88689924812368,0
True,2.34588388468168,0
True,2.57696566222905,0
True,2.71776559443258,0
True,1.7953548098239,0
True,1.86368319662386,0
True,2.34352618693681,0
True,4.18176727108829,0
True,3.69134722657282,0
True,1.92301757983057,0
True,2.48832600820497,0
True,1.66645909173425,0
True,1.29588548385139,0
True,1.41302967157916,0
True,2.66108719156251,0
True,3.00519090541692,0
True,3.35442656072905,0
True,1.67786263073629,0
True,2.59221640843859,0
True,2.49576008253813,0
True,3.77386453079661,0
True,1.19940493570366,0
True,3.69597095419291,0
True,3.76015901352923,0
True,2.72763311374817,0
True,1.80678146914276,0
True,1.45202281632067,0
True,4.51379875234594,0
True,0.62434523129623,0
True,2.36579665410985,0
True,1.33100836359044,0
True,1.28063098208276,0
True,1.79897317924929,0
True,1.78081842027523,0
True,3.07430748113092,0
True,1.25281209149718,0
True,4.18245912467126,0
True,2.63652506438726,0
True,1.82732743858513,0
True,1.50227129544915,0
True,1.8104469405457,0
True,2.95826640862106,0
True,0.988666755853162,0
True,1.76279957887827,0
True,1.75258428496239,0
True,1.38096977378923,0
True,3.63167478727743,0
True,1.59169715157613,0
True,2.97835386011317,0
True,1.47797509544413,0
True,3.44996440022475,0
True,1.4468680990649,0
True,1.91546570569635,0
True,1.27991122636675,0
True,3.40181541652516,0
True,1.10070032769179,0
True,2.33291553285459,0
True,1.34672982938985,0
True,1.73493313288878,0
True,2.3456314395238,0
True,2.24545668752935,0
True,1.24489842710372,0
True,1.20655276594303,0
True,0.631818422531035,0
True,2.05064013352159,0
True,2.36855824999958,0
True,1.05520601986328,0
True,0.969492647111116,0
True,1.39980385963351,0
True,1.68879903271376,0
True,1.09950744112238,0
True,0.969157217833678,0
True,2.11092435442939,0
True,2.2027733094345,0
True,1.94442492798322,0
True,2.36312668107625,0
True,2.23028707127341,0
True,1.65195849836529,0
True,2.2201380970406,0
True,1.46218076915758,0
True,2.39266042523368,0
True,2.80712784170165,0
True,1.20882724513459,0
True,1.15257861457348,0
True,2.13426103867525,0
True,2.04458330763064,0
True,2.18040331516346,0
True,3.51428774706798,0
True,1.43614820940175,0
True,1.41066501196537,0
True,0.822621890975371,0
True,1.40800376769789,0
True,2.6713062341197,0
True,1.83028806875978,0
True,2.50839760119836,0
True,1.26184919098822,0
True,2.53267996660194,0
True,1.57047994673543,0
True,3.00739839486931,0
True,2.41492252147538,0
True,1.38853737246686,0
True,1.02178376945391,0
True,2.80113053550115,0
True,0.755105374380717,0
True,2.39901774637097,0
True,2.27069316687144,0
True,2.1817630183184,0
True,2.35796781062433,0
True,1.10866927091878,0
True,2.8758917278842,0
True,3.33953105143746,0
True,1.40162193522777,0
True,1.54656973560943,0
True,1.68940561562953,0
True,1.66790748722701,0
True,1.47711457718697,0
True,1.12603478294883,0
True,1.38943209350936,0
True,1.07360539655682,0
True,1.16296524630369,0
True,2.12661580675066,0
True,2.04321793234055,0
True,2.03383493769994,0
True,2.47287762209209,0
True,3.49277256207766,0
True,2.98997552198231,0
True,2.11116060083451,0
True,2.04459190205939,0
True,2.41862998899891,0
True,1.72777776229596,0
True,1.70293802370672,0
True,2.1999123852715,0
True,0.934720181223955,0
True,1.87021343128682,0
True,0.948816955746437,0
True,1.05094098374659,0
True,2.6224014277672,0
True,1.33199109596703,0
True,1.44235840081889,0
True,0.876230447865035,0
True,1.36086081419852,0
True,2.77482654889968,0
True,2.85977638174249,0
True,2.27723128443512,0
True,2.14004593420473,0
True,3.08303832831662,0
True,1.70265477672609,0
True,1.33982335808397,0
True,2.07617441327511,0
True,1.60393140173215,0
True,1.07213035147086,0
True,1.07103533680621,0
True,2.76935682649229,0
True,1.37435258415192,0
True,1.46936930161232,0
True,1.30933687185394,0
True,1.48577752435212,0
True,0.695593542224864,0
True,2.6123474153847,0
True,2.11714190487244,0
True,1.92558812195321,0
True,2.28310169443272,0
True,3.54758652376933,0
True,2.76211123489726,0
True,1.39392980050158,0
True,0.98901701520305,0
True,0.768414794170905,0
True,2.01640429634216,0
True,1.03649024992774,0
True,3.11306295319719,0
True,0.687894075628726,0
True,3.09447548416799,0
True,1.69512692977125,0
True,1.5193093259795,0
True,3.22347543391384,0
True,1.22865208330667,0
True,3.29207468819371,0
True,1.20731879994102,0
True,0.776509374582545,0
True,1.20618188055065,0
True,2.92512280026616,0
True,2.00107802357918,0
True,1.24189012034043,0
True,1.42826048400687,0
True,1.8707051362481,0
True,1.87115647325398,0
True,0.952642125464191,0
True,1.06208667557795,0
True,2.73286310814123,0
True,1.28975729671821,0
True,1.4771273503638,0
True,1.59205031908583,0
True,1.47797385614954,0
True,0.971298148699689,0
True,1.11430648100296,0
True,3.76325438479405,0
True,2.07222959647334,0
True,0.840914472172118,0
True,0.798794657057972,0
True,2.35703278160595,0
True,2.69750914717176,0
True,2.22676077417347,0
True,4.00166643572328,0
True,1.9279597940131,0
True,1.42912006038297,0
True,2.95750046874052,0
True,2.64920612094319,0
True,1.27239712579503,0
True,0.878172759564032,0
True,1.02314454326586,0
True,2.14828744180711,0
True,1.42944377498491,0
True,2.38634531590187,0
True,2.07463830246856,0
True,1.86842289160057,0
True,1.67956166555278,0
True,2.20800384030164,0
True,1.57946971437967,0
True,3.45270695173934,0
True,2.22147316571681,0
True,0.898459848963604,0
True,3.73306533755062,0
True,2.11769478614063,0
True,1.61679865625868,0
True,1.01137075626598,0
True,1.23030369358709,0
True,1.32274681648761,0
True,0.988963301523555,0
True,1.71772666001431,0
True,1.32079785881992,0
True,1.07716859268528,0
True,1.70358591699721,0
True,1.87786173260618,0
True,1.95226407433471,0
True,2.21697284474222,0
True,2.77170624713322,0
True,1.50332070503585,0
True,1.60844742866213,0
True,3.75236320686006,0
True,0.901260930992,0
True,2.66190141027805,0
True,2.3356734960021,0
True,1.7263898476061,0
True,1.57062285600938,0
True,2.13505614278691,0
True,3.49855847291808,0
True,3.70857745833953,0
True,1.67795999526493,0
True,2.58055787034047,0
True,2.16378824421827,0
True,1.04281075537314,0
True,1.98549340763609,0
True,2.84177166851338,0
True,1.71992486404323,0
True,1.80821213408564,0
True,1.28310759604086,0
True,1.62953322738695,0
True,1.50602584575387,0
True,2.01426062425772,0
True,0.92051502460445,0
True,1.7569654855514,0
True,0.654064000002386,0
True,2.03700002588202,0
True,1.83777724323495,0
True,4.43741882711012,0
True,3.63169537465693,0
True,1.22155581718077,0
True,2.4841538043624,0
True,0.669707172535136,0
True,4.34335700478269,0
True,1.21117116694671,0
True,1.3041561389739,0
True,1.18838006551391,0
True,2.73295004044946,0
True,1.95976014260906,0
True,0.880649492570259,0
True,1.18679467152652,0
True,2.32080788630222,0
True,2.14801635605641,0
True,1.58045992039515,0
True,1.65578385401376,0
True,1.6658892853426,0
True,2.51638527998805,0
True,3.30979030240804,0
True,2.68897900198442,0
True,2.88466503453968,0
True,1.58458480554336,0
True,3.42062863783344,0
True,2.0167041645193,0
True,1.46298363111051,0
True,2.2131647672533,0
True,2.22746020910223,0
True,2.14817850340186,0
True,2.82694123474464,0
True,2.17121757195057,0
True,0.76344098271171,0
True,1.98221907121121,0
True,1.23368084866008,0
True,2.18450662314032,0
True,0.845053694148598,0
True,1.18580325417188,0
True,2.06348512792371,0
True,1.80756348672915,0
True,1.81170042906081,0
True,1.2479741627866,0
True,1.37396771250787,0
True,4.20590446546934,0
True,3.11356473654912,0
True,1.8708705132127,0
True,1.36939375166188,0
True,2.8617371015616,0
True,3.81550343042853,0
True,3.22053106474217,0
True,1.09602256934307,0
True,1.35107499717614,0
True,2.49970114504754,0
True,0.809799010692066,0
True,0.818510231261472,0
True,0.718781912620902,0
True,1.52294728855701,0
True,2.05896872213678,0
True,1.25183909458305,0
True,0.566826338412993,0
True,2.1104707493195,0
True,1.48134191997774,0
True,3.02696670199169,0
True,2.80102401992929,0
True,1.13149081979066,0
True,0.966468977346465,0
True,1.65096840236251,0
True,2.61040344634396,0
True,2.44537154169536,0
True,1.65366081475242,0
True,2.29114776643541,0
True,1.5119883100124,0
True,3.24078434771199,0
True,1.63365697648032,0
True,1.73553419577783,0
True,2.04581905532103,0
True,1.36122049457637,0
True,0.957511020191931,0
True,1.92115229052502,0
True,1.59088498194419,0
True,1.39377027764604,0
True,3.41478517561319,0
True,1.19656277289115,0
True,1.64858883382873,0
True,3.06858787567182,0
True,1.97010168309621,0
True,2.72024161053023,0
True,1.30158382119198,0
True,1.80094870267541,0
True,2.13848425037163,0
True,2.3922449503324,0
True,3.24523736732068,0
True,1.68526778813477,0
True,1.92584938502222,0
True,1.76998094219908,0
True,0.850027575207719,0
True,1.77446180567852,0
True,2.08223571272695,0
True,2.81708038889163,0
True,2.44948114879375,0
True,3.56405239360881,0
True,1.04504940797625,0
True,1.28087363150523,0
True,1.88647658420061,0
True,1.37111727399495,0
True,3.75912729395326,0
True,1.19748020584671,0
True,3.0310065572686,0
True,1.82246593522811,0
True,0.895406628351949,0
True,3.03149423818047,0
True,1.61178951795222,0
True,2.09083919101858,0
True,1.88544504747491,0
True,1.17548182077652,0
True,1.36548647832519,0
True,0.718684540432034,0
True,3.89470786367306,0
True,3.87891037015143,0
True,1.8314325544636,0
True,1.23401671498407,0
True,1.65686032841858,0
True,1.2551082392233,0
True,0.851713422411043,0
False,0,0.000121113787719485
True,2.56179030366316,0
True,2.34400781810792,0
True,2.56778214088023,0
True,1.85656195548898,0
True,1.80203752179857,0
True,1.27234348534349,0
True,2.37297825838929,0
True,1.10029283934399,0
True,1.9285201987577,0
True,2.84305202035277,0
True,1.72413787471529,0
True,2.35040195909146,0
True,0.943897784194119,0
True,1.24728187008997,0
True,2.95400468307825,0
True,3.36145272631379,0
True,1.55670641248918,0
True,1.20156226211436,0
True,1.94178008827543,0
True,1.94867716115216,0
True,1.407356275376,0
True,2.2730861707677,0
True,1.04758365371994,0
True,0.765055103175304,0
True,1.80075605670705,0
True,1.3235942126945,0
True,0.626013688230104,0
True,1.76762742069994,0
True,2.9689105198904,0
True,2.32802518573443,0
True,1.55951167938128,0
True,1.26186153531872,0
True,3.82369897156172,0
True,1.91949426014269,0
True,3.46078111713692,0
True,1.92504233821338,0
True,1.45198709084206,0
True,3.06482650533719,0
True,3.27416312442541,0
True,3.20915045816304,0
True,2.07250755813892,0
True,1.42283652128159,0
True,1.91892961334471,0
True,1.48681563995865,0
True,1.69427105683166,0
True,1.51703590592639,0
True,2.49875995820503,0
True,1.77140908017384,0
True,3.02843692810158,0
True,2.26347040828383,0
True,1.61321087020675,0
True,2.50216539344633,0
True,1.06739176039201,0
True,2.27014755852111,0
True,2.53042228713173,0
True,1.927650291314,0
True,1.42849124241969,0
True,1.33653629590764,0
True,3.78802687131241,0
True,1.85479675536508,0
True,1.28785032106022,0
True,1.90821210676084,0
True,1.5409795700902,0
True,1.88916222007686,0
True,3.51687962212318,0
True,2.27217373695333,0
True,1.01275157785592,0
True,0.791938021889346,0
True,1.07438319787746,0
True,0.907309688997191,0
True,1.62144878593091,0
True,1.91173183395677,0
True,2.94618433443692,0
True,1.2892896035409,0
True,2.79014962828011,0
True,1.42521752507792,0
True,2.69730820085934,0
True,1.72753763061583,0
True,0.936059928689616,0
True,1.97654368866088,0
True,2.0880366878455,0
True,2.14656876855939,0
True,1.1894119636247,0
True,2.94698499330831,0
True,1.22067859712491,0
True,1.18165610228146,0
True,2.82317233412965,0
True,3.0747036549197,0
True,1.9871250457486,0
True,1.29147985588739,0
True,0.373172378955579,0
True,1.91623083857257,0
True,1.40464375945488,0
True,2.05669856009434,0
True,0.762070597503207,0
True,1.11164769667128,0
True,1.73428474618156,0
True,0.836066831815299,0
True,1.58601275885934,0
True,1.24155909353555,0
True,1.05830322820291,0
True,2.84646239371164,0
True,1.63388041986454,0
True,0.85816647809708,0
True,3.41861569340154,0
True,2.20310288963842,0
True,1.38843435609753,0
True,1.41541416674651,0
True,1.01843292436906,0
True,1.76589159827871,0
True,1.12855849553771,0
True,0.713501452607834,0
True,1.26471815827645,0
True,2.60297937158735,0
True,1.44855124674752,0
True,1.59444563522672,0
True,1.69173941538991,0
True,0.95911100332129,0
True,2.86988707109547,0
True,3.09459490823766,0
True,2.31974102273158,0
True,2.6088983455098,0
True,1.39720115970125,0
True,1.27746074029507,0
True,1.34756071888106,0
True,1.50404363020614,0
True,1.95574923318047,0
True,1.49361022312583,0
True,1.70456982344631,0
True,2.48732051749228,0
True,2.20623321062941,0
True,2.58808490510072,0
True,3.46497795934987,0
True,2.27446504833028,0
True,2.37744866096718,0
True,2.57311965330112,0
True,1.63741887102288,0
True,3.6817926704202,0
True,1.93408221631559,0
True,1.81501088048396,0
True,1.32747491290354,0
True,1.25946318511855,0
True,0.966006387656627,0
True,2.04394987452334,0
True,2.46601761015235,0
True,1.87081407704786,0
True,0.850107219404379,0
True,2.87332528657871,0
True,2.16529277474938,0
True,2.85598994594803,0
True,1.03681052783435,0
True,1.26039938137389,0
True,1.63584147810475,0
True,2.84063119094789,0
True,2.2109148022286,0
True,1.78119622743629,0
True,1.81928247629954,0
True,0.904368229025441,0
True,1.32723557295693,0
True,0.848312051817504,0
True,1.4084676201607,0
True,1.82558823946967,0
True,0.693799568600906,0
True,2.29225507374352,0
True,1.22348102173361,0
True,1.46179287733374,0
True,1.76489925835638,0
True,1.93490091134838,0
True,3.71589707405609,0
True,3.08663227992655,0
True,1.36380620620744,0
True,4.11051310919221,0
True,1.29301277921769,0
True,1.52706386973559,0
True,1.74259162764235,0
True,1.52365005193624,0
True,1.51046307624811,0
True,1.70959417380438,0
True,1.23871788742302,0
True,0.877290688602179,0
True,1.07285797303429,0
True,1.70007728807736,0
True,1.78565760189957,0
True,2.23206103772863,0
True,1.67216030685275,0
True,3.53052202648226,0
True,1.70892831216694,0
True,1.17207909242444,0
True,1.37610104503535,0
True,1.93445102660471,0
True,1.59728994057966,0
True,2.42087152202981,0
True,1.29698691140594,0
True,1.86177495016122,0
True,1.85485571766996,0
True,1.06223658972276,0
True,2.26098974239828,0
True,0.845854837845821,0
True,1.76924501410179,0
True,1.62505854833743,0
True,2.10029699406315,0
True,2.61668889863771,0
True,1.81814145095997,0
True,3.07808661276943,0
True,3.36524573178349,0
True,2.77570877541622,0
True,1.59229289143302,0
True,1.76467759146712,0
True,1.51746815792764,0
True,1.85247072710025,0
True,1.2239149243893,0
True,1.50642195420831,0
True,1.33601828144702,0
True,3.34073065897471,0
True,2.03725435318331,0
True,0.781355836113968,0
True,2.84815654094651,0
True,1.54617340773733,0
True,1.04269557228579,0
True,1.37491991636608,0
True,1.29843173428983,0
True,0.856655063661765,0
True,1.19582888771307,0
True,1.34499541957358,0
True,3.18289692109,0
True,4.20693346437707,0
True,2.64846116701261,0
True,2.56008262514669,0
True,1.67053785932633,0
True,0.835294462696142,0
True,1.08613876310143,0
True,1.20641513677932,0
True,3.68111441496887,0
True,1.37721960461024,0
True,1.88163335013998,0
True,2.47896116818027,0
True,1.72631345295667,0
True,1.53408691989277,0
True,2.92321749501073,0
True,1.15513351032828,0
True,1.78454046284523,0
True,1.05943375369932,0
True,1.02336263365363,0
True,1.37676428616107,0
True,1.13888098442216,0
True,0.76975702699785,0
True,1.57655548089056,0
True,2.11695424676292,0
True,1.11114975536427,0
True,1.7459343470338,0
True,3.57580762408564,0
True,2.64568763736634,0
True,2.55699623266305,0
True,1.69518789154441,0
True,1.36260783238344,0
True,0.974608489412763,0
True,2.2453937227177,0
True,2.65462596285586,0
True,1.0800854500166,0
True,1.33481184206441,0
True,2.22147720907031,0
True,2.26081650414914,0
True,0.500638973731148,0
True,2.13584289102118,0
True,1.59358541681784,0
True,2.5569562234684,0
True,3.96949523640827,0
True,1.30433904067784,0
True,2.87627124810168,0
True,1.64334979572931,0
True,1.86122632452219,0
True,2.45163980459935,0
True,1.6432231084316,0
True,1.25458034398711,0
True,2.30801474761408,0
True,1.73207200718249,0
True,1.35169395993151,0
True,0.993127174010956,0
True,0.719737679612779,0
True,2.83985303462361,0
True,0.772836260444467,0
True,1.13030625115401,0
True,0.598597334002922,0
True,1.69221926779855,0
True,1.38282869696335,0
True,2.88281750866644,0
True,1.80789685739231,0
True,1.95274310710285,0
True,2.10642761219041,0
True,3.34622651225804,0
True,2.34946344104435,0
True,2.40931418698044,0
True,3.20348617982551,0
True,2.46260697305145,0
True,1.32123188191123,0
True,0.965316818266832,0
True,1.253611580525,0
True,2.31938963640686,0
True,1.35910807629321,0
True,1.89327026203827,0
True,1.21523326206471,0
True,1.65256557637318,0
True,2.19180466232048,0
True,1.93650613649882,0
True,1.67254373484664,0
True,1.80215375043509,0
True,2.19780161809728,0
True,2.65825344779327,0
True,2.90103467275048,0
True,2.64752117724452,0
True,1.47732108209037,0
True,1.24764592033045,0
True,1.88387540686103,0
True,2.02515104587295,0
True,1.44215879634169,0
True,3.03952696263203,0
True,1.29693296140536,0
True,2.06314648577647,0
True,1.35020444106174,0
True,0.859323209421575,0
True,2.70358272036772,0
True,1.96614631504827,0
True,1.9892327470588,0
True,2.82993205796598,0
True,2.12118208569076,0
True,1.34531863467075,0
True,0.944756243401626,0
True,2.85487363053706,0
True,2.09768754532542,0
True,2.51904264593071,0
True,1.98762234818075,0
True,2.74082523315867,0
True,2.4883225283706,0
True,2.4595640307302,0
True,2.22998501242302,0
True,2.64826018189773,0
True,1.33355164843929,0
True,1.75924087192751,0
True,2.29879081428145,0
True,2.75475189917168,0
True,2.36772737615495,0
True,3.06261023756812,0
True,2.4798970123167,0
True,2.1841741802649,0
True,1.5535316488778,0
True,0.970365850562502,0
True,1.97307835594702,0
True,2.34598495396284,0
True,0.782203497597497,0
True,2.06909216190101,0
True,3.96276830199952,0
True,1.13209953392851,0
True,1.35875236082471,0
True,3.24572765050292,0
True,1.12633440716435,0
True,3.47888870056126,0
True,1.45388401391328,0
True,1.1363325738969,0
True,1.50661103629202,0
True,2.09014286948124,0
True,1.68010019822215,0
True,2.99118457405247,0
True,3.06593860080701,0
True,2.7163919191847,0
True,1.46585588494641,0
True,1.06758300543571,0
True,0.78495020469565,0
True,0.972752130432186,0
True,1.87305697484483,0
True,0.956424569537137,0
True,1.39910312915015,0
True,1.00826447856212,0
True,1.58761599622338,0
True,2.17120372122918,0
True,3.87779017515303,0
True,1.22479547300617,0
True,2.57775818854002,0
True,2.3758522918567,0
True,2.67344975075332,0
True,2.33317587004265,0
True,1.61948304937614,0
True,1.98538088115097,0
True,1.2250093006098,0
True,2.0559015172192,0
True,2.17340448419265,0
True,2.02056818819569,0
True,1.33904950207678,0
True,3.08143895085658,0
True,1.12141873777692,0
True,1.71812807045304,0
True,2.10733182419734,0
True,1.25893413748291,0
True,1.02384288742229,0
True,1.07220275931162,0
True,2.70760337000871,0
True,2.61775575368534,0
True,1.6444789196049,0
True,1.70361221062382,0
True,2.5016001060985,0
True,1.14395935954565,0
True,2.21180827330119,0
True,2.13541299516902,0
True,2.9082147557433,0
True,1.38549919666194,0
True,0.821512859935138,0
True,1.42839173185417,0
True,1.4476691085392,0
True,0.826002250782569,0
True,1.16370603128946,0
True,2.43253524259683,0
True,1.99463815176835,0
True,0.99526303451628,0
True,1.02320469548388,0
True,1.11019864011742,0
True,2.1312375006174,0
True,1.76994519465761,0
True,1.508215080141,0
True,3.14163229739439,0
True,3.75533846983544,0
True,1.25750444925982,0
True,2.11541827059976,0
True,1.36177198790128,0
True,1.80398182243215,0
True,0.992071018318623,0
True,1.70511083661658,0
True,0.709980518637059,0
True,4.16859567140601,0
True,2.95965329427204,0
True,1.04078419008473,0
True,2.79299591065984,0
True,1.48540528373511,0
True,1.4025100121744,0
True,1.21729893884873,0
True,1.51355997443466,0
True,0.954656172223493,0
True,0.83423345532166,0
True,3.66779847875535,0
True,1.61767786280564,0
True,1.71096559250648,0
True,2.08189114320031,0
True,2.61385244514655,0
True,2.16957562056405,0
True,2.50911002544264,0
True,0.978522333857529,0
True,1.1320019358519,0
True,2.37913694225264,0
True,1.14911478922437,0
True,2.26578828736423,0
True,2.14125475703506,0
True,1.24379073801201,0
True,2.76049991176019,0
True,2.27211321890466,0
True,1.48444283717095,0
True,1.01539236015107,0
True,3.06403461699583,0
True,2.25162135447067,0
True,1.77592962109085,0
True,1.64943150198091,0
True,2.52980720914623,0
True,0.952627337386667,0
True,2.00092547080366,0
True,3.89623926729361,0
True,2.54662085375752,0
True,1.1043436393702,0
True,2.02245784311041,0
True,2.78083320874892,0
True,2.97922914751046,0
True,3.10015564219243,0
True,1.868348340336,0
True,1.66552363865949,0
True,1.63544556113824,0
True,0.968983226081082,0
True,1.32921195539792,0
True,2.13260632274489,0
True,1.47698405823987,0
True,2.72614805224156,0
True,3.682172749518,0
True,2.03755012229896,0
True,0.720487450575621,0
True,1.51955057143808,0
True,2.91209537907541,0
True,2.14801499778469,0
True,1.66022046753711,0
True,1.41494916446917,0
True,1.30291729289485,0
True,1.80291631299034,0
True,1.22345363938433,0
True,2.6649756995895,0
True,1.78453708991443,0
True,2.67123473933183,0
True,1.70578681580174,0
True,1.85945567267864,0
True,2.41614065743457,0
True,1.36249645951492,0
True,2.19649828219615,0
True,1.63902078040641,0
True,2.47677959240654,0
True,2.24877657355968,0
True,1.86116954333134,0
True,1.17764014817699,0
True,1.04593507087988,0
True,1.70420718320623,0
True,1.05170691470807,0
True,2.8755144062468,0
True,1.33314029007964,0
True,1.8849635816905,0
True,1.63668424752416,0
True,2.35386008779275,0
True,3.21498249366937,0
True,2.99699098683233,0
True,2.67796611622923,0
True,2.06788266270142,0
True,0.617155616846895,0
True,1.20880482792894,0
True,0.634302666908413,0
True,3.49079619227333,0
True,2.64532096558553,0
True,1.38057843929337,0
True,1.17665357725091,0
True,0.971618910132645,0
True,1.60359310288925,0
True,1.23544652098022,0
True,1.63842695458617,0
True,1.18347198098113,0
True,0.694375077278641,0
True,2.02407702036053,0
True,1.97808020737638,0
True,2.60298878620674,0
True,2.74774205037148,0
True,2.15482585036724,0
True,1.58742698381647,0
True,1.53904903477778,0
True,2.73249240251734,0
True,1.69238595839226,0
True,2.23017168102467,0
True,2.6556412296884,0
True,0.953626305485922,0
True,1.55479507966278,0
True,1.95008140800475,0
True,1.56353455563262,0
True,1.87500377453181,0
True,2.41059781559536,0
True,4.25024729322648,0
True,1.30901371776218,0
True,3.13226305769867,0
True,2.66210576072145,0
True,1.1576833307701,0
True,2.39427330523939,0
True,1.25950148960149,0
True,1.48222741982037,0
True,2.61707829069721,0
True,1.51981084963836,0
True,1.98940100580339,0
True,2.05105559074756,0
True,1.6237069773082,0
True,2.58694629777263,0
True,0.844298042833781,0
True,3.4297516616576,0
True,2.95201932164805,0
True,0.657107697950809,0
True,1.58741517895953,0
True,1.73645784203503,0
True,2.82424637230617,0
True,1.03989391658052,0
True,2.21081776288393,0
True,1.24911588487751,0
True,2.14498796064338,0
True,0.760177465439116,0
True,1.96428842614729,0
True,1.72410984564927,0
True,2.15400083840241,0
True,1.50349107323,0
True,2.52945052852976,0
True,1.58599436990893,0
True,1.69768484505436,0
True,1.93469430234746,0
True,0.686552259690136,0
True,2.39147514598378,0
True,1.7472470771276,0
True,2.09271002639013,0
True,2.50885881444575,0
True,1.81135596730168,0
True,1.23174249620285,0
True,2.02470610860129,0
True,2.9458267075104,0
True,2.95508112368651,0
True,1.44711443642455,0
True,3.6908106175787,0
True,2.29530721651938,0
True,0.837409355939634,0
True,1.01492646283895,0
True,0.969228015423932,0
True,1.01109264840922,0
True,0.931105941076734,0
True,1.80826777944454,0
True,1.63471517769219,0
True,1.26851764937482,0
True,1.86881747005998,0
True,1.47508476576607,0
True,1.54622020459837,0
True,1.62008182119124,0
True,1.36741334341135,0
True,2.89941020981172,0
True,1.15315372459715,0
True,1.87532759871095,0
True,1.24740209037466,0
True,1.68993473624168,0
True,3.63889811911713,0
True,2.31011238569443,0
True,0.891722212101428,0
True,1.33949872903061,0
True,2.6569143713651,0
True,1.52948016240581,0
True,0.870077954527297,0
True,1.81674109290092,0
True,1.54035660940584,0
True,1.35284934452079,0
True,2.84323126085191,0
True,1.52103330281114,0
True,1.80552011789766,0
True,2.03457674327132,0
True,3.04405933085012,0
True,1.05934748259803,0
True,0.87297787055734,0
True,2.9853666981951,0
True,3.48650635546829,0
True,2.2838412065681,0
True,1.83542098738512,0
True,1.78232253285903,0
True,0.77152957323311,0
True,1.96848852907945,0
True,1.93388786296826,0
True,1.81585945938432,0
True,3.96021818256839,0
True,1.61764715663798,0
True,1.33803801771794,0
True,2.31295638148245,0
True,1.21359702324538,0
True,1.00852109557697,0
True,3.0182990291434,0
True,3.10228819522225,0
True,2.97014663258367,0
True,1.06240619457878,0
True,2.79999320358242,0
True,2.14607425543753,0
True,1.24136987715903,0
True,1.28793039893643,0
True,1.21712178020273,0
True,1.36109988559829,0
True,1.78177706050506,0
True,2.05571752341156,0
True,2.26503787819925,0
True,2.08968847634599,0
True,1.06882164566989,0
True,0.847481673633506,0
True,2.33175068517878,0
True,1.24958887552432,0
True,1.87436190990672,0
True,1.87357011621365,0
True,2.96634957304131,0
True,2.1315147140234,0
True,3.29491015102549,0
True,2.61884766669216,0
True,1.70574350375856,0
True,3.35921586573872,0
True,1.84863955421308,0
True,0.701582520428796,0
True,1.73086372930509,0
True,2.58130404687634,0
True,2.15246871752866,0
True,2.71729342895898,0
True,1.65961449192656,0
True,3.11554938825919,0
True,2.10721180229562,0
True,1.53263573285925,0
True,0.995706915040689,0
True,0.952083174135663,0
True,2.0098170576357,0
True,1.87228766780444,0
True,2.19050914730808,0
True,1.4090706356162,0
True,1.92991975556311,0
True,3.76633191038254,0
True,0.626713044735588,0
True,1.51659860568953,0
True,1.39602132744622,0
True,0.728303796345084,0
True,0.827169978660591,0
True,0.733558938130551,0
True,1.63117089728606,0
True,1.13443235388463,0
True,2.31795104931364,0
True,1.97529832059194,0
True,1.84554701655752,0
True,2.73432899111725,0
False,0,0.00047733370686944
True,2.27640488543946,0
True,1.03990283525223,0
True,1.95080695462928,0
True,2.24637536230778,0
True,1.57176029136543,0
True,4.15670619398135,0
True,2.33023917257559,0
True,1.08861237146926,0
True,1.18786638626665,0
True,0.831284247192783,0
True,1.89601560674341,0
True,2.46327079268945,0
True,1.09728791224531,0
True,3.1360542744694,0
True,1.00708235099656,0
True,3.02523790151188,0
True,3.81747853022671,0
True,2.16109948357536,0
True,1.78456944799227,0
True,3.73200440929932,0
True,2.12066752607381,0
True,1.09935390336869,0
True,1.39813920560616,0
True,0.99421904183577,0
True,2.89555824739633,0
True,1.72045870630659,0
True,2.13460210236856,0
True,1.84834033082143,0
True,3.47922426978556,0
True,1.96920688435705,0
True,1.44210626133112,0
True,1.58395455862493,0
True,1.42263253256543,0
True,1.6556994846893,0
True,1.41198490325459,0
True,1.14018113847675,0
True,2.32097710717967,0
True,1.7882078175677,0
True,1.64020650772883,0
True,1.37314533732888,0
True,1.71306725715702,0
True,1.39364584128095,0
True,1.30746008247366,0
True,0.892361203587864,0
True,1.64953868774566,0
True,0.907885384104366,0
True,2.75660276778734,0
True,2.59645160300747,0
True,0.771026562180156,0
True,1.96278231338167,0
True,1.26487802657362,0
True,1.19311269384061,0
True,1.78854815511137,0
True,2.67038801465058,0
True,1.91332595461756,0
True,0.825163810981801,0
True,2.49028495181588,0
True,0.979628001817003,0
True,1.41651181782212,0
True,0.763043715887,0
True,2.26573609773506,0
True,0.879817838308486,0
True,0.808292702942634,0
True,0.923882764937557,0
True,1.74091121179319,0
True,1.95850590000966,0
True,1.51023933002583,0
True,3.6423893826629,0
True,1.94350789693029,0
True,2.014125366519,0
True,1.11983018628529,0
True,2.16844972080566,0
True,4.33083638518118,0
True,1.82036410909218,0
True,1.71151914309154,0
True,2.04329206111298,0
True,2.15552880394146,0
True,4.1403747547829,0
True,1.97648014753877,0
True,2.22756279716832,0
True,2.05400928046156,0
True,2.39652373226755,0
True,3.10869576297647,0
True,2.52387650206909,0
True,3.39456485911116,0
True,1.81421130065838,0
True,1.25714860081561,0
True,1.11608598919523,0
True,1.55001343205324,0
True,1.75530781976458,0
True,1.49907269767429,0
True,3.36501745869635,0
True,2.26180253195626,0
True,0.841444488540088,0
True,1.23884120552131,0
True,1.86505133622556,0
True,3.48469434158642,0
True,1.71287371217518,0
True,1.53845962354621,0
True,1.44591831200139,0
True,1.77729615172429,0
True,1.34371009905706,0
True,2.60628998547915,0
True,0.871863339103371,0
True,1.60922528340779,0
True,1.41679295911091,0
True,1.04557976400169,0
True,1.59192375757396,0
True,1.54414943644829,0
True,1.39623064392779,0
True,2.75991927639035,0
True,2.69727648473549,0
True,1.06186682813282,0
True,4.1331333419869,0
True,4.45686478339438,0
True,2.45836689741641,0
True,1.16239792484159,0
True,2.71690459828245,0
True,1.99033054850455,0
True,2.30023889327503,0
True,0.948798181735501,0
True,3.05312463557925,0
True,1.5403757364033,0
True,2.5447705034192,0
True,1.94395143158448,0
True,1.52040334017307,0
True,1.77579564204863,0
True,3.89553128152519,0
True,1.99937756383838,0
True,1.28016223543706,0
True,2.35925373923663,0
True,1.82503856730273,0
True,1.69527370919082,0
True,1.68825647081807,0
True,2.11468428363922,0
True,1.33233235117182,0
True,1.10680289740817,0
True,1.59223637061286,0
True,2.45122740246607,0
True,1.02372803565504,0
True,2.28408312728959,0
True,1.70557528224423,0
True,2.25425257687282,0
True,2.93441691216609,0
True,0.939389070483129,0
True,0.884449243369948,0
True,1.63545660753381,0
True,1.53431533079385,0
True,4.45051729172613,0
True,2.1873974524813,0
True,1.05452132683425,0
True,1.64857809326277,0
True,1.70903569555425,0
True,2.24124619853363,0
True,1.25940836717802,0
True,0.590293209741779,0
True,1.81427205540302,0
True,2.92197673426854,0
True,1.7120343534915,0
True,1.75245649496471,0
True,1.49239380304714,0
True,0.931889097101658,0
True,1.85965852154488,0
True,1.8606718058198,0
True,2.20168051993617,0
True,0.923082814694618,0
True,1.1432036764407,0
True,4.34926309104195,0
True,1.02041023179527,0
True,0.922619295027178,0
True,0.703945275454687,0
True,1.195880938468,0
True,1.63144081492595,0
True,1.9548098065122,0
True,1.04240347726133,0
True,3.50071701516539,0
True,0.688768368732764,0
True,0.943823265811894,0
True,0.940267739746456,0
True,1.85028061661968,0
True,1.19452060679537,0
True,1.82762559915103,0
True,1.0431467939483,0
True,1.37677291490529,0
True,2.5498700087624,0
True,1.25745192684189,0
True,3.99228093687762,0
True,0.993594066317899,0
True,2.35535652965792,0
True,1.39745387040011,0
True,4.24478239271593,0
True,2.33056946432756,0
True,1.34095825326516,0
True,1.96897024016235,0
True,1.99557482292799,0
True,1.26852891034563,0
True,0.812895417653149,0
True,1.15456430553945,0
True,2.1798497539935,0
True,4.02023310256809,0
True,4.15456061280324,0
True,1.7485519370475,0
True,0.861211408260386,0
True,0.802276805136511,0
True,2.42036068669868,0
True,3.1562022351327,0
True,2.35325836320553,0
True,1.15315049555813,0
True,2.3212022318757,0
True,2.71259636284102,0
True,2.70725612874875,0
True,2.04994155906585,0
True,1.38899469337201,0
True,1.35056020620107,0
True,1.50754135223647,0
True,1.395978204169,0
True,0.97374197759582,0
True,1.86204813560165,0
True,0.881339538038266,0
True,1.02449988473466,0
True,1.83726414950874,0
True,2.9611610146656,0
True,2.39065682221895,0
True,1.64639177905998,0
True,2.0266019133928,0
True,1.75176323764187,0
True,2.02637908702746,0
True,1.32955618785797,0
True,1.70249184317812,0
True,1.70561792088333,0
True,0.986755560092103,0
True,2.28208795072297,0
True,1.42396820666771,0
True,0.694434681107411,0
True,1.50621529747291,0
True,1.71286431878525,0
True,1.65096280894631,0
True,1.55187904757199,0
True,2.20768654731724,0
True,2.08462845048669,0
True,1.13879407392488,0
True,1.46490909097066,0
True,1.99908289595689,0
True,3.51816963415726,0
True,1.59389404677063,0
True,1.6019445982787,0
True,1.1269715638444,0
True,3.74126938185931,0
True,2.42565893067399,0
True,0.805860730319411,0
True,2.59775834630816,0
True,1.38256221818025,0
True,3.0620172038756,0
True,1.93884414521954,0
True,4.01011164739465,0
True,1.61084716718011,0
True,2.77668183280924,0
True,1.66906518097943,0
True,2.35801589214052,0
True,1.68645326947703,0
True,2.06282217475158,0
True,1.81323761760857,0
True,1.67174070279431,0
True,1.1416105685293,0
True,1.79955820531174,0
True,2.86837133701074,0
True,1.63144425776506,0
True,1.48501648845626,0
True,2.44914909293905,0
True,1.73576799673388,0
True,1.82572335011157,0
True,2.4839253076282,0
True,1.08657131256866,0
True,3.0280970331343,0
True,0.532037678827641,0
True,1.22362928620808,0
True,1.61600231383047,0
True,2.84451078969118,0
True,1.34497018294884,0
True,0.722385540981595,0
True,2.03792807304268,0
True,1.38458064650185,0
True,3.27393392575798,0
True,1.60182109263199,0
True,2.09253995218648,0
True,1.54310043972808,0
True,1.49370910367425,0
True,2.09210444292799,0
True,2.22290589668971,0
True,2.46106786882324,0
True,1.17589206576879,0
True,1.41569513812586,0
True,3.24141927631816,0
True,1.74008232029303,0
True,1.56006902215979,0
True,0.910691033776846,0
True,0.963590592735745,0
True,1.5531719750383,0
True,0.871572579804988,0
True,2.37466490508331,0
True,1.34272354707354,0
True,2.05745343717345,0
True,1.60036785254428,0
True,3.36260372042128,0
True,1.22960534648869,0
True,1.69526087621409,0
True,1.17453137340637,0
True,2.25791406672814,0
True,1.1509845235622,0
True,1.22663184790655,0
True,1.32213683961856,0
True,2.67110911577144,0
True,1.41911485399542,0
True,2.06452749343974,0
True,4.2377816874833,0
True,1.53907880016815,0
True,0.987701959159997,0
True,2.34883652313228,0
True,1.95544431444226,0
True,1.53680277713897,0
True,0.921673218326784,0
True,1.9943382461767,0
True,1.96240442900414,0
True,1.81001097690661,0
True,1.22681347585491,0
True,1.76824247070009,0
True,1.73601472415308,0
True,2.03636277445281,0
True,0.964387201063955,0
True,1.39779887559438,0
True,2.68595887733185,0
True,2.92785914265762,0
True,1.13682396356418,0
True,3.01931962467989,0
True,2.4555310617677,0
True,1.42376223389201,0
True,0.872197036816023,0
True,4.48163279183898,0
True,2.44126467140006,0
True,1.0596838231117,0
True,1.62645286045323,0
True,1.87881945447415,0
True,1.38989582660906,0
True,0.748997659213153,0
True,1.48135332127566,0
True,1.0595394717124,0
True,4.03149607676774,0
True,1.53186616304567,0
True,1.26466604254452,0
True,3.69907892830937,0
True,1.03859788965068,0
True,2.60911026355727,0
True,1.16651805485498,0
True,3.23493693596651,0
True,3.5558610456171,0
True,0.799921952904073,0
True,1.14722166275987,0
True,1.54300177826876,0
True,2.17434893975748,0
True,1.42122205243822,0
True,2.55441747845507,0
True,2.02364387189695,0
True,1.82610516854909,0
True,1.36379688658092,0
True,0.869601022367353,0
True,1.81249465244317,0
True,1.86272494211751,0
True,2.34960362480108,0
True,1.05296918063197,0
True,2.31623936085967,0
True,2.10478834453323,0
True,1.0604010220608,0
True,0.934952897848359,0
True,1.49541719206199,0
True,1.93271209302517,0
True,1.56945843973507,0
True,1.47630118526344,0
True,1.60343698251365,0
True,1.28476369201969,0
True,1.18911320859281,0
True,2.92218747187206,0
True,2.42426499034166,0
True,3.37606635637785,0
True,2.4096557852269,0
True,1.77287845959405,0
True,0.684969042796358,0
True,1.20594059558037,0
True,1.85780229316991,0
True,1.17288665031626,0
True,1.78952009859163,0
True,1.90658480577676,0
True,2.45339356857328,0
True,1.52504574877538,0
True,1.17649327388464,0
True,3.28817871996968,0
True,3.99426139896365,0
True,2.8822642420706,0
True,2.16573110699853,0
True,2.21194870910977,0
True,1.7075479569021,0
True,1.68287555234867,0
True,1.84711380484905,0
True,1.60125033448006,0
True,0.611683072346004,0
True,1.6655601077035,0
True,2.58024180319864,0
True,1.99944262457983,0
True,1.44578590859592,0
True,2.06872978228318,0
True,1.72284079252633,0
True,2.34434928301684,0
True,2.22903090415281,0
True,1.3103968158351,0
True,2.03979473251174,0
True,1.73329117279289,0
True,1.06604886114759,0
True,0.749342684206408,0
True,2.11367513538827,0
True,1.30771597393502,0
True,3.52660547177498,0
True,1.29840661612914,0
True,2.02947329443193,0
True,1.67930823240734,0
True,2.23763094544047,0
True,1.40338051121928,0
True,1.78992964448027,0
True,1.26943424280695,0
True,0.991196855479434,0
True,1.98597743807862,0
True,0.910714443271707,0
True,2.17118708544599,0
True,3.78855208845048,0
True,0.91731093760165,0
True,1.62878078473727,0
True,0.914055224633314,0
True,1.76054595043513,0
True,2.83017369414303,0
True,2.95049278258257,0
True,3.22406878801355,0
True,1.80215839626375,0
True,1.05349117896611,0
True,1.52058405222481,0
True,1.63362821627108,0
True,0.978077640771934,0
True,1.50673124889328,0
True,2.23382884880282,0
True,2.34434587073917,0
True,4.05594181856167,0
True,1.20468909394863,0
True,2.87500881241741,0
True,2.92512496994226,0
True,2.06409798046608,0
True,1.93148798543131,0
True,2.00231433903613,0
True,1.24688685541106,0
True,3.49913488313948,0
True,4.00351887330403,0
True,0.870013411168246,0
True,3.71152543754469,0
True,2.02891251405733,0
True,2.12029760745685,0
True,2.34402683627439,0
True,1.42635101586097,0
True,2.23928582889902,0
True,2.08633142673314,0
True,4.13803190972071,0
True,2.12298062669149,0
True,1.17943546246227,0
True,0.6879404491004,0
True,1.09651369612589,0
True,1.05964306727339,0
True,1.25310386396265,0
True,2.48555200579581,0
True,3.61241479279952,0
True,2.29700367432973,0
True,2.54573043742546,0
True,1.72798435275504,0
True,3.20016181576436,0
True,1.95341851308777,0
False,0,9.26109595457078E-05
True,1.4937763796319,0
False,0,8.30112829062668E-05
True,2.2957753683499,0
True,2.3960415768992,0
True,1.91468172530269,0
True,1.73257449970785,0
True,1.83435291635118,0
True,2.58047010825666,0
True,2.22792100691991,0
True,0.900314537878239,0
True,1.17262761967697,0
True,2.16993698766732,0
True,2.08588516943354,0
True,2.28577569915401,0
True,1.09721890537139,0
True,1.5358332558871,0
True,0.810733582660893,0
True,2.54124692506089,0
True,0.954553103277416,0
True,1.67708135074819,0
True,0.873130115235227,0
True,2.08360975396397,0
True,3.70901518876924,0
True,3.03750117833629,0
True,2.61733998551081,0
True,0.565810536465915,0
True,1.52186021878231,0
True,2.08767663901022,0
True,1.32941417341705,0
True,2.54687308455494,0
True,1.1413412266039,0
True,1.51627967279217,0
True,1.25156449651909,0
True,2.41477806954559,0
True,2.5183489567798,0
True,2.04784097655682,0
True,2.2435080776888,0
True,2.25505045239558,0
True,1.55209656100233,0
True,1.81944673430258,0
True,3.7918221005631,0
True,3.0980411343659,0
True,1.41864820061278,0
True,1.33293653945001,0
True,2.81916746107158,0
True,1.14797177529123,0
True,2.41925839979062,0
True,2.14532734899273,0
True,0.797308103743321,0
True,1.32792378817154,0
True,1.18667507643377,0
True,0.939307077340168,0
True,1.2764516537041,0
True,2.29145558878253,0
True,1.05787947423657,0
True,1.45259494734217,0
True,1.07122468411762,0
True,1.47887299875608,0
True,2.68500436535876,0
True,1.89692145774377,0
True,2.78749850085698,0
True,1.99553380399627,0
True,2.19775226891779,0
True,1.31053391448554,0
True,1.60400908316501,0
True,2.14714484391558,0
True,2.83147647703342,0
True,1.70657392324264,0
True,1.49886062523428,0
True,1.14036720177614,0
True,1.43034801592812,0
True,1.75886955449221,0
True,2.0187542158117,0
True,2.11333324017979,0
True,2.58818570186784,0
True,3.82579220195521,0
True,1.55049885765151,0
True,2.58650235400229,0
True,2.08121293795719,0
True,1.79202672094359,0
True,1.52022558365306,0
True,1.36297990017062,0
True,1.41402371242489,0
True,1.91897195938999,0
True,2.68706517971596,0
True,2.97568592412589,0
True,0.880350688777881,0
True,1.0027167080342,0
True,2.57590938208182,0
True,2.24874646443822,0
True,1.557289188886,0
True,2.4643016938954,0
True,1.6319237422685,0
True,1.01522105844122,0
True,0.833346242131998,0
True,1.39945106612824,0
True,2.1659364090379,0
True,4.10401211110402,0
True,3.01008623649228,0
True,2.10689826857387,0
True,1.94969997408221,0
True,0.969435651659534,0
True,2.01096123168591,0
True,2.5521832006573,0
True,2.72232123123916,0
True,2.5061553532139,0
True,2.58714313625868,0
True,1.78719213185102,0
True,0.951473107342701,0
True,1.42106714321903,0
True,1.03356621244583,0
True,1.64357117140273,0
True,1.22405236596713,0
True,0.772167054588859,0
True,3.6474442486097,0
True,1.92799286645951,0
True,3.40956827712897,0
True,2.78196502522318,0
True,2.05889624325673,0
True,1.4727811172854,0
True,1.69257485791421,0
True,1.20672807135894,0
True,1.13631669853626,0
True,3.07205602323559,0
True,1.02735388235173,0
True,2.08687690580058,0
True,1.49990968612071,0
True,1.86546711433033,0
True,2.0227623141723,0
True,2.35635246626396,0
True,1.84037572977817,0
True,1.9238484347472,0
True,2.19615454934768,0
True,1.92001640052638,0
True,0.88273389792366,0
True,0.968170251507147,0
True,1.88796652071576,0
True,2.79258775421084,0
True,1.70965847379246,0
True,2.06935683841421,0
True,2.47664971157706,0
True,3.44243225534529,0
True,3.71855020750291,0
True,3.16178000636654,0
True,2.15113153593777,0
True,1.08890321299892,0
True,1.00704782121688,0
True,1.65332672388985,0
True,2.65778509968593,0
True,1.6869309781651,0
True,0.973667991920525,0
True,1.6329300214559,0
True,2.16898540333647,0
True,1.71551811233072,0
True,1.40780272959652,0
True,1.44138408916108,0
True,2.42057427516707,0
True,1.9645213818124,0
True,0.726735079391427,0
True,1.95723276555726,0
True,2.19728876410631,0
True,1.45014344379531,0
True,1.3295391045433,0
True,1.07646639533094,0
True,1.46384068310934,0
True,2.76168215069979,0
True,1.71175304474882,0
True,2.03488864802067,0
True,2.62783804307566,0
True,1.31172962090933,0
True,1.70085019968041,0
True,3.20255126176966,0
True,1.57871081724729,0
True,1.55829779468945,0
True,2.83114893291387,0
True,1.34846497461166,0
True,1.94822151024919,0
True,4.12877712011317,0
True,3.20577772687662,0
True,1.15408885313985,0
True,3.22833654517034,0
True,2.27489950682782,0
True,3.54188312613208,0
True,2.40893644355777,0
True,1.46999788257425,0
True,2.78345127112488,0
True,1.15245533984288,0
True,3.96301958303646,0
True,3.43997187285721,0
True,1.19990384084827,0
True,2.49309298524815,0
True,2.07019250083582,0
True,1.1652119079425,0
True,1.15343251952312,0
True,2.37247046204342,0
True,2.22488525509929,0
True,0.6064733506236,0
True,1.55343882708017,0
True,2.43814582451331,0
True,2.51370921953099,0
True,1.99447572117123,0
True,1.06764099908663,0
True,2.50965697102023,0
True,3.86521511632813,0
True,1.49025588483075,0
True,1.9994167315765,0
True,1.92613541884925,0
True,3.24409737092282,0
True,2.49319883170114,0
True,1.67098640435703,0
True,1.32092709720564,0
True,1.87578552859939,0
True,1.80590566006233,0
True,1.16747240962445,0
True,2.67503114967264,0
True,1.71352226862729,0
True,1.89358168511436,0
True,3.36204756147185,0
True,1.91514739778377,0
True,4.02217246311474,0
True,1.08825490124192,0
True,3.53421736407735,0
True,3.98329830249994,0
True,3.6319330057063,0
True,0.988109594397694,0
True,2.08504812461177,0
True,2.45671556570906,0
True,0.971908622610037,0
True,1.99055957510848,0
True,3.91923054247746,0
True,1.22231608999681,0
True,1.88344245661585,0
True,1.67229126794592,0
True,2.16968864300649,0
True,1.2586191905633,0
True,1.43477945386801,0
True,1.62229063272935,0
True,2.17500126134363,0
True,2.13197434022338,0
True,1.33855260140182,0
True,0.875312544056109,0
True,3.91381348817248,0
True,2.66092779084067,0
True,1.52264170892374,0
True,1.59279626835273,0
True,2.13962417454238,0
True,2.2788018930059,0
True,2.02733904770254,0
True,1.7001926734623,0
True,1.46821701762782,0
True,0.796974132918378,0
True,1.57961072261301,0
True,1.30737216396454,0
True,2.91980981012595,0
True,2.33937737443556,0
True,0.862016663501259,0
True,2.64172698424918,0
True,2.89704904391123,0
True,2.27456922999616,0
True,0.424938144455806,0
True,1.64629233273341,0
True,0.665273211121566,0
True,1.79346383282293,0
True,1.7328852546539,0
True,2.11905186696707,0
True,2.75165203021649,0
True,3.10839822057796,0
True,1.46636992572506,0
True,1.6293974588946,0
True,1.03994642187041,0
True,1.99721956212246,0
True,2.09160834607832,0
True,2.50048582630489,0
True,2.65668957180868,0
True,1.67876988445456,0
True,1.71110595251103,0
True,2.54421370661932,0
True,2.54208822513969,0
True,1.63126339218595,0
True,3.03748525169732,0
True,1.24333375981509,0
True,1.29351812687996,0
True,1.6216816733931,0
True,1.6112113747041,0
True,2.44075676378893,0
True,1.67637017933133,0
True,1.23768067369462,0
True,1.15270398886807,0
True,1.53073389771736,0
True,0.74247827582021,0
True,1.34283785447092,0
True,1.87922894861367,0
True,2.12494728554728,0
True,1.84377633640578,0
True,1.73103951494192,0
True,1.93386482966705,0
True,0.954403810868567,0
True,2.58860521676675,0
True,1.59308701341761,0
True,1.76290415669042,0
True,1.42201280326822,0
True,1.83517078218889,0
True,1.23193267163398,0
True,2.91057131785216,0
True,2.89026280817763,0
True,1.11854329563842,0
True,0.906680817594559,0
True,3.85929087371748,0
True,1.63982714331538,0
True,1.69871822962953,0
True,1.77921849302506,0
True,1.39891716629381,0
True,1.40638799784089,0
True,1.05087211979343,0
True,0.962338140962519,0
True,0.967071876070346,0
True,2.11153792072548,0
True,3.36210958790537,0
True,1.08517706475185,0
True,1.16119673031838,0
True,3.27322395489569,0
True,2.22354144657219,0
True,1.70656345045355,0
True,1.25938628869877,0
True,2.85463823650534,0
True,1.67877678202761,0
True,3.64518487889124,0
True,0.924179862417266,0
True,4.21695976954709,0
True,1.25962586010252,0
True,3.96209065054447,0
True,1.43487860905223,0
True,0.609411799327483,0
True,1.91368635219848,0
True,2.89772495675405,0
True,2.27254860563222,0
True,1.24514294771298,0
True,3.58263637019249,0
True,2.33308523715639,0
True,1.75125879050779,0
True,2.03448903777552,0
True,1.12293248606926,0
True,1.04083488153739,0
True,1.16329959117845,0
True,1.78974725900027,0
True,1.54337715317027,0
True,2.4716884933453,0
True,1.75643150836697,0
True,3.77867503240085,0
True,2.7949567943939,0
True,0.875638348139046,0
True,2.58063522664426,0
True,4.70110929750281,0
True,1.7924805708877,0
True,1.00702969651767,0
True,2.11061136582445,0
True,1.71749575480995,0
True,1.77204631941158,0
True,2.23572726901072,0
True,0.828327191074695,0
True,1.19136580725441,0
True,2.05889864217543,0
True,1.6710337673545,0
True,0.759892184639794,0
True,3.50792433716923,0
True,1.51499543325,0
True,1.77322075939128,0
True,1.72890479211205,0
True,2.29796453889027,0
True,1.58176212921365,0
True,1.93076155846785,0
True,1.42049998827168,0
True,1.94833783013014,0
True,1.16138808272611,0
True,1.64791662839922,0
True,2.14363346493641,0
True,1.97034899486111,0
True,1.89612929806249,0
True,2.55254668379949,0
True,1.55511479279534,0
True,1.70133273519349,0
True,2.43676103254762,0
True,1.77925469380309,0
True,1.23130223518954,0
True,1.8649279154892,0
True,1.82321982643268,0
True,1.24846869561639,0
True,1.54453979595553,0
True,1.45395385115628,0
True,1.21879804261742,0
True,3.39147037707994,0
True,3.88265130048335,0
True,3.49737027325645,0
True,1.50985904995765,0
True,2.06375275171815,0
True,2.77942403889486,0
True,0.735230675045947,0
True,1.65012468906024,0
True,2.5975827868687,0
True,0.844293752500887,0
True,1.74371685904569,0
True,1.34040538502586,0
True,2.07626940008176,0
True,2.76127153076913,0
True,2.24930641411303,0
True,3.9414105157424,0
True,2.98531257017371,0
True,2.80687353202936,0
True,1.63925144640744,0
True,2.90688442457015,0
True,2.06975668834366,0
True,2.04929531048847,0
True,2.4902614568217,0
True,1.80704649034721,0
True,1.77863887880911,0
True,1.97253959244101,0
True,1.53620433302828,0
True,1.07633300450347,0
True,2.92891648548788,0
True,4.13871625268326,0
True,2.75049196092007,0
True,1.84144065729094,0
True,1.82529898665068,0
True,1.66871089842609,0