Success,Time,Fitness
True,1.8064816885226,0
True,3.77360468463912,0
True,3.34072464649583,0
True,1.62729681415567,0
True,1.4212693198415,0
True,1.33989444455378,0
True,1.38022646184783,0
True,1.04828181102343,0
True,1.48417560720847,0
True,1.25121166393848,0
True,2.31453507377181,0
True,3.91235534507052,0
True,2.77675060295532,0
True,1.61289061744789,0
True,1.64837516497109,0
True,1.41259922542955,0
True,2.39843004423301,0
True,3.29641377934932,0
True,2.67743580799958,0
True,1.30944163074591,0
True,1.48129197253123,0
True,1.55188935010769,0
True,2.75203294189459,0
True,1.70083509033223,0
True,2.89724178482116,0
False,0.938711364680221,0.000131189220582185
True,1.507595718827,0
True,1.5991056351364,0
True,2.06960708432633,0
True,2.922366586753,0
True,1.24167577456332,0
True,1.47082841897514,0
True,3.82199563886361,0
True,2.08998246669163,0
True,1.86167795748891,0
True,3.14785655715435,0
True,1.77394974066714,0
True,1.08189736958934,0
True,4.19466925635173,0
True,1.85844248631023,0
True,3.46541799382739,0
True,1.30435997210416,0
True,1.10325974179762,0
True,2.13489200339545,0
True,2.75728557028078,0
True,1.04493127090893,0
True,1.50214957956575,0
True,2.35578064333441,0
True,1.27142416225072,0
True,3.93884801059843,0
True,2.42439321447041,0
True,1.06761478858925,0
True,1.8483675213245,0
True,0.842063136298846,0
True,2.96358752393481,0
True,4.10637164868168,0
True,1.34203831802535,0
True,1.74261825329511,0
True,1.70739848303104,0
True,2.1049458011257,0
True,0.384845123055195,0
True,3.10039657074889,0
True,1.61694743509708,0
True,1.03078672948119,0
True,2.24971679220925,0
True,1.77788761535404,0
True,2.98647185930077,0
True,1.71875727617552,0
True,1.49953858437768,0
True,3.6151962719979,0
True,3.13200700794165,0
True,1.58828904507161,0
True,1.05402951567141,0
True,1.86248409676774,0
True,3.39734644165279,0
True,2.48690259139976,0
True,0.828528427608246,0
True,1.12253744714628,0
True,3.19720999478493,0
True,2.73563063471019,0
True,2.36495970905063,0
True,1.63310076075407,0
True,0.58941103679883,0
True,0.731483899332969,0
True,1.22726232971384,0
True,1.34947485634962,0
True,3.9114847693225,0
True,1.32211562881982,0
True,1.53344606606277,0
True,1.93450977605925,0
True,1.22873605696562,0
True,1.47669328528599,0
True,1.51706201339781,0
True,1.05127021900417,0
True,2.69712587671728,0
True,2.92219284504505,0
True,1.35500072154979,0
True,1.81750847286519,0
True,2.23789548785946,0
True,2.60982223988006,0
True,2.39883440751099,0
True,1.39339983849332,0
True,1.88785852816094,0
True,2.58047198376144,0
True,1.28281930270738,0
True,1.30618455476838,0
True,1.1331882234209,0
True,3.10576534300797,0
True,2.95560770784643,0
True,1.6145670950756,0
True,2.36202831395787,0
True,3.50863024495399,0
True,2.54787841950604,0
True,2.55913255782585,0
True,1.39575835672187,0
True,1.71479784515303,0
True,3.12761807205086,0
True,2.49482159770265,0
True,2.39663587494558,0
True,2.32929021307809,0
True,1.95419559010516,0
True,1.03761405570666,0
True,0.926930875615229,0
True,1.68802916201586,0
True,1.09524759759037,0
True,1.30886123086571,0
True,1.74166573061663,0
True,1.1948738741857,0
True,2.01175859285283,0
True,3.44211779413015,0
True,4.46363392902061,0
True,2.95979851043508,0
True,1.58606722062828,0
True,3.55731533644337,0
True,1.52590879658011,0
True,2.9227032817651,0
True,2.95218881027587,0
True,1.39582610314473,0
True,1.03909968911917,0
True,0.947502036820716,0
True,1.73890135796857,0
True,1.31536128808882,0
True,1.8775816945601,0
True,1.85528262887649,0
True,1.39680271537506,0
True,1.71689155252895,0
True,1.93056052256622,0
True,0.892130694041565,0
True,1.97625371310468,0
True,2.29782334147314,0
True,1.40476861091221,0
True,2.1002182244688,0
True,2.51561979511378,0
True,1.95258161542183,0
True,3.69230724273997,0
True,3.8922082199379,0
True,1.97942567468121,0
True,1.42596766278397,0
True,1.66416229947031,0
True,2.4157957224379,0
True,2.20333923455035,0
True,1.77962708539727,0
True,2.16616435364277,0
True,3.18294146323106,0
True,1.56539710913339,0
True,1.26282276728088,0
True,1.32637334189578,0
True,1.01291832863057,0
True,2.23456436265981,0
True,1.74916679874047,0
True,2.23483081224952,0
True,2.5711509028489,0
True,1.43568783382648,0
True,1.47691005326031,0
True,1.07169437790432,0
True,1.0067430329632,0
True,2.91906470544131,0
True,3.08539354451429,0
True,1.51266295540718,0
True,1.67877152245562,0
True,1.55298951397399,0
True,1.45854154061933,0
True,2.22921140902581,0
True,0.803915980302865,0
True,0.750970924895004,0
True,2.52698955198063,0
True,1.16257450462493,0
True,2.35413894372383,0
True,1.78694196982849,0
True,1.61063652071312,0
True,1.5647175270164,0
True,2.19799348107592,0
True,4.20840656790022,0
True,3.26573321285734,0
True,1.81520754067178,0
True,0.939203350030962,0
True,0.475793499597345,0
True,1.00404961289013,0
True,2.78573959712966,0
True,1.71151246932885,0
True,1.58122928773563,0
True,1.97555360671982,0
True,1.50605477965223,0
True,2.27128654998857,0
True,1.82184879174971,0
True,3.05132122325599,0
True,3.55648239719531,0
True,1.46089000768154,0
True,2.16228283667832,0
True,1.73676292274051,0
True,1.39752283758878,0
True,1.08477638363507,0
True,1.13501219923235,0
True,1.47723885118999,0
True,1.15085291152198,0
True,0.978268334100303,0
True,1.18893264592675,0
True,1.51543572814507,0
True,2.37642768259079,0
True,1.3503651431481,0
True,2.03618166689055,0
True,1.60180073632882,0
True,1.6874204356344,0
True,2.75782560779383,0
True,1.43317523505868,0
True,3.08377108861646,0
True,1.37756395599703,0
True,1.0204389459864,0
True,1.20239966983216,0
True,3.20775753151004,0
True,2.03971156627239,0
True,1.83178005502653,0
True,2.37594281227726,0
True,1.17428919684675,0
True,0.595121432384153,0
True,1.45815851880032,0
True,1.12158606060496,0
True,2.74633158464258,0
True,1.27756586029502,0
True,2.48418911496891,0
True,1.24323569276518,0
True,2.20707473654336,0
True,1.89633184412714,0
True,1.95232535207246,0
True,1.02544686192025,0
True,1.2351556097245,0
True,2.10926775396352,0
True,1.6820245603619,0
True,0.915040135274446,0
True,1.3012674139817,0
True,1.15002055805085,0
True,2.86595288771229,0
True,2.7649708308557,0
True,1.89433765557196,0
True,1.77857622040802,0
True,1.10910597101298,0
True,1.38627850624451,0
True,2.01532010650126,0
True,1.30187089203196,0
True,1.10656118114072,0
True,1.08739553109725,0
True,1.57463277347088,0
True,2.53974497362436,0
True,2.12944259030741,0
True,2.30556109150203,0
True,2.12031695799061,0
True,3.17377413790673,0
True,2.00130981681054,0
True,3.14083505823299,0
True,3.42199257372956,0
True,0.979483962838977,0
True,2.76302205336746,0
True,1.83255410020939,0
True,2.74196147804943,0
True,3.4357046653518,0
True,0.900760283784835,0
True,1.55016353484884,0
True,2.17327125869732,0
True,2.24237181643185,0
True,2.66919234970587,0
True,1.19130950384438,0
True,2.40043313857455,0
True,2.10234282980832,0
True,2.66837215415416,0
True,3.39264206355584,0
True,1.86222623668772,0
True,1.80781622168764,0
True,1.13223958067931,0
True,1.3390599177663,0
True,1.93502509920012,0
True,2.15581989220467,0
True,1.76369856317274,0
True,2.24215085629767,0
True,1.50059447621334,0
True,2.02372336082519,0
True,1.29940725673941,0
True,0.731505943262452,0
True,3.56045334153873,0
True,2.17528540635679,0
True,0.600408111578086,0
True,3.35518400512355,0
True,2.56149915307311,0
True,3.70893928075645,0
True,3.75377125401456,0
True,1.64599096879553,0
True,1.88332389398235,0
True,1.03872235789708,0
True,3.52709197996629,0
True,1.87890646072243,0
True,1.25539371783091,0
True,2.50263707359202,0
True,1.42432066808177,0
True,1.6363212262186,0
True,1.92874160368397,0
True,3.01042520192676,0
True,3.0455012769866,0
True,2.57806916347883,0
True,2.49818721564541,0
True,1.26096515673894,0
True,1.5935645869729,0
True,3.93598317551702,0
True,2.54855132962155,0
True,1.73804943197628,0
True,2.1495835591851,0
True,2.06284303918797,0
True,2.0626461163705,0
True,1.25846001562655,0
True,1.87852577812686,0
True,2.12448342907963,0
True,2.22463052501345,0
True,1.179165290503,0
True,2.03458141597888,0
True,1.44514437399032,0
True,2.60431618047977,0
True,2.11726390832819,0
True,3.32183862642209,0
False,3.63919674982633,0.000119125087770269
True,3.73234269689436,0
True,3.35795268288127,0
True,3.45747597994938,0
True,3.43814009451812,0
True,2.25586959725186,0
True,2.35419982401555,0
True,3.41237843634814,0
True,2.18809730831772,0
True,1.883230620309,0
True,1.1359116244168,0
True,0.940789351448361,0
True,0.997514089891442,0
True,1.63046861829061,0
True,1.0199637388785,0
True,2.84417926691793,0
True,0.941055652354443,0
True,1.58826655160557,0
True,1.2447823710757,0
True,1.07173275338503,0
True,2.66898710808392,0
True,1.1623369259889,0
True,1.5033608768155,0
True,1.20954501866506,0
True,0.801685697006564,0
True,1.84638837386977,0
True,0.72074422383012,0
True,1.05229978291824,0
True,1.71094104294785,0
True,2.62051033416612,0
True,0.996606378016347,0
True,3.76457469866347,0
True,4.38279025232694,0
True,2.75255859354992,0
True,2.14848628234349,0
True,1.04092838123284,0
True,2.01766680685427,0
True,1.75238014331735,0
True,1.10461558120875,0
True,1.60828540279274,0
True,1.53952658255915,0
True,2.35324645173619,0
True,2.01667418141164,0
True,2.45970304131027,0
True,1.68032871505871,0
True,3.66956605495319,0
True,2.99285760162761,0
True,2.47144700517771,0
True,2.91763106820712,0
True,1.97161109836397,0
True,1.98106083969987,0
True,1.23624971563036,0
True,1.64571810624515,0
True,2.07627834332815,0
True,0.979343269493047,0
True,2.34026882801723,0
True,1.82255072000509,0
True,2.21458989790074,0
True,2.40467112273317,0
True,1.7600479157992,0
True,2.35125795749647,0
True,1.61628767119236,0
True,1.34077749571328,0
True,1.86219901866821,0
True,2.0881761645919,0
True,1.51441146262938,0
True,2.7608428550252,0
True,0.977614005587744,0
True,1.08428786721034,0
True,1.99918442255229,0
True,2.49985729246175,0
True,1.62715992270679,0
True,1.25869564496174,0
True,0.729420190510689,0
True,2.36578636522278,0
True,1.32648928635208,0
True,2.05320405428146,0
True,1.26141992077628,0
True,2.37753214623441,0
True,2.5546557531993,0
True,0.730113990391272,0
True,1.80042743637515,0
True,1.63011440180194,0
True,1.55170327733022,0
True,0.988016412540413,0
True,1.2546587644711,0
True,2.27840655911771,0
True,0.970778125414234,0
True,1.77625770130023,0
True,1.83966693090424,0
True,1.88108197564705,0
True,3.95766714737627,0
True,0.694076570423152,0
True,0.809886811753011,0
True,1.58676053481084,0
True,1.78897036635207,0
True,2.15660197921662,0
True,3.16008364656583,0
True,1.50997922916791,0
True,0.817366731939917,0
True,1.96735790691994,0
True,0.874288012216528,0
True,0.910182591247795,0
True,2.2532118292714,0
True,2.34512198038209,0
True,1.08222329670227,0
True,1.04313533441017,0
True,1.35392826687839,0
True,1.3158579269415,0
True,1.68950613744031,0
True,1.82991125640088,0
True,1.7975028713127,0
True,1.90338343425026,0
True,1.66557214188431,0
True,1.38159274824329,0
True,2.58520741024866,0
True,1.06907685183138,0
True,2.47793657084578,0
True,1.260316528957,0
True,3.18174937082835,0
True,2.67047261442661,0
True,1.53985054378124,0
True,0.73295802965966,0
True,2.12473779193714,0
True,2.26584639351333,0
True,1.26398315299277,0
True,2.09943465970773,0
True,2.0882831141839,0
True,2.72598385296436,0
True,3.75553389922143,0
True,1.90347751458669,0
True,1.50857519802375,0
True,1.28616994898972,0
True,1.13464823600139,0
True,1.98508081162099,0
True,2.7733631712664,0
True,4.00605371615947,0
True,0.958325178249356,0
True,1.11644643764818,0
True,1.05116178517216,0
True,4.07472905149022,0
True,2.00766178922355,0
True,1.0556476120057,0
True,0.609212563703239,0
True,2.99889882520969,0
True,1.05536373955842,0
True,2.62023662777118,0
True,1.44528666035579,0
True,1.8729985778852,0
True,2.18291041398912,0
True,2.2123460881372,0
True,1.68888224944476,0
True,0.938335789621151,0
True,1.72782338003658,0
True,2.30527752439297,0
True,4.52501445590608,0
True,2.97570572019986,0
True,2.68787400539821,0
True,1.92626211014892,0
True,2.9290111759362,0
True,3.23038276953585,0
True,3.73686686641789,0
True,1.299141128776,0
True,2.41982341872737,0
True,0.800290301998181,0
True,1.88302995515388,0
True,2.41349552236417,0
True,2.11673755960888,0
True,2.97662540840406,0
True,3.04570324303082,0
True,2.75438255793149,0
True,2.23368745105754,0
True,2.95459459638566,0
True,3.51606462027184,0
True,1.4415061648455,0
True,0.927753602749739,0
True,0.720227484404327,0
True,1.85515995298945,0
True,2.94081096802493,0
True,1.77645871129643,0
True,1.02064313674487,0
True,0.815559622449069,0
True,1.56926419245981,0
True,1.10025660138279,0
True,0.80594917591049,0
True,1.22625215862913,0
True,2.52499031829242,0
True,1.74980236150955,0
True,3.03054616944756,0
True,1.99854868516957,0
True,2.59457376236002,0
True,3.0176024569214,0
True,1.93041214541374,0
True,1.33938423646296,0
True,1.96030201109082,0
True,1.42798096863092,0
True,0.8364420093045,0
True,4.32301384496291,0
True,2.19508612874121,0
True,1.98210166198373,0
True,1.53045678383978,0
True,1.64788105893026,0
True,2.74042095314636,0
True,1.89098012655088,0
True,2.20320846139662,0
True,1.39150393763746,0
True,3.24507535295822,0
True,0.97962287297084,0
True,0.850053114208843,0
True,1.83208685028399,0
True,1.75289012495724,0
True,2.46115098320924,0
True,1.09915827460809,0
True,2.1190913896136,0
True,1.83204892134459,0
True,1.97687145192238,0
True,0.755105718549986,0
True,2.45441550434358,0
True,2.60961185862029,0
True,0.747694866331747,0
True,0.846736961343549,0
True,1.42686962067909,0
True,0.903391063502446,0
True,0.969298446109408,0
True,2.15530509862187,0
True,1.12856817572981,0
True,1.39786812437206,0
True,3.94790241867686,0
True,2.48087533626469,0
True,1.52432226631697,0
True,1.66106658624683,0
True,2.16923392432595,0
True,1.87208490673375,0
True,1.78674127751478,0
True,0.801077471660946,0
True,0.984708713606162,0
True,2.17108585594377,0
True,1.76780005380335,0
True,0.714717396368805,0
True,1.81103787767566,0
True,2.55425766968566,0
True,2.36231674079896,0
True,1.27881777086574,0
True,1.45169284018335,0
True,1.15334283410383,0
True,1.73131039147105,0
True,0.933992948877214,0
True,2.57102050333917,0
True,2.49394842353781,0
True,1.25834479270546,0
True,1.50880399869926,0
True,1.52026647953295,0
True,1.55040857196865,0
True,1.79153010657213,0
True,1.89101079013249,0
True,1.89387874084949,0
True,2.45880267749907,0
True,1.19944001430055,0
True,1.56111122932923,0
True,1.28395603405217,0
True,1.17422764857108,0
True,1.14826262159764,0
True,0.630295399364378,0
True,1.75410229931073,0
True,2.25387128048844,0
True,1.79234321275759,0
True,1.90625306966349,0
True,2.26205819580897,0
True,2.83318071036529,0
True,1.27118857753226,0
True,1.359841933537,0
True,2.28184446291256,0
True,1.52797045980733,0
True,2.14971851864639,0
True,1.91309922419131,0
True,1.61002420457749,0
True,1.8472937363171,0
True,2.10553879111307,0
True,2.09937741785224,0
True,1.5027040530722,0
True,1.73669451884,0
True,2.80230279403124,0
True,4.16994557915209,0
True,1.45622071866135,0
True,2.69275851114124,0
True,3.17686269815537,0
True,1.89365414739226,0
True,0.967830086434483,0
True,2.31481649854815,0
True,2.9973248657055,0
True,2.5934788624313,0
True,1.64195587274189,0
True,1.51694435604071,0
True,1.33237127031065,0
True,1.18219674540594,0
True,4.49160880268309,0
True,0.939688753140207,0
True,1.02860075388542,0
True,1.68894463920704,0
True,1.65922104283347,0
True,2.17680504933776,0
True,1.85552591426273,0
True,1.59236889053775,0
True,2.07941629145984,0
True,2.36334030009228,0
True,2.04722771030555,0
True,3.22340999604126,0
True,1.5971111280735,0
True,1.4112766900451,0
True,1.79532156157257,0
True,1.17178761627976,0
True,1.82204010019268,0
True,0.835623259132756,0
True,2.89277645643316,0
True,1.11572853561243,0
True,1.61834466993352,0
True,2.13239364851472,0
True,1.25811517017665,0
True,1.89486672282379,0
True,1.25174697419421,0
True,0.213090031702627,0
True,4.0664589395353,0
True,2.19853951241909,0
True,1.37162650023477,0
True,1.4712176130701,0
True,0.997020274953237,0
True,0.767257591358835,0
True,0.850841013296764,0
True,1.05770458043356,0
True,3.9371152323394,0
True,2.24726198736982,0
True,3.55532233982675,0
True,1.01547356269834,0
True,1.82366169989341,0
True,2.4759375880352,0
True,2.53058290083295,0
True,1.36729016509723,0
True,2.87450083670927,0
True,0.738108364299362,0
True,3.12611923106195,0
True,3.31774555706728,0
True,3.20526532469474,0
True,2.13513456483209,0
True,2.46109039970638,0
True,3.75888092148038,0
True,1.97110270605715,0
True,2.1086856197913,0
True,1.4408955041571,0
True,1.59553150397927,0
True,1.5125482187065,0
True,2.08877354907324,0
True,1.75868440101621,0
True,1.35074945353716,0
True,2.03437889297845,0
True,1.82985139168037,0
True,0.800350294127879,0
True,2.2060499995748,0
True,1.4925846497738,0
True,2.86030455314889,0
True,2.23133840044032,0
True,3.85341859332078,0
True,1.81530548900371,0
True,2.35153852511105,0
True,1.86511720381797,0
True,2.26640244133015,0
True,0.68012730967385,0
True,2.92404340118411,0
True,2.67810034051819,0
True,1.71576823343313,0
True,2.71851564061157,0
True,0.667644927749565,0
True,2.5460530674245,0
True,1.02349625014539,0
True,2.94068670980394,0
True,2.9487061531222,0
True,3.9851992432384,0
True,2.24579134696268,0
True,1.43953408225661,0
True,1.48937321779351,0
True,4.0019168312058,0
False,1.14838482376625,9.18228112494597E-05
True,2.79047461192987,0
True,2.08919901268905,0
True,3.56801463484118,0
True,1.05657105878971,0
True,1.85277919732984,0
True,2.314709532247,0
True,1.45701099324062,0
True,2.62270564424277,0
True,1.85605317905386,0
True,2.122934079347,0
True,1.06739651275838,0
True,3.27820334079275,0
True,1.71290033731795,0
True,3.44617930839469,0
True,2.97411448953615,0
True,2.51762111806051,0
True,0.861586564325093,0
True,1.39227112682444,0
True,2.28308673981942,0
True,1.78665373964184,0
True,1.64099023586599,0
True,1.90955501393057,0
True,3.91282526735984,0
True,3.11158287541536,0
True,1.22520787131757,0
True,1.07886225283998,0
True,1.09235738831629,0
True,3.507757789735,0
True,2.02049545405965,0
True,1.866101349655,0
True,1.18079630957144,0
True,1.72340126855754,0
True,1.33085458577072,0
True,1.7077531022489,0
True,2.94366829616248,0
True,3.40011924500362,0
True,1.04947389644596,0
True,2.43500000219208,0
True,1.53052064083551,0
True,0.931016323856666,0
True,1.02972607852396,0
True,1.71612465651077,0
True,2.5824286392452,0
True,1.32903681076453,0
True,2.18999735639176,0
True,1.07311408981676,0
True,0.759192500275332,0
True,2.12621650279032,0
True,2.1457378002313,0
True,1.1745421807033,0
True,2.13391782645625,0
True,1.56444470903567,0
True,1.46881831882579,0
True,2.76211172388827,0
True,1.15102668676192,0
True,1.10471229751258,0
True,1.75921315546498,0
True,0.92078535592555,0
True,1.59316612309134,0
True,3.43057148350721,0
True,2.00947744697238,0
True,1.31681651273427,0
True,1.86672686132348,0
True,1.15333356993362,0
True,1.14207432360989,0
True,1.57743659849815,0
True,1.27966211717875,0
True,1.54790453945547,0
True,0.983563631582446,0
True,2.94485370735687,0
True,1.83753800087018,0
True,1.87940586409391,0
True,1.28029279817511,0
True,1.9089230006122,0
True,2.28110111390617,0
True,3.50045872202278,0
True,3.31173259835865,0
True,1.80734682480315,0
True,1.51578148088577,0
True,1.52498043589957,0
True,2.79604378228425,0
True,3.01184099765995,0
True,1.10591591222213,0
True,1.60087176007758,0
True,0.953112940892651,0
True,2.55780770793271,0
True,2.77557722922398,0
True,0.887683720560129,0
True,2.66019510305901,0
True,3.70015555747227,0
True,1.54695378952649,0
True,1.59649968265768,0
True,1.79658829586182,0
True,2.25921952649579,0
True,4.18581636236566,0
True,1.92816215672676,0
True,2.64257852255945,0
True,1.99388438527271,0
True,1.78928982237687,0
True,1.40557477159994,0
True,1.69110901688349,0
True,1.57284472900706,0
True,3.28624386985697,0
True,2.40684550151985,0
True,2.42008592360869,0
True,3.30721585824609,0
True,2.73380771547679,0
True,1.04740231708732,0
True,2.87452896756052,0
True,1.54685776350226,0
True,1.3104272371652,0
True,1.19113353284529,0
True,2.79909700526987,0
True,1.14888822324339,0
True,3.1472276989087,0
True,3.63675134175207,0
True,1.95451364928045,0
True,2.50877583819063,0
True,2.37518839175574,0
True,2.45483668305243,0
True,0.750025323340725,0
True,2.56422295889502,0
True,0.955218864293064,0
True,1.8987889261319,0
True,2.24430940131377,0
True,3.58668874251007,0
True,1.130936315159,0
True,1.91598292468628,0
True,1.81952891938894,0
True,3.96677616120789,0
True,2.12901570807122,0
True,0.875139783886669,0
True,1.80740231441279,0
True,1.26453519319507,0
True,1.17284783174677,0
True,1.270101610559,0
True,2.89018154584265,0
True,3.10427263916113,0
True,2.33879922402817,0
True,1.20911973411981,0
True,3.98536296566531,0
True,2.19835530755259,0
True,1.13394342421239,0
True,1.54661271203607,0
True,1.21704090863861,0
True,2.79383859160605,0
True,0.679604692949687,0
True,2.95554615574196,0
True,1.86584106624408,0
True,2.6153980806653,0
True,3.27558438426239,0
True,1.05541753432662,0
True,1.81144565182412,0
True,1.76048810014585,0
True,1.5675777358952,0
True,1.76369213747067,0
True,2.4243821038733,0
True,3.02553993108044,0
True,0.771660207067505,0
True,1.86721537434568,0
True,2.38965148524796,0
True,2.44739558603392,0
True,2.29255389710345,0
True,2.58289792299076,0
True,1.68380604819123,0
True,2.05846536478359,0
True,1.63994174735869,0
True,3.28350038246149,0
True,2.93796513947742,0
True,1.7840161443315,0
True,0.837660577719779,0
True,0.685546223994953,0
True,2.62760279922208,0
True,2.22130034776191,0
True,1.76055684239809,0
True,2.41803269782224,0
True,1.46435280529405,0
True,2.21400248871384,0
True,1.19595509372317,0
True,3.36133035809695,0
True,1.36770160651228,0
True,0.968974775298009,0
True,2.33856352365896,0
True,1.8475841230143,0
True,0.725662229784515,0
True,2.50455453619244,0
True,2.06846846393525,0
True,0.866052842045924,0
True,0.972015468237642,0
True,1.25366046879627,0
True,2.83283805296854,0
False,2.63905245031168,0.000273581476673706
True,2.85395739555867,0
True,1.67754764182441,0
True,1.96024805306155,0
True,0.65794606116355,0
True,2.46787271785922,0
True,3.96694620232923,0
True,0.905477137472987,0
True,2.27779374794443,0
True,2.18756608866738,0
True,0.994800985474793,0
True,3.02193750107886,0
True,0.936345092326979,0
True,1.65216700094869,0
True,1.79217089965635,0
True,1.37672909910061,0
True,1.51447358420918,0
True,2.00721932551458,0
True,2.31285822702942,0
True,1.89463693479911,0
True,1.6613921512919,0
True,3.34476701034525,0
True,2.24204908189642,0
True,3.18379470038007,0
True,1.84774727909778,0
True,1.6933814593033,0
True,1.96189872033935,0
True,0.844210718421919,0
True,1.29420596435512,0
True,2.91190156383641,0
True,2.21454046561917,0
True,0.883401714578343,0
True,2.35184973964933,0
True,3.14881432684069,0
True,1.87975267250147,0
True,1.0200440913234,0
True,1.86890116930554,0
True,2.52669864793965,0
True,2.72891427530089,0
True,2.36090867754722,0
True,2.70498690398409,0
True,2.22109218342239,0
True,3.52768473551492,0
True,4.39189032920431,0
True,2.33107695682815,0
True,1.86658498449996,0
True,1.26200865909023,0
True,1.65984302419709,0
True,1.79554036567457,0
True,0.962025322040905,0
True,1.99159034063033,0
True,1.13523526532547,0
True,1.46605621347941,0
True,2.28336860747592,0
True,1.65519846633428,0
True,3.22769381527997,0
True,2.95782717043376,0
True,1.9901502493355,0
True,2.15132477799139,0
True,1.38600929538743,0
True,2.30492651207303,0
False,3.58728839695683,0.000298760729852515
True,1.04617664875833,0
True,3.14213987610056,0
True,0.799898190623215,0
True,1.61050439008771,0
True,1.34566232233892,0
True,0.937182762843381,0
True,3.07148212551628,0
True,1.35988658258986,0
True,1.41020117677994,0
True,1.56917048026562,0
True,1.72503404436036,0
True,2.3109780155658,0
True,1.38557028199849,0
True,2.82211521210496,0
True,4.13047100672459,0
True,2.12498590476905,0
True,3.39835854595353,0
True,2.19343017136084,0
True,2.19245604099125,0
True,2.89290291966503,0
True,1.76890685366181,0
True,1.27376207975148,0
True,1.75131590357075,0
True,2.05321959817161,0
True,2.63736820873748,0
True,1.36827631886115,0
True,1.55345444238289,0
True,2.05713667523051,0
True,3.91716665963826,0
True,2.04392244118324,0
True,2.05561130483911,0
True,2.30538552513337,0
True,0.93966380016485,0
True,1.10835602293827,0
True,1.61470873222434,0
True,2.78113251789371,0
True,1.01795075327099,0
True,2.93049394922506,0
True,2.09033324109953,0
True,2.05956214686818,0
True,1.44691764088546,0
True,1.42768822273599,0
True,1.17577911538216,0
True,0.907866198751121,0
True,1.75346282806361,0
True,2.60082230350025,0
True,1.63372218247037,0
True,1.8666851889523,0
True,2.43333720492726,0
True,2.06456117816299,0
True,2.50521106452074,0
True,2.79658526347001,0
True,2.59914700006001,0
True,1.61962148408939,0
True,3.25409814322781,0
True,1.99188916282087,0
True,0.987572230485256,0
True,0.860510978507717,0
True,1.95844433099017,0
True,2.8882787497952,0
True,2.05844122184047,0
True,1.76918649947288,0
True,2.035354944537,0
True,0.906135985365548,0
True,0.807925815864231,0
True,1.1686375609354,0
True,2.23819723304521,0
True,1.10899899467838,0
True,1.30378128993755,0
False,2.45693463788129,0.000124074228221691
True,3.12843265843626,0
True,1.09624789957396,0
True,1.41236931316024,0
True,1.12889206237157,0
True,1.00466916436408,0
True,1.70939808496587,0
True,0.575604013425852,0
True,2.27753613321938,0
True,1.40878905325285,0
True,0.955873776170133,0
True,2.57230269880419,0
True,3.7141969642965,0
True,3.19501146559402,0
True,1.44939405274269,0
True,1.44778528337231,0
True,1.85656911037245,0
True,3.60797539793492,0
True,3.61108885525652,0
True,1.50500206493376,0
True,1.50975636711844,0
True,2.34568571713807,0
True,3.29534555531814,0
True,1.7108807379524,0
True,2.12924782812796,0
True,3.40319507123899,0
True,1.99893332397736,0
True,1.69252653019216,0
True,0.920072680840525,0
True,0.83231005621296,0
True,1.22245826171831,0
True,3.97791165890777,0
True,4.07072434262557,0
True,1.28922288471288,0
True,2.28405533877927,0
True,1.14300972823407,0
True,1.8305018569981,0
True,2.20008044782673,0
True,2.58262999446449,0
True,1.98157972680797,0
True,1.09286718081364,0
True,3.65268194624097,0
True,0.969790727252059,0
True,1.90715099447076,0
True,2.78859971760611,0
True,1.99761615156109,0
True,1.3864036433247,0
True,1.51702536410707,0
True,1.77248757395942,0
True,1.72887972133145,0
True,2.04443719990725,0
True,1.48922400509566,0
True,1.15377377898694,0
True,1.53734919069042,0
True,1.3772195864652,0
True,1.31147084439584,0
True,2.41388305527939,0
True,1.33960282680166,0
True,1.41947508971532,0
True,1.1137917376442,0
True,1.44251157136521,0
True,2.02661805747794,0
True,1.28592430733165,0
True,1.76549935545277,0
True,2.28989756211188,0
True,1.51852160632176,0
True,2.67346136288024,0
True,2.40662218366286,0
True,2.24141227612358,0
True,1.89105263218814,0
True,2.37716111544356,0
True,1.84469785303104,0
True,2.37133033705261,0
True,1.95643723391125,0
True,1.67484649223774,0
True,1.69254756696089,0
True,2.23281958471088,0
True,3.53247559641515,0
True,1.65903986108756,0
True,1.53439769181919,0
True,1.63162407555613,0
True,1.21219026049997,0
True,2.71144367947858,0
True,2.48519414853952,0
True,0.859286902585615,0
True,1.15366646045115,0
True,3.65915801618211,0
True,2.05950835332242,0
True,2.20559953291589,0
True,1.11161547302515,0
True,1.22096101039971,0
True,1.30710987422427,0
True,2.82471935651949,0
True,2.40296516845427,0
True,3.47296044797027,0
True,2.25010727217574,0
True,2.77945482060805,0
True,1.94348479075364,0
True,1.69067547966878,0
True,1.24249258623851,0
True,1.72341151396445,0
True,2.08079992168326,0
True,2.72798373635535,0
True,1.21995067568216,0
True,2.17645283040286,0
True,2.04167036589421,0
True,1.6770955026282,0
True,1.24328787162092,0
True,3.3536016003099,0
True,1.22121414143704,0
True,0.883404876005616,0
True,1.48895463405032,0
True,1.65360219141234,0
True,2.14002195051189,0
True,2.03650350794877,0
True,2.07701637500768,0
True,2.21603948038999,0
True,1.11184980095686,0
True,2.63582995984281,0
True,1.78058388747757,0
True,2.57016450201854,0
True,1.96382132589768,0
True,1.31255851062809,0
True,1.84365316083573,0
True,2.37406050757877,0
True,3.98658930872387,0
True,0.937682736641748,0
True,1.0504728134551,0
True,2.62975786056993,0
True,1.84584464822789,0
True,2.90160159798778,0
True,2.56924723691464,0
True,2.54092812465968,0
True,2.14411767761287,0
True,2.1236390375319,0
True,1.381155451603,0
True,1.03357654522431,0
True,2.0275992176762,0
True,1.63140175770241,0
True,3.44778891714594,0
True,2.21829920320086,0
True,0.807012993173523,0
True,2.15287836957993,0
True,1.80233698367731,0
True,2.56986952381936,0
True,2.22565462888226,0
True,1.82663485436289,0
True,2.58526471342758,0
True,1.2744352832064,0
True,2.91913228881566,0
True,4.57474328703493,0
True,1.79810406524736,0
True,2.01644700823418,0
True,1.60338555945594,0
True,4.00667141040953,0
True,1.88984452007033,0
True,3.47875284017674,0
True,1.88429499573773,0
True,0.978382359875536,0
True,0.939758749177592,0
True,1.15158147576506,0
True,3.22991981795901,0
True,1.98634795159797,0
True,2.05004946949749,0
True,2.51807461902636,0
True,1.93180069535259,0
True,0.874636468871337,0
True,0.959404657321208,0
True,2.58647299893967,0
True,1.51081454793416,0
True,3.72328134607211,0
True,2.04542770399674,0
True,2.82367631284431,0
True,1.05070376692405,0
True,3.15734833388918,0
True,4.0002557055158,0
True,3.84344273447363,0
True,1.130588062532,0
True,1.73314605585493,0
True,1.5334741539811,0
True,1.17664033767745,0
True,1.60423249186491,0
True,2.31387030779545,0
True,2.72427111124069,0
True,2.11168765797601,0
True,2.92376636370355,0
True,1.18214470138821,0
True,3.27688837820151,0
True,2.06652862925715,0
True,1.50832585166269,0
True,0.761087466559423,0
True,1.0213898996169,0
True,2.04269489054116,0
True,2.44918852682885,0
True,2.18512604142625,0
True,2.01103626996729,0
True,1.40425501906102,0
True,3.53658005922825,0
True,4.01784322680395,0
True,0.98533231668755,0
True,1.15516668839438,0
True,1.78143255151104,0
True,0.952998340298059,0
True,1.12428770228932,0
True,2.65768211089669,0
True,1.02930226717002,0
True,1.07020721998292,0
True,2.17985185943052,0
True,2.35632167351984,0
True,1.33097404349054,0
True,2.07609647216416,0
True,1.03686030157749,0
True,1.33485766967703,0
True,3.37773546556015,0
True,2.08604871105106,0
True,1.83124645010155,0
True,1.69699133348761,0
True,1.84873335579484,0
True,1.85264488564419,0
True,0.912900283724385,0
True,1.96065651461805,0
True,3.84573470626364,0
True,1.53509547042874,0
True,1.052140190531,0
True,2.1273068007207,0
True,1.6907418757902,0
True,1.80022145855223,0
True,4.28510587251733,0
True,2.60279206347779,0
True,2.91358958060514,0
True,1.0362468115349,0
True,1.56409412443129,0
True,3.44239240265513,0
True,1.47974319820802,0
True,0.878897835919611,0
True,1.20865262075415,0
True,1.16859858433228,0
True,1.22464475730154,0
True,1.15046233297868,0
True,1.32929887860406,0
True,3.18062850728366,0
True,1.22192038094533,0
True,1.62757651339608,0
True,1.49299936293931,0
True,2.04189525262567,0
True,3.50638361646503,0
True,1.23162883053337,0
True,1.10381136555991,0
True,2.30831457277447,0
True,1.49797034265775,0
True,1.37235369960544,0
True,1.60230093827467,0
True,2.19467784446612,0
True,1.51024603779865,0
True,1.91946828021503,0
True,1.36601597004753,0
True,0.796382860526643,0
True,0.920497645962415,0
True,1.17700970730622,0
True,1.67412171797233,0
True,4.1860980381389,0
True,2.8817214473444,0
False,2.13165248940872,0.000561384583447652
True,1.70317348559227,0
True,2.07538688513034,0
True,2.60916498579867,0
True,2.82384303153859,0
True,1.63085156009184,0
True,3.34853306007034,0
True,1.47124733611326,0
True,0.727644216030905,0
True,2.22514617283078,0
True,0.892306863814609,0
True,1.55658890978946,0
True,1.72895737300166,0
True,4.37113219683919,0
True,2.11452166087084,0
True,2.10429571640033,0
True,2.08624313023677,0
True,1.78620683520647,0
True,1.73921470733735,0
True,1.26195103930845,0
True,2.01930087454884,0
True,1.57510112476448,0
True,1.48240649883947,0
True,2.91658915914243,0
True,2.6974561934231,0
True,2.57359652841102,0
True,2.06352816715529,0
True,2.46080594828054,0
True,1.68972067563799,0
True,0.693033670129051,0
True,2.4816356343193,0
True,3.4429095323692,0
True,3.98682095479124,0
True,2.65308732737499,0
True,2.45877761441684,0
True,1.31611728277429,0
True,1.61316615666497,0
True,1.60138290623055,0
True,1.59478419231232,0
True,1.71647627951634,0
True,1.8909709683111,0
True,1.26420492127206,0
True,1.97385983350099,0
True,1.29967990508686,0
True,2.93274887332026,0
True,3.1562550856065,0
True,0.960115062013101,0
True,3.41963955641625,0
True,3.29085800851489,0
True,1.10009363978916,0
True,1.42996058885925,0
True,1.3917472430972,0
True,1.43481641594637,0
True,2.8785926881565,0
True,2.14575092694551,0
True,3.09068134044983,0
True,2.08709020550523,0
True,2.61197517832224,0
True,2.44243180431234,0
True,3.0687535991508,0
True,1.63129606279614,0
True,2.38872748461963,0
True,1.81218084179019,0
True,0.965640880589028,0
True,1.62688276406072,0
True,0.776066235904272,0
True,1.37287722973622,0
True,0.485026453250332,0
True,2.84858484627095,0
True,2.77679788475852,0
True,2.66573044319876,0
True,1.49626693431113,0
True,1.42215452979125,0
True,1.38439909721103,0
True,2.22573487262571,0
True,1.95746932596445,0
True,2.68555104733134,0
True,1.37968174209302,0
True,1.42119519549218,0
True,2.16852268993323,0
True,2.54768916765371,0
True,1.41813295549774,0
True,1.40738221248098,0
True,2.37407051836274,0
True,1.69019978195626,0
True,0.843349219170661,0
True,0.854639283264438,0
True,1.13030302095018,0
True,1.54996335839905,0
True,2.07083918681226,0
True,2.35646945680739,0
True,2.7336336787418,0
True,2.98630453654546,0
True,0.63993392112764,0
True,3.13128222588018,0
True,1.08692181649428,0
True,2.21384243182828,0
True,1.99637761756251,0
True,1.71471614186592,0
True,2.05904741184517,0
True,2.81153290074231,0
True,1.13121291299744,0
True,2.77145795736907,0
True,1.6377851587486,0
True,1.45081899800303,0
True,2.91180514766489,0
True,1.63079635167211,0
True,2.08124846956284,0
True,1.71307660429182,0
True,1.1740205278004,0
True,2.04619037992169,0
True,0.988110447361898,0
True,0.678820555654479,0
True,1.7376688498973,0
True,0.722945695204492,0
True,1.52210617262156,0
True,1.58398598667844,0
True,1.27177338760223,0
True,1.07351719643823,0
True,1.30272768541719,0
True,1.96439383546026,0
True,1.98088869038041,0
True,1.24751047983989,0
True,1.31358507249123,0
True,0.730624253236703,0
True,2.261810948061,0
True,1.42659969608058,0
True,3.32710653182843,0
True,1.39811424726939,0
True,1.8425779907163,0
True,1.04875673849622,0
True,1.06084571376173,0
True,2.73149191826688,0
True,3.0671845959452,0
True,1.98008347373263,0
True,2.57230464448929,0
True,1.92077572140302,0
True,1.43851866112065,0
True,3.34299957773435,0
True,3.27977474643341,0
True,2.65832363540468,0
True,1.32254134246179,0
True,1.4308700348971,0
True,3.05968198565014,0
True,2.61083963244317,0
True,1.72904160432983,0
True,1.82606099475509,0
True,2.46209672750158,0
True,1.11993066711671,0
True,1.99971790402671,0
True,2.51425060536694,0
True,1.5206609205064,0
True,1.09205842622451,0
True,2.12178932502143,0
True,2.30114165584894,0
True,2.37612131738093,0
True,3.26537176733342,0
True,2.54266039745156,0
True,1.48622986032249,0
True,0.876266247385401,0
True,1.49425939166592,0
True,1.08943896807708,0
True,0.832379019677286,0
True,1.58051496329781,0
True,2.47023209308258,0
True,1.66610794460419,0
True,2.63831013883189,0
True,2.36640984499022,0
True,4.29939796254598,0
True,1.52775897410709,0
True,1.16414899025187,0
True,2.07964698176434,0
True,2.99835508956238,0
True,3.36875313336195,0
True,1.91754416309103,0
True,1.77627404473865,0
True,1.30007682461964,0
True,1.3815237465137,0
True,1.79147384857979,0
True,1.70763699300666,0
True,1.36672394536084,0
True,1.27782992636541,0
True,1.47441532690209,0
True,2.22511136328951,0
True,2.15159529560199,0
True,0.896852266921998,0
True,1.65606815162693,0
True,1.85517105443978,0
True,3.89448485054229,0
True,2.23571030383508,0
True,1.83730022760894,0
True,0.972846767506067,0
True,0.836923061185558,0
True,2.03582137208994,0
True,1.47191420015855,0
True,1.1124956992834,0
True,3.27395149213343,0
True,1.38319818578761,0
True,1.61859827941357,0
True,1.52810992354243,0
True,2.08480672835174,0
True,0.971767636788536,0
True,1.71120248317408,0
True,1.96262237291402,0
True,0.507570899179834,0
True,2.04380275081478,0
True,1.46034345504621,0
True,3.17196055369495,0
True,1.60293035920074,0
True,0.743928062231717,0
True,0.723972986643749,0
True,2.06293852418435,0
True,1.99801556923377,0
True,1.01065786399938,0
True,1.47386107982123,0
True,1.34141273668346,0
True,0.586020634298386,0
True,2.0008722192433,0
True,2.08932508621775,0
True,1.9595417036016,0
True,2.57967814589712,0
True,2.21991674518335,0
True,1.73844067941267,0
True,2.10621843695409,0
True,3.19272260130478,0
True,1.26372083607165,0
True,1.33842850229414,0
True,0.748002967907804,0
True,1.58193270556537,0
True,2.36266216276852,0
True,3.37047166636263,0
True,1.85525516462452,0
True,1.33552864386792,0
True,1.58539447437874,0
True,1.84150676777714,0
True,1.75852051820889,0
True,2.11022253784568,0
True,2.70504170550744,0
True,2.41678564910964,0
True,1.20259733111599,0
True,0.990852318519679,0
True,1.64324389058304,0
True,0.788996105047515,0
True,2.48723919764613,0
True,1.26220078950871,0
True,1.1850176811405,0
True,1.72756084662862,0
True,2.37514155380921,0
True,1.55896077335942,0
True,1.60477998106915,0
True,1.81983897290363,0
True,2.51212970015253,0
True,1.28534135758115,0
True,3.40890728890136,0
True,1.63758107124928,0
True,3.20789810841631,0
True,2.42873969056381,0
True,0.638866309173701,0
True,1.08414559967277,0
True,1.08114601094886,0
True,1.13395068933157,0
True,1.18452368677519,0
True,1.21824345354567,0
True,1.45511215187247,0
True,1.19806796689248,0
True,1.57733124625254,0
True,0.924918031729074,0
True,3.93113115425747,0
True,1.2310403188328,0
True,0.86112864191428,0
True,0.919161614068357,0
True,2.00307273701999,0
True,0.777935984434915,0
True,1.39644293443309,0
True,0.979947220440647,0
True,2.58791989762302,0
True,2.9153685874042,0
True,3.80247680747685,0
True,2.40477769531479,0
True,2.40411556977848,0
True,2.88068863931145,0
True,3.53586462849679,0
True,1.3547730802371,0
True,1.07132164720389,0
True,2.51528110808652,0
True,1.63262182697939,0
True,2.23895316904746,0
True,2.63136342173871,0
True,2.48454245290313,0
True,0.980160714829203,0
True,2.86639843269803,0
True,3.53171494932848,0
True,2.30214737727846,0
True,1.71791569754252,0
True,0.647685323680294,0
True,3.88188119336728,0
True,2.46658160699837,0
True,1.31422862528527,0
True,3.43839710750658,0
True,2.0011710413884,0
True,2.15141256171638,0
True,1.68566867444911,0
True,1.59090490069302,0
True,1.59114728158063,0
True,0.960285630030372,0
True,1.36713662639784,0
True,1.20368361049133,0
True,2.79151422709891,0
True,4.25628429601327,0
True,1.53120518561889,0
True,1.59483475837853,0
True,4.07535196951959,0
True,2.55760378176738,0
True,1.19543666408579,0
True,1.83898827861259,0
True,1.29926984844519,0
True,1.22702101340202,0
True,1.11526533456511,0
True,1.98325055150749,0
True,1.64313920911515,0
True,1.09128973891637,0
True,1.20810756747867,0
True,2.57237511799722,0
True,3.360129655134,0
True,2.20876770955821,0
True,2.4582148768289,0
True,1.26408595774755,0
True,1.39584925962137,0
True,2.90476192846496,0
True,1.98230990554871,0
True,1.75998480001671,0
True,2.93738671062232,0
True,3.70479489503238,0
True,2.32868992473446,0
True,1.62671167052272,0
True,1.78089328180756,0
True,2.42889216648237,0
True,2.01635481765385,0
True,2.5136095352342,0
True,2.3824279927574,0
True,0.715669583663133,0
True,0.584666153944219,0
True,1.02301000184737,0
True,0.856937668147532,0
True,1.38496056277375,0
True,1.11083267547163,0
True,1.6027144273837,0
True,3.00457776593357,0
True,1.95386757486499,0
True,1.24515054553663,0
True,1.41663584237513,0
True,1.1081509356778,0
True,3.62240371745042,0
True,2.19988406803458,0
True,1.12243279102011,0
True,3.88910305160237,0
True,2.10194144582998,0
True,1.29963949187783,0
True,1.6819502551924,0
True,1.13473654081511,0
True,2.67587407008832,0
True,4.00573416677688,0
True,1.12707469375714,0
True,2.69317014700459,0
True,3.44602824555474,0
True,2.36326472603704,0
True,2.23177799772419,0
True,1.4083432926372,0
True,2.53029618609906,0
True,1.29223576895878,0
True,1.12294555175225,0
True,1.64058476775481,0
True,3.56203608285396,0
True,2.80315007596774,0
True,1.65877196062027,0
True,2.89333864735791,0
True,3.12376941901167,0
True,4.08195357543392,0
True,2.36042614122641,0
True,3.33343019134634,0
True,2.03528360858842,0
True,1.19419426315296,0
True,1.24500296312529,0
True,2.32964528206489,0
True,1.52913628873406,0
True,1.81783275818935,0
True,0.961173910552967,0
True,2.07298550858656,0
True,3.11271512493537,0
True,2.60384777345943,0
True,1.3361993058794,0
True,1.96964619465561,0
True,1.6413271858017,0
True,1.50390293310101,0
True,1.94019863984386,0
True,1.59194365434803,0
True,2.73088340665451,0
True,2.49773241811361,0
True,1.0204550552013,0
True,1.47828769709782,0
True,1.31184563865531,0
True,1.64329086767549,0
True,1.1653104132918,0
True,3.03427571498424,0
True,1.94557524136239,0
True,2.16020663434486,0
True,1.39624277644813,0
True,1.77121579168883,0
True,0.903441311497421,0
True,1.23530699312412,0
True,1.5625359228039,0
True,1.60390035680571,0
True,2.47798204277425,0
True,2.60107420108981,0
True,3.53744315716172,0
True,3.67385203306255,0
True,0.845906946595025,0
True,1.32892547282151,0
True,1.06517676509473,0
True,3.01462292742353,0
True,1.30927027055322,0
True,2.21103602766914,0
True,2.98599624880379,0
True,1.78479088706748,0
True,1.65384332799624,0
True,1.44144236278235,0
True,1.10666119527724,0
True,2.01865673568065,0
True,1.10340176675074,0
True,3.28931095263108,0
True,1.97928613849103,0
True,1.2897684514101,0
True,2.45081618928504,0
True,0.920717180735267,0
True,0.877383974492454,0
True,1.68804639514878,0
True,1.57847026511343,0
True,1.54030396309986,0
True,3.75914500848618,0
True,2.51930006931473,0
True,2.30339206640547,0
True,1.87895163798032,0
True,1.93776126708566,0
True,0.862696744258758,0
True,1.32185873939115,0
True,1.81079024721915,0
True,2.08942449188929,0
True,2.07414212055063,0
True,1.99280103737441,0
True,1.51602741197355,0
True,0.665198068274841,0
True,1.58093660694992,0
True,2.61328132367999,0
True,2.04642448719914,0
True,1.78760827574109,0
True,1.91507310315714,0
True,4.26181632280905,0
True,2.73008895522903,0
True,1.71028566279223,0
True,1.38138942856145,0
True,2.46309511626731,0
True,1.77736526046616,0
True,2.24571821772727,0
True,2.49878251514971,0
True,1.10922648194171,0
True,1.47201772423916,0
True,1.89052008991219,0
True,1.85682461013468,0
True,2.67442089586417,0
True,3.13000830515232,0
True,2.35785401670023,0
True,1.63659465387493,0
True,2.57533450505795,0
True,2.59279493593754,0
True,2.48640484573761,0
True,1.13189572652064,0
True,2.80655760061134,0
True,3.6709811161238,0
True,2.3965580685357,0
True,2.17864825122652,0
True,2.21774383012709,0
True,1.05873686191971,0
True,1.53784022757815,0
True,3.36197132331353,0
True,4.3406281691976,0
True,1.98778158920027,0
True,1.89441160953247,0
True,2.03367844234405,0
True,1.98256037553761,0
True,2.30474730796954,0
True,3.45647983663607,0
True,2.05987644682598,0
True,1.03152026269197,0
True,1.40965927637082,0
True,2.82964395331472,0
True,2.6723064229365,0
True,2.15165005842224,0
True,1.77940303324756,0
True,2.60210180958528,0
True,2.5137449432751,0
True,2.35713399727253,0
True,2.20599910932785,0
True,2.58861013837729,0
True,3.20904967115039,0
True,1.4721749813836,0
True,1.68603691922829,0
True,1.71555927878985,0
True,1.30788066046777,0
True,2.88152421093874,0
True,0.387315116646942,0
True,1.5468250519851,0
True,2.36491965227219,0
True,2.0901652804337,0
True,3.11118945290297,0
True,1.36981531045573,0
True,1.03229955409591,0
True,2.1263810580973,0
True,1.10163545494239,0
True,1.67530326053935,0
True,1.35464964739061,0
True,2.02190195318124,0
True,2.00538081345404,0
True,1.93146918149312,0
True,2.13940732422443,0
True,1.95157590142911,0
True,2.6930023634369,0
True,1.33707236856968,0
True,1.51897823612212,0
True,2.60828619474434,0
True,2.10584419488237,0
True,0.664934978604661,0
True,3.10943507561676,0
True,1.62808134077367,0
True,2.22433203440802,0
True,1.56975441865514,0
True,2.37699254921803,0
True,2.46476085729272,0
True,2.0128864811306,0
True,2.16410771623336,0
True,2.10608275355977,0
True,1.2618392205177,0
True,1.59573286978371,0
True,2.63921188628423,0
True,1.6482879768089,0
True,2.08580342043643,0
True,2.44356232944367,0
True,3.10136323150036,0
True,1.73578186344231,0
True,0.573305262602597,0
True,0.649598755834777,0
True,1.50948523585168,0
True,1.26612209325766,0
True,2.36179227924601,0
True,1.89759490061066,0
True,2.55794942381476,0
True,2.52261146052473,0
True,1.90326077715987,0
True,3.9024287508201,0
True,1.32272721191241,0
True,0.882705701146609,0
True,4.0332066180269,0
True,1.65960019226683,0
True,2.40395170674037,0
True,1.18259350011847,0
True,1.06100297155893,0
True,3.6969669756628,0
True,3.23448856248749,0
True,2.35437350166435,0
True,2.16556508951355,0
True,1.57250572022403,0
True,1.89238506489443,0
True,1.49943266890746,0
True,0.546438396314722,0
True,1.28839932899252,0
True,0.861727482568093,0
True,3.58955043765979,0
True,3.17557087425666,0
True,1.76285479351053,0
True,1.58972632219821,0
True,1.24046930920893,0
True,3.11873534236067,0
True,3.11883476982344,0
True,2.18307654802384,0
True,1.22050038578467,0
True,1.66046830789092,0
True,1.56309800506562,0
True,1.31717715198637,0
True,1.35955107681225,0
True,0.802802340942422,0
True,1.2126335223614,0
True,2.49836849412111,0
True,1.38485118954535,0
True,1.40566363704386,0
True,2.01256263542148,0
True,2.15017785877724,0
True,1.53969562716293,0
True,0.592981676567488,0
True,3.62204702505443,0
True,1.88230005557903,0
True,1.64650303447113,0
True,1.44610270508493,0
True,2.42423180380677,0
True,0.970174735054466,0
True,0.883877977636555,0
True,1.40211091003837,0
True,2.56467446730852,0
True,1.66777989856778,0
True,3.04450585075167,0
True,0.818500653569576,0
True,2.77731508528901,0
True,2.13115936115355,0
True,0.860525855597129,0
True,3.16434658606319,0
True,1.4290206194391,0
True,1.14859743739478,0
True,3.53747212434121,0
True,0.972326494978036,0
True,1.13885674662872,0
True,1.19291534772502,0
True,1.12517960288151,0
True,1.28415012278027,0
True,1.1602019935961,0
True,2.82833107592431,0
True,1.15790689266,0
True,1.24179314749205,0
True,2.54709553814461,0
True,2.0333976312313,0
True,1.42848906462331,0
True,2.49227339783688,0
True,1.0828639523294,0
True,1.20288071419476,0
True,2.56217121562892,0
True,1.74671425775578,0
True,1.84462140912451,0
True,2.26609876935779,0
True,1.19058515195159,0
True,2.00809212430797,0
True,1.07774274806766,0
True,0.992674239520607,0
True,3.08400049210463,0
True,1.86402977964139,0
True,2.78444347824241,0
True,2.63547524556547,0
True,2.3400883053617,0
True,1.82003197210127,0
True,2.65921501052189,0
True,1.0853646118617,0
True,2.91431293801548,0
True,1.14165367262,0
True,1.56449468654466,0
True,1.48819021403628,0
True,2.53164160590267,0
True,2.09824623937668,0
True,2.03237681122166,0
True,1.25715639617405,0
True,2.20044370608912,0
True,1.79591150066233,0
True,2.46446957747862,0
True,1.67401511692387,0
True,3.03119940111355,0
True,1.86889463924437,0
True,0.86735190042124,0
True,3.12167495985478,0
True,0.746241593785012,0
True,1.24134395448389,0
True,2.27192457289477,0
True,1.47952356018072,0
True,1.45203992309921,0
True,1.35553478856443,0
True,1.33537057400732,0
True,3.00218855419721,0
True,2.0389864963255,0
True,2.52222733925265,0
True,2.17575139160727,0
True,2.57696590021298,0
True,2.50006355885537,0
True,1.96297295175689,0
True,2.69216822792095,0
True,3.86176529623794,0
True,1.01705191784452,0
True,1.58913849505281,0
True,1.2050954271069,0
False,1.20814406246365,0.000368745645965329
True,1.85408075246622,0
True,1.3133260693923,0
True,1.35363514084226,0
True,1.06500532900057,0
True,2.56436496218244,0
True,2.92950223721624,0
True,2.91353026525381,0
True,3.00639463245492,0
True,1.63788677882853,0
True,1.63195083071318,0
True,1.84571119661962,0
True,2.59716654066251,0
True,2.58861780287104,0
True,1.31307938500481,0
True,1.8971439800714,0
True,2.4823797754844,0
True,3.53845787577799,0
True,2.79256740160008,0
True,2.06310545543131,0
True,1.66371669350547,0
True,1.04101085197714,0
True,0.728311319215659,0
True,1.59644229867792,0
True,1.39477114142205,0
True,3.41389692011884,0
True,3.33706686640772,0
True,0.998200268392696,0
True,1.80954352983961,0
True,2.06821321361177,0
True,1.62053676345513,0
True,1.67222767317746,0
True,1.16072148036656,0
True,1.44971661138573,0
True,0.829237736867735,0
True,1.9328626150027,0
True,2.5331214242174,0
True,1.61966413845268,0
True,0.931512444538137,0
True,2.84354204401067,0
True,1.79435307593007,0
True,2.42736089107338,0
True,2.06953632575778,0
True,2.07424474071612,0
True,1.81495313856909,0
True,3.18076471878065,0
True,2.36415804495063,0
True,1.41090205687292,0
True,0.618063863236744,0
True,2.28801265490438,0
True,1.39181946810632,0
True,1.10102570944668,0
True,1.52675664530444,0
True,1.51181398038171,0
True,0.980858226150991,0
True,1.95514386273977,0
True,1.97109715468538,0
True,2.00590863742387,0
True,0.860728509555319,0
True,1.89365482241165,0
True,1.66838996396669,0
True,1.84023165499263,0
True,1.90012281007819,0
True,3.18915629086088,0
True,2.30801253766012,0
True,3.04078355716452,0
True,1.00320363115243,0
True,3.39077181840081,0
True,1.48774238841851,0
True,0.942518944736676,0
True,1.63704172517332,0
True,1.92117853608225,0
True,0.993977523162598,0
True,2.68660566123209,0
True,1.26912412503667,0
True,1.54206943383209,0
True,1.74085952466093,0
True,1.25102795918546,0
True,1.60383296356346,0
True,1.92943826170525,0
True,2.67162784895433,0
True,1.28262498921624,0
True,1.53424287110292,0
True,2.2042673135373,0
False,2.67415222828253,9.04741012218107E-05
True,2.11598434934898,0
True,2.48252821062764,0
True,0.85975815208456,0
True,2.28231227065916,0
True,2.32419392818424,0
True,2.35294679910129,0
True,2.12654755509928,0
True,1.82509277592979,0
True,1.45737159035844,0
True,1.19112118544529,0
True,2.27904631870097,0
True,1.00356032655428,0
True,1.16908125205083,0
True,2.62751950713946,0
True,0.900029676481275,0
True,0.980508697570947,0
True,3.27744893450645,0
True,2.90547853422123,0
True,1.40924884787257,0
True,2.43764135010433,0
True,2.80158839985064,0
True,3.57248193295983,0
True,2.90558561419429,0
True,2.19014072226228,0
True,2.03150955823034,0
True,1.59328799052894,0
True,1.5261796373817,0
True,1.38910072622361,0
True,2.66605699466508,0
True,3.22069025469862,0
True,1.28298187779191,0
True,1.12220939150949,0
True,3.6572317386719,0
True,1.80809759077268,0
True,1.85090021612319,0
True,2.03104273407879,0
True,2.92397326151963,0
True,1.44007219202386,0
True,2.39119501392242,0
True,2.63870528592903,0
True,3.58300322770668,0
True,1.03800636621076,0
True,3.33261039011476,0
True,1.785361675037,0
True,1.66613512684727,0
True,3.28229359554989,0
True,2.02796497098715,0
True,1.26640998044516,0
True,1.429048028033,0
True,1.23850771222088,0
True,2.52529000654536,0
True,1.25785014155986,0
True,0.827916655678883,0
True,1.41211903251485,0
True,2.87315521957876,0
True,2.07380443827359,0
True,2.67444292437286,0
True,3.69951170625376,0
True,2.32766405077266,0
True,1.16016187536577,0
True,1.56512363375016,0
True,2.53865452661638,0
True,4.57245772650073,0
True,2.34547092275254,0
True,1.91176234018903,0
True,1.54107555190714,0
True,1.14952689373926,0
True,1.41700201953863,0
True,1.20588190440877,0
True,1.5204564428079,0
True,1.82750325913551,0
True,2.12776040051297,0
True,3.71180270177734,0
True,1.22990209398671,0
True,2.51226578508072,0
True,1.04509396774929,0
True,1.55674734335599,0
True,1.72983631894545,0
True,1.81471685985701,0
True,1.46433888110595,0
True,1.6870980674257,0
True,1.06680186846473,0
True,2.32786474476683,0
True,1.81131409769798,0
True,1.55772011928373,0
True,0.940171866417392,0
True,0.83953354986415,0
True,0.716662521023444,0
True,1.91439216282374,0
True,1.35874868743259,0
True,3.65304529992882,0
True,1.12392492224223,0
True,2.41587104287963,0
True,1.2240789669726,0
True,2.65037775170763,0
True,2.89002322035438,0
True,1.10866788847176,0
True,2.61068272665731,0
True,3.28684416607116,0
True,2.40469642563061,0
True,1.89256396542524,0
True,1.80456677402243,0
True,4.19267658812801,0
True,0.849439137001502,0
True,3.42784544479142,0
True,1.23526532124788,0
True,0.774072448452501,0
True,1.26760690662654,0
True,2.57408033752476,0
True,2.16582528940518,0
True,0.998510940539439,0
True,3.0223141042921,0
True,4.09550339488889,0
True,1.19165588726521,0
True,0.996381189794287,0
True,2.2473720657309,0
True,2.86137539197486,0
True,1.60090092576098,0
True,1.0548403744146,0
True,1.60073321593345,0
True,2.67884511397551,0
True,2.66767194055862,0
True,1.15100026192218,0
True,1.93025219941555,0
True,2.27919614758338,0
True,0.508214434032718,0
True,1.85560090716299,0
True,1.19166749484152,0
True,1.77142090410972,0
True,1.41878640069549,0
True,2.00397240646266,0
True,1.46142227174369,0
True,2.03615377720511,0
True,1.48937291916522,0
True,2.41648799424382,0
True,1.92822856051715,0
True,0.927802411846072,0
True,1.83472888000111,0
True,0.893762521998318,0
True,2.48732090018399,0
True,1.05305003175671,0
True,2.17854013863337,0
True,1.66713036011229,0
True,3.89293006628055,0
True,1.89632934363295,0
True,2.71585303587048,0
True,1.70117631043557,0
True,1.42083916262893,0
True,1.48304699658142,0
True,3.90995463095561,0
True,2.19261476214245,0
True,1.49834541452599,0
True,2.2568918577033,0
True,1.20661935776501,0
True,1.52625758033139,0
True,1.01620212641229,0
True,2.00614860005678,0
True,0.892212645758436,0
True,1.52002928018581,0
True,2.22899531124737,0
True,1.26058163546639,0
True,1.9923767167006,0
True,1.9108344249987,0
True,1.87214364402719,0
True,2.39206076550337,0
True,1.2242734864665,0
True,2.74481937516509,0
True,1.86354636907279,0
True,0.874855559967831,0
True,3.37240153143586,0
True,2.05489220720818,0
True,1.37644107330123,0
True,2.66339375982306,0
True,0.951436827932901,0
True,3.66442284042225,0
True,1.85729725892352,0
True,1.68402310829319,0
True,3.57723261319267,0
True,2.19561123075691,0
True,1.53299791519646,0
True,1.81235502195111,0
True,2.15381453086195,0
True,1.15271780916484,0
True,2.22006427489338,0
True,1.04496685284802,0
True,1.30257291171149,0
True,1.62966112210196,0
True,1.61489665754783,0
True,1.14149222701202,0
True,1.23281158048411,0
True,0.754563557275867,0
True,0.539086511107288,0
True,1.76907622301029,0
True,3.02153915354225,0
True,1.97173457517024,0
True,2.26600058022164,0
True,2.59998127698566,0
True,4.12037557892823,0
True,1.9463036353492,0
True,1.3434204846103,0
True,2.34178659197512,0
True,1.96420980115314,0
True,1.29807336722246,0
True,2.1423837184552,0
True,1.85657971246409,0
True,1.09830390843246,0
True,4.06309868938833,0
True,2.62297741806378,0
True,2.66016018852684,0
True,1.45239814396826,0
True,3.39790671724528,0
True,2.67561415711449,0
True,1.6771608516313,0
True,1.32354612600806,0
True,1.17148266892665,0
True,1.78244228931178,0
True,1.05024850671185,0
True,3.67199998360474,0
True,0.757350597715752,0
True,1.30436036701932,0
True,1.55260781965378,0
True,2.39978340894708,0
True,1.74336611313236,0
True,1.17536603583066,0
True,1.27089639539659,0
True,2.7492117770606,0
True,1.65377813011433,0
True,2.46392387473271,0
True,2.20009129562107,0
True,1.99812128875154,0
True,2.43112815373554,0
True,2.03539970615399,0
True,1.90799802991746,0
True,1.44520401386655,0
True,1.36332869381091,0
True,2.5030784342017,0
True,1.98412704746137,0
True,1.73024533504127,0
True,1.81173612254901,0
True,1.72581825560407,0
True,1.40774519735367,0
True,2.48105520803537,0
True,1.49754339898118,0
True,1.79569287204821,0
True,2.53483222123337,0
True,1.27609587224718,0
True,1.85084582033413,0
True,1.71638097128612,0
True,1.79994104488956,0
True,1.39428238305032,0
True,1.43546552080148,0
True,1.77029174402738,0
True,2.34455089603316,0
True,2.26787548720056,0
True,1.74633824586709,0
True,2.04790038671949,0
True,1.46807624649596,0
True,1.60152616405176,0
True,2.16697482968745,0
True,0.944113571848743,0
True,1.1943926294773,0
True,2.04684848974952,0
True,2.4480513350234,0
True,3.86206518337208,0
True,3.38876608021993,0
True,3.65249708809515,0
True,0.638694034513855,0
True,1.83341360435092,0
True,1.47912524598615,0
True,1.19425782989284,0
True,2.36100766667155,0
True,1.41216145562945,0
True,2.01459584713768,0
True,1.17814858592437,0
True,1.66692361411725,0
True,0.95159519432136,0
True,3.06627519780571,0
True,1.49068239945993,0
True,1.92092691410128,0
False,3.92560043303562,7.86684792382247E-05
True,4.09450099549589,0
True,0.999618154122291,0
True,3.39104312583206,0
True,2.18119752399467,0
True,2.35777617012199,0
True,0.90884131624799,0
True,0.998783120905613,0
True,2.72621181158836,0
True,3.28163344765601,0
True,2.29311812436056,0
True,3.39888475900498,0
True,1.50593290468693,0
True,1.31818437235264,0
True,1.22166221301148,0
True,1.03396211480007,0
True,1.98260132156511,0
True,1.0620279248149,0
True,0.950738483407295,0
True,1.38622807027505,0
True,1.00116150695248,0
True,1.64247004940777,0
True,2.39526677358593,0
True,2.4500413691438,0
True,1.78063409037763,0
True,2.04903146122949,0
True,4.34880540018873,0
True,2.75153717879104,0
True,2.28627775951357,0
True,0.862621660757655,0
True,1.90223036912108,0
True,3.19912261657011,0
True,1.33392648908943,0
True,1.53652172172387,0
True,1.4589317776343,0
True,2.7055924693048,0
True,1.03198126608844,0
True,1.12107906533963,0
True,1.29781720486799,0
True,0.979775670150138,0
True,1.89710735329106,0
True,1.21163280673737,0
True,2.03294637454005,0
True,0.890389017332449,0
True,4.11194496893415,0
True,2.46631876577689,0
True,1.03444309901032,0
True,2.86952319996146,0
True,1.73435531871355,0
True,3.71301106895356,0
True,3.23096972481599,0
True,3.94633808982509,0
True,4.23104532898539,0
True,1.12247528582964,0
True,0.721970542800533,0
True,1.57402577389615,0
True,2.27326166712615,0
True,2.49250905604999,0
True,2.6228698103506,0
True,1.7260997051492,0
True,2.0327914271905,0
True,2.3422833388943,0
True,2.75722178004406,0
True,1.32885394591183,0
True,1.67005079824872,0
True,1.75065114324293,0
True,1.10654591673729,0
True,1.30371399185193,0
True,3.81502741136006,0
True,1.84243113666633,0
True,1.42952442255797,0
True,0.927322260879526,0
True,1.94478214065738,0
True,0.929896157350644,0
True,1.69100310277022,0
False,3.56587864078435,0.000145201023278881
True,2.70943193040403,0
True,1.10033531296352,0
True,0.893967530919589,0
True,1.61563269043896,0
True,2.74481206205951,0
True,1.48850476527842,0
True,1.84422386190084,0
True,2.4384754975411,0
True,2.09949093224337,0
True,2.70684927357502,0
True,1.61276937897985,0
True,2.2448441921619,0
True,2.50904919993624,0
True,2.23872576456009,0
True,3.14741005434489,0
True,1.67560424815348,0
True,1.20898870315462,0
True,1.97837950216522,0
True,1.0373836314009,0
True,2.84475782685314,0
True,3.37593036257633,0
True,1.74799066717302,0
True,1.46626832412737,0
True,2.19952607614731,0
True,1.13372396383245,0
True,1.58834515531499,0
True,1.4443092440008,0
True,2.80378475947045,0
True,2.0191301630042,0
True,2.43164942475022,0
True,2.25062671824798,0
True,2.3008547890254,0
True,2.51746346919812,0
True,3.17141755187441,0
True,1.9415818797061,0
True,1.59552805459691,0
True,3.53171714750017,0
True,1.50281408247655,0
True,1.00854471865097,0
True,1.30642859965855,0
True,4.29983659754362,0
True,1.9284699650745,0
True,1.51225215540692,0
True,2.45589815410139,0
True,1.75280607213747,0
True,2.18063527932049,0
True,1.09704139885381,0
True,1.61103206433421,0
True,0.670435306230528,0
True,2.00506734639574,0
True,1.51721577432848,0
True,1.32591776584436,0
True,0.839468775658062,0
True,2.59988488773615,0
True,3.55374483565234,0
True,1.41889600548832,0
True,2.42145558090109,0
True,2.76393399231684,0
True,3.8510006321347,0
True,2.43321826112125,0
True,1.03881265990564,0
True,1.1844464002533,0
True,1.42582609324202,0
True,2.63474295549381,0
True,2.51672651476108,0
True,0.976597333267217,0
True,1.67046377473583,0
True,2.25378095956066,0
True,1.37895368197446,0
True,2.2743170024179,0
True,1.52996678872696,0
True,1.33381133920543,0
True,3.89218329875035,0
True,3.44752283704806,0
True,3.23462116166595,0
True,1.01382042801192,0
False,2.07908369803828,0.000160099852502068
True,2.83889561249025,0
True,2.90051167057405,0
True,2.6473685112858,0
True,3.25279585306364,0
True,1.36217151268309,0
True,0.502303895810587,0
True,2.10495871745062,0
True,1.98041195044169,0
True,2.52780959769426,0
True,1.58236205085992,0
True,1.59813409765952,0
True,1.31668080912216,0
True,3.25906057799085,0
True,3.53354760572365,0
True,1.05544509198156,0
True,1.1393279188848,0
True,2.07389020498498,0
True,1.31252411659647,0
True,0.758166972074837,0
True,1.38804562341778,0
True,1.13790272663228,0
True,0.660119088153127,0
True,1.06959522293113,0
True,1.9395031698735,0
True,1.70200299097264,0
True,2.4983685023059,0
True,1.19829643406887,0
True,0.705429434621343,0
True,1.0170020504999,0
True,1.30960006710773,0
True,1.70679173006613,0
True,3.40826028955021,0
True,2.49612436504807,0
True,2.44770157748422,0
True,2.21346222460386,0
True,3.5644089314814,0
True,0.764882415601779,0
True,3.70120530383736,0
True,0.951982510054472,0
True,1.30139048968972,0
True,1.10957471520526,0
True,1.39104930899804,0
True,3.07802076119441,0
True,1.96503266782774,0
True,1.92283739282825,0
True,2.5937435578629,0
True,1.69195186797978,0
True,1.04288452468896,0
True,1.4213990266437,0
True,1.53650085866663,0
True,1.69784847921228,0
True,2.71782914509568,0
True,2.12838409653623,0
True,1.7007765316567,0
True,1.04631943835623,0
True,1.64988244103635,0
True,1.33358054336575,0
True,1.1048644413316,0
True,1.77739053988998,0
True,1.95105238491198,0
True,0.796901509408027,0
True,2.80102788913786,0
True,2.70612611724179,0
True,2.82706657219768,0
True,2.41432696596021,0
True,0.714963733585227,0
True,1.90535195130626,0
True,0.980280388212115,0
True,2.04149039647415,0
True,1.62743514946128,0
True,3.50167376859452,0
True,1.61305283213386,0
True,2.1865563096586,0
True,1.1990432873034,0
True,1.54319160135974,0
True,2.65843603661398,0
True,1.80657635969579,0
True,2.36351296801186,0
True,1.19734544656988,0
True,3.3863495569323,0
True,1.24069313001716,0
True,2.50096360934908,0
True,1.51217122804786,0
True,1.77615479490319,0
True,1.30571466529872,0
True,2.53188032388425,0
True,2.17250857651341,0
True,1.89267818265019,0
True,0.783450412072352,0
True,2.31958852984265,0
True,1.61574075109056,0
True,0.804273764905359,0
True,0.957654325086088,0
True,1.69704255785653,0
True,1.61392761044096,0
True,1.53282474746033,0
True,2.2108399507578,0
True,1.98471090594421,0
True,1.33867993965077,0
True,2.16085095295543,0
True,2.25215656210774,0
True,0.926627265601462,0
True,1.23093904884749,0
True,1.11765907432571,0
True,1.27906116158901,0
True,2.12470372034191,0
True,1.93001523009341,0
True,1.43824168614542,0
True,1.59526455776236,0
True,1.30018469850102,0
True,0.787861111696447,0
True,2.52666710338825,0
True,2.43826851861641,0
True,2.55374771748568,0
True,1.92017073521414,0
True,1.00038965166679,0
True,1.5854172166404,0
True,3.0779027587576,0
True,1.58297553487727,0
True,1.71541734313626,0
True,1.06351494059128,0
True,0.96674788066376,0
True,2.24059359262788,0
True,1.16831075777253,0
True,0.87487878022217,0
True,1.01227745047281,0
True,1.95780165230852,0
True,1.68051541757954,0
True,1.24919525162435,0
True,2.01190469611076,0
True,3.80971312618824,0
True,1.23284279151323,0
True,1.36457531428119,0
True,1.80019160285622,0
True,1.20445151189139,0
True,2.39638462772544,0
True,1.16264688797347,0
True,3.14173590878352,0
True,3.17461129012964,0
True,2.71419259896562,0
True,1.6760981514921,0
True,0.981569373627278,0
True,1.48658323339439,0
True,1.60466204982925,0
True,2.17363540130068,0
True,2.46060469975078,0
True,1.70902538100216,0
True,2.25848113302289,0
True,2.052378234261,0
True,1.61732255847704,0
True,1.06360302524614,0
True,1.88732294236552,0
True,2.42957530397689,0
True,1.87655796670672,0
True,3.06266477558235,0
True,2.43310081510173,0
True,1.50456676277115,0
True,1.23454060681615,0
True,1.61273998075173,0
True,1.67487904926619,0
True,1.55744083563847,0
True,3.3956702997461,0
True,1.78153396017765,0
True,2.59201474062153,0
True,2.96880819889714,0
True,1.627962228329,0
True,2.00873944308831,0
True,2.77666354077395,0
True,2.50475459940614,0
True,1.22319249984099,0
True,3.83250809083312,0
True,1.82295275671562,0
True,3.01418155169403,0
True,1.19432518229301,0
True,1.34552991542925,0
True,2.233510510577,0
True,2.45721402180093,0
True,2.19344885025898,0
True,1.58486705639281,0
True,1.01652693321262,0
True,2.15383648695137,0
True,1.13513173252891,0
True,1.28582466122119,0
True,3.99106396383592,0
True,1.97897850783031,0
True,3.28788514418194,0
True,3.62369087423852,0
True,4.14902527580679,0
True,1.93506023870257,0
True,4.30164570361001,0
True,3.87466769449998,0
True,4.15637065455335,0
True,2.81421857822913,0
True,1.30067015938451,0
True,2.86808655635279,0
True,1.41205301330558,0
True,2.07047370107612,0
True,1.03332850939281,0
True,2.27039089293075,0
True,1.83539040715306,0
True,2.32794944292799,0
True,3.38431439421201,0
True,2.06905510105786,0
True,2.56002061237729,0
True,1.75793298422841,0
True,1.23866808666008,0
True,1.77831620803925,0
True,1.39132073093889,0
True,1.21713403684136,0
True,2.64064797212591,0
True,1.8759319640303,0
True,1.28544686596752,0
True,1.79634802588484,0
True,2.76651125402903,0
True,1.23128485838461,0
True,1.87698752639055,0
True,2.35894359156975,0
True,1.07716924463417,0
True,2.42302679012572,0
True,3.67913360498963,0
True,1.30246355295058,0
True,2.13177041591145,0
True,1.26110590201154,0
False,1.6430005251,0.000287699245938443
True,1.41018810902947,0
True,1.13051325741948,0
True,1.70117438767855,0
True,1.07963980803465,0
True,2.01609766247621,0
True,2.52380439403567,0
True,2.78045185528423,0
True,1.16049346907869,0
True,2.57596405761006,0
True,2.58403894447609,0
True,2.2799400360468,0
True,1.24960997111726,0
True,1.16136272816222,0
True,1.74852996315607,0
True,1.07050126182623,0
True,2.10645249758127,0
True,1.97614040858558,0
True,1.92979571383487,0
True,2.61419380046094,0
True,1.91808727625927,0
True,2.76049862245103,0
True,2.70929544176293,0
True,2.28831170772369,0
True,2.28769589523159,0
True,0.997163515101867,0
True,1.66000565762263,0
True,1.58589968054774,0
True,0.723849493884219,0
True,1.97247413981296,0
True,2.57488864260374,0
True,2.20849535973038,0
True,2.5016330750272,0
True,2.40290278000727,0
True,1.65762458459204,0
True,1.0266189484131,0
True,1.72346648090464,0
True,0.901948150966176,0
True,3.5690970841401,0
True,1.51861656571924,0
True,3.797103134951,0
True,2.67488983983353,0
True,1.3540824935298,0
True,1.59262115188947,0
True,1.70113153655636,0
True,1.25794347052717,0
True,2.08754472501911,0
True,2.60085973165018,0
True,2.14069930327038,0
True,3.16113251763493,0
True,2.99980601787481,0
True,1.78705074284576,0
True,3.30836552398787,0
True,1.33951241486741,0
True,1.47668101934584,0
True,1.00633754932918,0
True,1.73637429982952,0
True,2.46311068539629,0
True,1.47531484431228,0
True,2.26328825997105,0
True,1.10017587122124,0
True,2.18161001069775,0
True,2.78444812262984,0
True,2.8291433047278,0
True,2.13512273511884,0
True,0.958414561149094,0
True,1.29555331303411,0
True,1.2588421865998,0
True,1.80068978021962,0
True,1.55581930918882,0
True,2.26145188790376,0
True,3.0148084391118,0
True,0.628127004819437,0
True,0.797897158070781,0
True,0.810546352534992,0
True,1.01602496527447,0
True,1.08629839146035,0
True,1.67436932945668,0
True,2.33673737630025,0
True,1.83324880345695,0
True,1.21491363960662,0
True,1.25471297888638,0
True,1.49630902578509,0
True,1.41359258943135,0
True,3.287058048429,0
True,1.09408407373306,0
True,1.5543531457344,0
True,2.7964508534081,0
True,2.45550580406464,0
True,1.98940224187317,0
True,2.78147993118959,0
True,2.56541857788691,0
True,1.3946250589917,0
True,1.17786100512582,0
True,0.757230049260764,0
True,2.43962365959031,0
True,1.62667896327599,0
True,1.12269144337072,0
True,1.09533188507816,0
True,1.5140675359355,0
True,2.73107010863311,0
True,1.87266282149412,0
True,2.70613366592328,0
True,2.65783962354266,0
True,1.87115726911412,0
True,1.66316084263561,0
True,2.47218874354286,0
True,2.57102015766994,0
True,3.12084464098447,0
True,3.75657497970186,0
True,2.29045316657016,0
True,1.09767134087436,0
True,1.34858632179554,0
True,2.1158412498901,0
True,4.2961335594011,0
True,2.62712051094024,0
True,1.33091468871958,0
True,1.65390505072774,0
True,1.34930662591204,0
True,0.977848773371973,0
True,2.53694109362441,0
True,1.63927721499424,0
True,0.88432361846084,0
True,1.80663344525035,0
True,2.35209310362111,0
True,2.73154170518924,0
True,0.883426246645333,0
True,2.85125506962118,0
True,1.8072987616282,0
True,1.10529719639097,0
True,2.80678354843123,0
True,1.2129579681603,0
True,0.756610648824475,0
True,1.51649602860672,0
True,1.47269711766293,0
True,1.74204380095259,0
True,2.08223998909884,0
True,1.36257132684701,0
True,2.1240118063785,0
True,2.07898346440501,0
True,1.58703305458064,0
True,3.84343672194469,0
True,2.3111527429888,0
True,1.67267006577251,0
True,1.87943995695884,0
True,2.36921216734986,0
True,3.3005199512033,0
True,2.5851850590848,0
True,1.28549556440284,0
True,3.81009129397668,0
True,3.2353479349683,0
True,2.42123993278135,0
True,1.10787714849777,0
True,3.1067475790324,0
True,1.11075557488046,0
True,1.66839538004279,0
True,1.24782971543205,0
True,2.13726656761463,0
True,1.01401132294759,0
True,0.744367026015008,0
True,2.55977342501455,0
True,1.98436921543609,0
True,3.20215955718808,0
True,1.66935352082599,0
True,1.229137608828,0
True,4.45021762738904,0
True,3.03200293306756,0
True,1.86485596882435,0
True,1.8145718101742,0
True,1.1961287585959,0
True,1.97235069277055,0
True,1.24286508498437,0
True,1.39827314173798,0
True,1.24835175068871,0
True,2.05562980357815,0
True,1.22993912521183,0
True,2.60595959067722,0
True,1.87586660954604,0
True,1.07232433895495,0
True,2.12111921160647,0
True,1.43819537551477,0
True,1.47056680040389,0
True,1.09457817005064,0
True,2.01932391110608,0
True,1.6410083325525,0
True,1.10250227315595,0
True,1.52317842370788,0
True,1.83770781083903,0
True,1.00798528397589,0
True,1.61363228614655,0
True,2.58860649141303,0
True,2.09430096378294,0
True,1.59466681118379,0
True,1.50888294937631,0
True,2.55672260489607,0
True,2.7808096601783,0
True,0.873326771561456,0
True,1.77877425691959,0
True,1.87731116319654,0
True,1.98780076835062,0
True,2.89054748381221,0
True,3.267685782841,0
True,3.17041008084809,0
True,1.325591290733,0
True,1.56245834846357,0
True,0.9096220413691,0
True,3.57152209114425,0
True,1.78894037363987,0
True,3.45681311133056,0
True,2.66485458640972,0
True,1.65298019721452,0
True,1.43263416733373,0
True,1.93287287587517,0
True,1.83768184398659,0
True,2.11928051218296,0
True,1.53171644064557,0
True,1.9093701929628,0
True,1.96099368230103,0
True,1.84347075846483,0
True,2.26093702021789,0
True,0.950919116216722,0
True,1.76949930082028,0
True,2.62701521167334,0
True,1.27110738760008,0
True,2.26020051221075,0
True,2.4929049625038,0
True,2.1739361384148,0
True,1.03983626838531,0
True,2.5042886428854,0
True,3.02088496193143,0
True,1.40831221499151,0
True,1.85161319323528,0
True,1.01352451048718,0
True,1.17834840589307,0
True,2.0014887343317,0
True,2.28710854593725,0
True,2.50803215061225,0
True,1.6747077630238,0
True,1.52047448236449,0
True,1.42566404127835,0
True,3.17743537794349,0
True,2.23226620568133,0
True,2.32582640213884,0
True,1.56298031889568,0
True,1.24049440677048,0
True,2.03848401715262,0
True,0.75074234144724,0
True,1.20671533930103,0
True,1.38282119758117,0
True,2.0714607667912,0
True,1.57560842482496,0
True,1.78120333147396,0
True,1.77870953084544,0
True,1.8601712201551,0
True,2.20787567147547,0
True,1.97631067381541,0
True,1.15572354866597,0
True,1.52013972107451,0
True,3.92053085128159,0
True,2.7727855187152,0
True,1.84521553750766,0
True,2.50236770191464,0
True,1.60117688303821,0
True,2.36781106383045,0
True,0.845886442719626,0
True,3.28727998389162,0
True,1.89544992591935,0
True,1.46844135246252,0
True,1.10352178482567,0
True,4.31734538564754,0
True,1.33486051601595,0
True,1.305574673117,0
True,1.32110858664764,0
True,1.04226243441794,0
True,1.92076630294985,0
True,2.11293809974885,0
True,1.01405641435012,0
True,1.77237756495562,0
True,1.91951948205629,0
True,1.34731312110801,0
True,2.63735309303851,0
True,1.91590334491147,0
True,1.38871648019932,0
True,2.26132358200001,0
True,2.04853820376939,0
True,1.77467793178178,0
True,1.50762045725393,0
True,1.38213461770287,0
True,1.33553046046787,0
True,1.55370351935234,0
True,2.97209342509578,0
True,1.31574262343713,0
True,1.5894676503624,0
True,4.54376790651783,0
True,2.20981417052168,0
True,2.28748033376585,0
True,1.90519261325628,0
True,1.08511697798033,0
True,1.72392808468714,0
True,1.98152459284671,0
True,1.56176589315555,0
True,2.92983040411416,0
True,1.35726977588309,0
True,2.24244803307799,0
True,1.82534895195923,0
True,2.03599666840431,0
True,1.8896774782729,0
True,1.47995145989184,0
True,1.9867545641186,0
True,2.55941109421197,0
True,1.35528899932578,0
True,2.65421409916566,0
True,0.994652361277828,0
True,3.03643892044633,0
True,1.52160959291048,0
True,2.41879073520562,0
True,2.70776370982222,0
True,4.43426918261446,0
True,3.64731910069615,0
True,1.29869574653599,0
True,3.59328629293707,0
True,1.49271992093647,0
True,0.567855615124113,0
True,2.28031229612841,0
True,2.80299383742856,0
True,2.86802050519113,0
True,1.47419115468464,0
True,1.38523987366578,0
True,2.66880326226143,0
True,1.15849895005751,0
True,1.40488176738272,0
True,1.88065067837165,0
True,2.71987778622534,0
True,2.33416002755883,0
True,2.00735697666399,0
True,1.42935142290209,0
True,4.2301650679237,0
True,2.30640383786224,0
True,1.69117540209308,0
True,0.790394214205814,0
True,0.825375697674485,0
True,1.29581580909943,0
True,1.29762412075137,0
True,1.63340189547362,0
True,2.68397474980325,0
True,2.87697339000945,0
True,3.03827346207466,0
True,1.06060490195236,0
True,1.67461718831367,0
True,3.28932317147327,0
True,2.33476996700636,0
True,1.48541241647125,0
True,2.79216476608137,0
True,1.9613659140893,0
True,2.07452837964404,0
True,2.47067809417102,0
True,1.04892822990852,0
True,2.31328817514741,0
True,0.881082306096806,0
True,2.32013204608417,0
True,1.05083888920822,0
True,0.975400203440844,0
True,1.34741502569006,0
True,1.59728503889124,0
True,1.43811806077587,0
True,1.74178200981354,0
True,2.20960736532088,0
True,1.72794760651878,0
True,3.01256703308059,0
True,1.57093681400508,0
True,1.31680536526915,0
True,0.8691968672684,0
True,1.42705992154523,0
True,1.923468230957,0
True,1.47631536707157,0
True,3.52521389522102,0
True,0.599600835767741,0
True,1.10059121558484,0
True,3.60040821027385,0
True,1.27201732724689,0
True,0.801928982448404,0
True,2.70844587292539,0
True,2.51645622948767,0
True,2.87079952570522,0
True,1.28467640829441,0
True,1.98603297332637,0
True,2.59873557771346,0
True,3.06557712898119,0
True,1.86886205546818,0
True,0.663698020644405,0
True,2.84909136998167,0
True,2.14044692922137,0
True,2.88660822512597,0
True,2.0784208607404,0
True,0.793971361883003,0
True,1.08965969506778,0
True,1.15972217900598,0
True,1.68528882117575,0
True,0.44356479165843,0
True,1.0279070452999,0
True,2.17938182636826,0
True,1.13052962862696,0
True,1.52421026980548,0
True,1.70337353976269,0
True,1.40844392155507,0
True,1.15230620296783,0
True,2.66012388373114,0
True,3.32779097533143,0
True,2.70653338816718,0
True,0.56781275855167,0
True,2.44666139012826,0
True,1.67852390562045,0
True,1.26399048715182,0
True,1.98673224247992,0
True,2.11356824147891,0
True,1.52888495757444,0
True,1.45661951715643,0
True,1.01413862808959,0
True,1.50710721365369,0
True,1.52565055786294,0
True,1.28079698030123,0
True,1.88035903706245,0
True,2.11426795274805,0
True,1.78891108029439,0
True,2.0091079809168,0
True,1.92442919588611,0
True,2.13941104495691,0
True,2.33056296888774,0
True,1.41203682226006,0
True,0.770537662341399,0
True,1.58149288857329,0
True,1.60110542226683,0
True,2.19809212918155,0
True,1.00934647879124,0
True,2.51703867487956,0
True,1.74084482881242,0
True,3.67483927607509,0
True,3.92694039472665,0
True,4.16452353189797,0
True,4.44114065829311,0
True,4.09232135366297,0
True,0.592470482733282,0
True,2.68505778641193,0
True,1.104491350241,0
True,3.06701017701047,0
True,4.08784097517525,0
True,2.99103895388942,0
True,0.97362641808458,0
True,1.34018511800242,0
True,1.41310233114659,0
True,0.7977393196926,0
True,1.60907005935992,0
True,1.28802972136448,0
True,2.07677204010068,0
True,1.52335472090763,0
True,1.52693148973884,0
True,1.17967701902012,0
True,1.79991653450053,0
True,1.96235565069511,0
True,1.68599588040587,0
True,1.83223346460075,0
True,1.71627144653312,0
True,1.9644368608962,0
True,1.63729296213763,0
True,1.22714819722841,0
True,1.99728156653477,0
True,1.96518102262189,0
True,3.40931142831856,0
True,3.85506844192886,0
True,4.52418841562955,0
True,3.29342640907646,0
False,2.5689780460585,0.000172738606566306
True,2.5595871787259,0
True,1.0070844649061,0
True,1.53896369370011,0
True,1.54979431750916,0
True,1.64962492841799,0
True,1.07735347004218,0
True,2.60485309808081,0
True,1.23045790401059,0
True,1.35318983810994,0
True,0.703491479006482,0
True,2.07193631859927,0
True,4.42422117363656,0
True,1.30889288326507,0
True,0.946905769271452,0
True,1.13570945439882,0
True,1.27141543954,0
True,2.45144457826624,0
True,3.28173933075324,0
True,2.68589245982781,0
True,1.3668957720887,0
True,1.0030774835874,0
True,2.98898545935192,0
True,3.61176839520591,0
True,3.51767379748611,0
True,2.33654858851414,0
True,0.861228297027829,0
True,2.07258963603611,0
True,2.94905663986424,0
True,1.23433729183201,0
True,1.83835722855888,0
True,1.90427458735134,0
True,1.65060306620705,0
True,3.07089362517754,0
True,2.04648967790138,0
True,1.52507710710326,0
True,2.25881536867842,0
True,3.2617109134187,0
True,1.66382283705085,0
True,2.13008631065794,0
True,1.21876307237679,0
True,1.41650571771096,0
True,1.81390471486336,0
True,1.68703747404035,0
True,2.22787022546465,0
True,1.18318316285667,0
True,1.18350392579317,0
True,1.21726119389402,0
True,2.06756793477929,0
True,0.857196969512103,0
True,2.11653605590495,0
True,2.44262087558679,0
True,2.00032090925025,0
True,2.52753844672756,0
True,2.32268218469894,0
True,1.23265610836939,0
True,1.60655946920849,0
True,1.96978968634701,0
True,1.39816158816176,0
True,1.24291237390767,0
True,1.07854240847916,0
True,1.49407546220801,0
True,1.41768956504202,0
True,0.761220598572778,0
True,2.23107458276246,0
True,1.11035286846569,0
True,1.77192089958573,0
True,3.68097471558543,0
True,1.83711261105705,0
True,2.31925714082986,0
True,4.15003479553537,0
True,2.29661433146412,0
True,3.62440743167883,0
True,3.78508406048148,0
True,1.76657891026274,0
True,2.15583405424617,0
True,4.20783075028958,0
True,3.80016267259686,0
True,0.916726432393634,0
True,0.952467355983167,0
True,2.09787314667572,0
True,3.74615929927887,0
True,1.1571849370144,0
True,0.851588841810534,0
True,1.28865718340859,0
True,2.64267449411912,0
True,0.694212122683784,0
True,1.96852795985932,0
True,1.95529159460781,0
True,1.5045066910418,0
True,0.643887206534007,0
True,2.60536675354318,0
True,2.06373482896939,0
True,1.62248449258732,0
True,1.50784694799158,0
True,2.15314167603726,0
True,1.86053677666568,0
True,1.97171227840018,0
True,1.96122037575482,0
True,1.03668210598054,0
True,2.00263293146366,0
True,1.22124607275666,0
True,1.69886122218796,0
True,4.06518365285366,0
True,1.72651672413467,0
True,1.49820345729318,0
True,2.29961821091463,0
True,2.47565625570556,0
True,1.49084598826221,0
True,1.42405968596342,0
True,1.58515087678635,0
True,2.6340966268325,0
True,1.30469672443805,0
True,2.54316858840748,0
True,1.51921267481721,0
True,1.63148177469088,0
True,2.20411726840409,0
True,1.56658865852013,0
True,1.14203192268487,0
True,1.85363821892164,0
True,2.15637193633583,0
True,2.55203304001459,0
True,1.73501498500983,0
True,1.8228012419339,0
True,2.72745014007085,0
True,1.21933588277925,0
True,1.4298564933796,0
True,1.57287943721121,0
True,3.37055795962995,0
True,2.22614856176031,0
True,1.05731234603555,0
True,2.24743449699381,0
True,1.00173391630459,0
True,1.90238696779093,0
True,1.33261988092607,0
True,1.61184627548128,0
True,1.59610668294073,0
True,1.36256104718878,0
True,2.27828807810244,0
True,2.05489009853119,0
True,0.861672937477777,0
True,1.14465840198894,0
True,2.05192316921592,0
True,1.56779395385744,0
True,2.69127654142549,0
True,2.26863325172114,0
True,1.04626132610795,0
True,2.91947203254766,0
True,3.78849018655854,0
True,0.876793901756068,0
True,1.18901869147297,0
True,1.7346935773774,0
True,2.3014453887032,0
True,2.32790148302604,0
True,0.93995401471765,0
True,3.16173211706195,0
True,2.46176429473564,0
True,0.867133462215693,0
True,1.03650959130078,0
True,2.15003809772041,0
True,2.78476531063611,0
True,1.92174818942925,0
True,2.0260263164756,0
True,1.71984237645154,0
True,2.5708342531457,0
True,2.19375942498518,0
True,2.45852337509672,0
True,1.44884095242496,0
True,2.2752201060743,0
True,1.88614866051157,0
True,1.25372410119073,0
True,3.30579979483988,0
True,1.99826314461753,0
True,1.71022704009878,0
True,1.2679108995628,0
True,1.1823648392446,0
True,1.20093600337005,0
True,1.44649294410756,0
True,2.93562210513393,0
True,0.937700839300966,0
True,2.74411652481925,0
True,1.75479031755032,0
True,3.40934974501219,0
True,4.1465303056058,0
True,1.51689624755574,0
True,1.33901931081989,0
True,2.8471227575028,0
True,3.50095048528339,0
True,1.610621758523,0
True,1.51056107000258,0
True,2.29197163527064,0
True,1.95022453929233,0
True,2.40137175130034,0
True,1.40128773160434,0
True,1.6681496423875,0
True,2.85101918610565,0
True,4.56471984955046,0
True,2.3570597885644,0
True,1.19221626254307,0
True,2.71964292996162,0
True,0.899915852665248,0
True,2.00543366581587,0
True,2.58963262356381,0
True,2.03438762946081,0
True,3.21354982594773,0
True,1.24591099175229,0
True,3.11007879206211,0
True,1.18226346314607,0
True,2.53888241471057,0
True,2.24152408612074,0
True,1.64773397453598,0
True,1.66302334968007,0
True,1.71875915444153,0
True,1.73101558853111,0
True,0.416482816598059,0
True,0.807904469667658,0
True,1.80607469347388,0
True,1.52439007489057,0
True,1.18432399864626,0
True,2.3232395657675,0
True,2.26521016276957,0
True,3.90037053010355,0
True,4.22806128237998,0
True,1.88964039546416,0
True,3.1745893319785,0
True,1.95686138019766,0
True,1.38816173170298,0
True,2.25032682456287,0
True,1.44047099661369,0
True,1.92915141605242,0
True,1.68132387052739,0
False,3.24667539439174,0.000130519722711326
True,4.12169202214527,0
True,3.37635568360571,0
True,4.01174563336955,0
True,2.25700126484316,0
True,2.54463946525651,0
True,1.7145192293011,0
True,1.00417182883836,0
True,1.63377461649845,0
True,3.09658299115539,0
True,1.73826547770222,0
True,1.59492687377881,0
True,2.05397839919114,0
True,2.39589949419091,0
True,2.11729244127508,0
True,2.60096142395825,0
True,2.10089522654109,0
True,1.85760591904296,0
True,1.77924674495091,0
True,2.86425706133069,0
True,0.885630621896605,0
True,1.28837225226613,0
True,2.14850778051718,0
True,2.55307294668825,0
True,1.87898059246487,0
True,1.26196788129361,0
True,1.69401552333653,0
True,1.17070475255482,0
True,1.11473742378466,0
True,0.646121973190725,0
True,2.48341272388851,0
True,0.935297739482543,0
True,1.67739925687643,0
True,1.48525944659896,0
True,0.783021221175675,0
True,1.34001301598592,0
True,1.00060595401693,0
True,1.16587136391986,0
True,0.942153501182922,0
True,1.49448666901194,0
True,1.71785994179642,0
True,1.29268586395594,0
True,2.34008930381012,0
True,1.22323446550897,0
True,2.18307399976709,0
True,3.16998492569615,0
True,1.63773430985548,0
True,3.36322676962234,0
True,1.43956612547851,0
True,1.33565438679556,0
True,0.968100745561117,0
True,1.31492382697695,0
True,0.972559157973608,0
True,1.73224457361423,0
True,1.24710730426031,0
True,2.55897992304272,0
True,0.867465707133409,0
True,1.2250597620242,0
True,1.97018568519181,0
True,1.52660294347321,0
True,1.21314839092482,0
True,1.55728442287877,0
True,2.01281430493592,0
True,1.47062386853233,0
True,1.55610267687241,0
True,1.54975596587349,0
True,1.10339632690939,0
True,1.58059601028175,0
True,0.511718140062634,0
True,0.960514480401699,0
True,2.42469892298292,0
True,2.75229794111791,0
True,0.840336845036317,0
True,1.29164589782859,0
True,0.886779080788691,0
True,2.32356511320278,0
True,2.77320441092914,0
True,4.30727719155429,0
True,1.59316802747141,0
True,2.44908399995063,0
True,1.52760867470821,0
True,2.0293036900235,0
True,1.93340400855773,0
True,2.53049920938841,0
True,1.12599155069802,0
True,0.561974921066124,0
True,2.50787268502284,0
True,3.81614637111712,0
True,3.60568909594956,0
True,1.3591055470743,0
True,1.59437106791643,0
True,2.43077197539075,0
True,2.41360558695438,0
True,1.598233656829,0
True,1.11086338954815,0
True,1.1667493056251,0
True,1.05179597538324,0
True,1.31490545197519,0
True,4.03483531117795,0
True,1.66724747428081,0
True,3.47977787267262,0
True,1.9677794043641,0
True,3.57700115481469,0
True,1.5434256063714,0
True,2.02033649120444,0
True,1.75766784256233,0
True,1.43393790133051,0
True,2.27779728512659,0
True,1.178978409373,0
True,1.21293777890184,0
True,1.90054329908658,0
True,1.80526795036173,0
True,2.01905920994364,0
True,0.992897192683705,0
True,2.76725212191869,0
True,2.50452452312045,0
True,1.55139714579576,0
True,1.34183259283234,0
True,1.36146624570375,0
True,2.2319475072909,0
True,1.8888558114746,0
True,1.15113919966472,0
True,0.923196157211688,0
True,1.93090988817902,0
True,2.88529331247927,0
True,1.61826284755033,0
True,2.07528375600763,0
True,1.89925164777928,0
True,3.56750957922929,0
False,2.26094924186808,8.32900812963414E-05
True,2.0622595090326,0
True,1.51022734345007,0
True,2.70042698278181,0
True,2.20445891016804,0
True,1.41216167581559,0
True,1.77921450947233,0
True,1.43286263411185,0
True,1.54526541307975,0
True,1.44154227993636,0
True,1.65664271122844,0
True,1.74930728797833,0
True,4.28751893893516,0
True,2.030919834648,0
True,1.81998778069895,0
True,1.83699891090341,0
True,1.10039649951269,0
True,2.20234827142481,0
True,2.61268500524042,0
True,2.06051292458391,0
True,1.89605287861737,0
True,1.07914432164425,0
True,0.769557153443671,0
True,1.93418665362038,0
True,2.22012771506064,0
True,1.78224327984129,0
True,1.49365161201647,0
True,1.31799682764852,0
True,1.90636692760526,0
True,2.84410364131339,0
True,2.22797930485869,0
True,1.66463458968554,0
True,1.80034123884524,0
True,1.30572684504261,0
True,3.10982597550948,0
True,1.90109221036,0
True,2.28231242349022,0
True,2.74410900433071,0
True,1.38727090119379,0
True,1.24290073901791,0
True,2.53738499456854,0
True,2.03016147424185,0
True,2.0262650808541,0
True,1.13038201912729,0
True,2.5957637400079,0
True,1.49436912907446,0
True,1.85708580951391,0
True,2.69778541972059,0
True,1.56816134013829,0
True,1.67016247630554,0
True,3.79462080166068,0
False,2.43325139308042,0.000480583779020363
True,0.797495070261848,0
True,2.80888665909277,0
True,1.8043750535228,0
True,1.03184207527931,0
True,1.28181071065688,0
True,0.797361802945795,0
True,3.88769167917202,0
True,3.52211359894598,0
True,1.13540685929305,0
True,2.16130786646157,0
True,1.51228637224055,0
True,1.63912464784801,0
True,4.07217154245468,0
True,3.89038741808,0
True,1.78974633701515,0
True,2.01784758185257,0
True,1.29896391758795,0
True,1.33355585974107,0
True,0.960138047728179,0
True,1.91639177934227,0
True,2.08834491919498,0
True,1.13888197414347,0
True,1.78180400786274,0
True,1.54137173740575,0
True,1.51464513223305,0
True,1.02569252159583,0
True,4.17542525316915,0
True,1.19988830325672,0
True,2.27103158028511,0
True,1.41316984362722,0
True,1.10772373008603,0
True,1.74759964685291,0
True,1.09724454222765,0
True,3.15038246316174,0
True,3.21678811852428,0
True,1.79182032174043,0
True,3.6254231836502,0
True,1.64210091545865,0
True,1.10863286259611,0
True,1.22346313122466,0
True,1.0368757945693,0
True,3.1723899313569,0
True,2.85446235183451,0
True,1.90298782680864,0
True,1.86523231499798,0
True,2.10095273916989,0
True,1.88120721300085,0
True,1.82248116246077,0
True,2.23378236706363,0
True,3.15100548652172,0
True,2.43588975455525,0
True,2.36098382152651,0
True,1.73025086746789,0
True,2.43421380353085,0
True,2.54138846854319,0
True,1.77455268653186,0
True,1.84218293150993,0
True,2.78736276097673,0
True,3.52281397348777,0
True,0.938703282992052,0
True,1.13874728471426,0
True,0.831561050543586,0
True,4.02684867268491,0
True,4.29982810282834,0
True,3.00965569421804,0
True,3.05185510342645,0
True,2.68189043939131,0
True,2.61949800353384,0
True,2.16273035176763,0
True,2.1593346626588,0
True,1.4466679189475,0
True,0.826287115623073,0
True,0.941096501855312,0
True,1.14758213555532,0
True,1.31616236370229,0
True,1.82176636473094,0
True,2.64448825089963,0
True,2.40553202488423,0
True,2.66120781883926,0
True,3.19649678522962,0
True,0.735428737139527,0
True,2.53963000016835,0
True,1.33348335476882,0
True,3.38549679501259,0
True,3.77947976641631,0
True,3.39819387464233,0
True,1.5041238053811,0
True,3.14864333564149,0
True,3.67940783177695,0
True,1.67249850389274,0
True,1.68856464579993,0
True,1.0371416426224,0
True,1.79289323552629,0
True,1.4401334424072,0
True,3.99790515239325,0
True,1.55102159013094,0
True,1.73593267766808,0
True,2.18741648636425,0
True,0.923115186579222,0
True,3.08496784740407,0
True,3.05063132444029,0
True,1.72583511281528,0
True,2.39113072910178,0
True,2.27829659324586,0
True,1.00648580145896,0
True,1.91831309838372,0
True,1.71593197852998,0
True,1.39808789846727,0
True,1.09141412574268,0
True,1.4854565216016,0
True,1.40806521701021,0
True,1.28928357889422,0
True,2.37371833412501,0
True,1.06988999018002,0
True,1.57487638443202,0
True,2.3623343389715,0
True,0.332335710322584,0
True,1.10926825324171,0
True,2.65904044904666,0
True,0.833055241684184,0
True,1.76849441781259,0
True,2.41472661414123,0
True,2.4796839122365,0
True,1.74355600710285,0
True,0.830206799985187,0
True,2.40914642319,0
True,4.27152001926139,0
True,1.20030286513401,0
True,2.78130404475154,0
True,1.39440590103243,0
True,0.866186530150353,0
True,1.56115352885936,0
True,1.21072093878697,0
True,1.16165744327001,0
True,2.4396023727289,0
True,2.47037626620518,0
True,2.61812568408988,0
True,2.99457305769481,0
True,2.14528757831452,0
True,1.6748499834773,0
True,1.36274612319356,0
True,2.39492578301254,0
True,2.24872874382865,0
True,1.67918492585554,0
True,1.72879321361298,0
True,1.4101333367707,0
True,1.71760496965958,0
True,1.69357173447458,0
True,4.01556668185068,0
True,1.02119156563962,0
True,2.03870771819385,0
True,2.32160093837233,0
True,2.91199287325243,0
True,3.51426236820506,0
True,3.37607426700553,0
True,3.70478713169448,0
True,3.63393838587314,0
True,2.09178864275155,0
True,1.28278065634672,0
True,1.73696435939589,0
True,2.68206377511101,0
True,2.71860318398216,0
True,2.41506246938109,0
True,1.47429577323536,0
True,3.36233482879703,0
True,1.96918971663411,0
True,1.4222514890212,0
True,1.95147670843116,0
True,1.59954108519568,0
True,0.837706981767087,0
True,1.31290018762962,0
True,1.76606415730828,0
True,3.05553160892628,0
True,1.79238099458298,0
True,1.73473759555348,0
True,2.27291600031548,0
True,2.46306840742143,0
True,0.658978254470321,0
True,1.36186373643444,0
True,1.46455458793257,0
True,1.44448295464162,0
True,3.55577610254754,0
True,1.70646152031976,0
True,1.91515352654552,0
True,3.43335946144625,0
True,2.30456428427486,0
True,2.36638228784368,0
True,2.13411939711653,0
True,1.62606345867987,0
True,1.48190405175269,0
True,1.24519113573992,0
True,1.36082013713981,0
True,1.14834717282436,0
True,1.92831934699554,0
True,1.65262093887527,0
True,3.57095587977574,0
True,2.98330476632704,0
True,2.68006136979587,0
True,0.70425365639203,0
True,2.04696115629458,0
True,2.76231572496354,0
True,2.30848434037496,0
True,1.68817001862297,0
True,1.70437169953951,0
True,2.54497832632525,0
True,2.85927666046442,0
True,2.9080075353705,0
True,2.12735381000413,0
True,1.0760605664044,0
True,1.33393627784373,0
True,2.36373264715649,0
True,0.767379287558061,0
True,0.630916154231474,0
True,1.89397156488578,0
True,1.1026484898047,0
True,3.4580949614683,0
True,1.88793770814712,0
True,1.27894415096136,0
True,1.65592831671511,0
True,1.21183276325888,0
True,3.39860515017851,0
True,2.73264159900567,0
True,1.53624822704826,0
True,2.80601678216117,0
True,2.50902684879691,0
True,1.75070560023393,0
True,2.10531226947446,0
True,1.94620062872143,0
True,0.956137471113947,0
True,1.85657352451952,0
True,1.84710250832955,0
True,1.58058735123499,0
True,1.17926256021414,0
True,1.10526488063703,0
True,1.4718171764941,0
True,2.4521025983499,0
True,3.64092467994572,0
True,1.72813794449989,0
True,1.38388063399235,0
True,2.38738331947368,0
True,1.76677823181517,0
True,2.92116775616354,0
True,2.31555245056204,0
True,1.40446618665669,0
True,0.860064839728665,0
True,3.07455100808566,0
True,1.55893923819296,0
True,1.09991401594682,0
True,1.73439777051136,0
True,0.383143783301374,0
True,1.95304378182306,0
True,2.03708264344402,0
True,4.01752836199218,0
True,2.00217883888042,0
True,2.42582542238026,0
True,1.02974964978838,0
True,1.30547162216711,0
True,2.94559025557305,0
True,2.10216260374298,0
True,1.50478347751608,0
True,2.05755503092111,0
True,2.22927343964388,0
True,1.57890805419529,0
True,2.26849616902873,0
True,3.77825774386361,0
True,2.36895009285586,0
True,0.624277506792501,0
True,2.19667513765246,0
True,0.931495794332938,0
True,1.21443105178849,0
True,1.56468600274589,0
True,2.66873047179794,0
True,1.3973608836473,0
True,3.83087311299973,0
True,0.912411038519459,0
True,1.60681135351851,0
True,0.846349080136754,0
True,2.93115969181616,0
True,2.39549918778391,0
True,2.19066699650562,0
True,1.93652068173131,0
True,1.88841896922646,0
True,2.20595829073814,0
True,1.66744952859554,0
True,2.84771353858243,0
True,1.18498300312422,0
True,1.34201505486007,0
True,1.04897387946766,0
True,1.85875913548884,0
True,0.648360689486289,0
True,1.48958668937172,0
True,2.53485495782099,0
True,1.23135036607267,0
True,1.62416242686315,0
True,1.21592616171315,0
True,1.22223867928725,0
True,2.94477114452136,0
True,1.91839747000764,0
True,2.97829829253951,0
True,1.03835709395811,0
True,0.774834744308942,0
True,0.847490644462148,0
True,1.12828390714365,0
True,2.8085413805872,0
True,1.29119894409497,0
True,1.48237779015719,0
True,1.49681431808895,0
True,2.31477443320347,0
True,1.56444699185193,0
True,1.32011045503641,0
True,1.52925938075057,0
True,1.8676545756988,0
True,1.56716597081487,0
True,1.28514706577216,0
True,1.51467995840754,0
True,2.80113901190828,0
True,1.1143084784838,0
True,1.82290611318464,0
True,2.50598905775318,0
True,1.14182156374142,0
True,3.39941032831613,0
True,3.49128474154852,0
True,1.93225183395652,0
True,3.21730286462278,0
True,3.33973797199434,0
True,1.71867501101286,0
True,1.33183021029686,0
True,3.37421391333121,0
True,1.94008824937381,0
True,1.59700281532452,0
True,1.10467810718433,0
True,2.21472524485251,0
True,1.29626413728883,0
True,1.65114141013302,0
True,2.61540493447383,0
True,2.97260906990097,0
True,1.44791511020733,0
True,1.3815961680162,0
True,1.83471188329028,0
True,0.901749017167706,0
True,1.78425251387251,0
True,1.10626477055393,0
True,1.4901389259971,0
True,2.23655537118176,0
True,1.7323694659064,0
True,1.47691393928461,0
True,1.81599760680036,0
True,1.31683434117093,0
True,2.0032561981327,0
True,1.60495246982294,0
True,1.44650672299764,0
True,2.16587448722964,0
True,3.82924271990565,0
True,2.75426185854277,0
True,0.965918865514079,0
True,1.14748307415808,0
True,0.932297069469342,0
True,1.19421204179147,0
True,1.53692587517025,0
True,2.05089887998934,0
True,1.01531909505323,0
True,1.19075894596351,0
True,2.05280924671323,0
True,1.6262649161601,0
True,1.07852843915574,0
True,0.898449052008315,0
True,1.42981734910122,0
True,1.28386077851734,0
True,3.39358282288823,0
True,0.729557866202731,0
True,3.8561497402519,0
True,1.92551335467836,0
True,3.91561861552091,0
True,3.83217622084717,0
True,1.87679709688434,0
True,1.86530967972849,0
True,1.06450205188711,0
True,1.5662407359854,0
True,1.35293659636291,0
True,1.83223960979508,0
True,3.16451631214057,0
True,4.6810098066585,0
True,1.16337636252544,0
True,2.87672680984002,0
True,3.60800138687038,0
True,4.07963102216784,0
True,1.06304156451686,0
True,0.853431959169456,0
True,0.742817260902097,0
True,2.25436909361562,0
True,1.41263253312576,0
True,1.37276301570753,0
True,2.47144125002716,0
True,1.64275219154798,0
True,1.90906938987327,0
True,1.89393109150097,0
True,2.87820646507832,0
True,1.07679097606994,0
True,3.022035612587,0
True,2.65594023242753,0
True,2.16264130565199,0
True,1.73247373262479,0
True,2.32361201265547,0
True,2.52144839957901,0
True,1.96879180448744,0
True,1.77502549791035,0
True,1.83724040748579,0
True,1.29800804467939,0
True,1.73424792931197,0
True,1.46970799204149,0
True,0.935901205422132,0
True,2.1122206425244,0
True,3.54579265710268,0
True,4.42237524390625,0
True,2.04950708536208,0
True,1.27594307601854,0
True,2.09650146015647,0
True,2.31560195097492,0
True,2.13416330111414,0
True,1.06545841748738,0
True,2.8324542291404,0
True,1.99672197698559,0
True,2.01090180732341,0
True,1.31423101756822,0
True,1.28415766613952,0
True,1.44672111772274,0
True,1.40833566526176,0
True,1.69471926726127,0
True,1.25600313757378,0
True,1.39860514239144,0
True,0.72031452177653,0
True,1.92324872634617,0
True,1.64787647760989,0
True,2.15667465866509,0
True,2.17095217995993,0
True,0.757935047596561,0
True,2.47211849746993,0
True,2.81481284124349,0
True,1.2524171015365,0
True,1.83406390941734,0
True,1.16008896030689,0
True,2.20722299636452,0
True,1.4931133190841,0
True,2.2616246016089,0
True,1.51670819443893,0
True,0.796686570424975,0
True,1.24509941868277,0
True,1.33844155718341,0
True,1.51063140612252,0
True,2.35857237922749,0
True,1.65679686503357,0
True,0.96930958940725,0
True,2.52639942419974,0
True,2.51778724822055,0
True,1.25988765911042,0
True,2.43425737611379,0
True,3.14003178726483,0
True,3.56587945580163,0
True,4.24739343470891,0
True,1.55704758857486,0
True,0.707603395079287,0
True,1.5311766395662,0
True,2.1724418999582,0
True,1.82725390702512,0
True,2.88245072111329,0
True,1.24579868754026,0
True,2.49935204310992,0
True,1.41748695734524,0
True,2.30270227367938,0
True,2.97135802137785,0
True,2.14188430523367,0
True,3.46591863837579,0
True,4.27595920094333,0
True,0.811795681913172,0
True,3.63743750614115,0
True,2.84027184518719,0
True,2.11805364666591,0
True,1.14280010269522,0
True,1.28901020230845,0
True,1.80712000968923,0
True,1.56400537965918,0
True,4.07172949788389,0
True,3.60233099404618,0
True,3.63619755004198,0
True,1.71552763102196,0
True,2.27950384545869,0
True,2.56927107949698,0
True,2.43233602959566,0
True,1.96237238911938,0
True,1.39469756232542,0
True,1.56236947582937,0
True,1.87336362133998,0
True,1.75798929701437,0
True,0.915811337269899,0
True,2.9484337367445,0
True,2.54257318418886,0
True,3.5112524549732,0
True,2.31379680408534,0
True,2.03400819293234,0
True,1.21626505640877,0
True,2.44138980759896,0
True,2.1525540340348,0
True,1.12540880683471,0
True,3.74807653480449,0
True,1.94398177957951,0
True,1.16695184690293,0
True,1.9416379882703,0
True,1.63356026112705,0
True,2.55958642288129,0
True,2.01866093566071,0
True,1.167455810842,0
True,0.951769849383254,0
True,2.30355599568474,0
True,2.24931971125276,0
True,2.62647829927371,0
True,1.59395723678442,0
True,2.80316200522049,0
True,3.10671570754764,0
True,1.53221967169593,0
True,3.16168742162736,0
True,2.00772413112949,0
True,2.78401079944641,0
True,1.38363553925128,0
True,0.914477236400725,0
True,2.07801024536524,0
True,4.18910358163993,0
True,1.72796678895498,0
True,3.50603367316543,0
True,2.09827916063458,0
True,0.773197490225253,0
True,1.38041445267967,0
True,0.932393132287504,0
True,1.14016416664711,0
True,3.19752453381615,0
True,1.83122801418834,0
True,1.85232236269755,0
True,1.72578887639788,0
True,1.85490761487799,0
True,1.69176761926134,0
True,2.63813826297811,0
True,2.8100708042832,0
True,1.05634523636517,0
True,1.87821996393152,0
True,1.6469587246667,0
True,2.06763576358557,0
True,1.61863461262979,0
True,2.75082273482836,0
True,4.27533198101913,0
True,1.28334743798971,0
True,2.68618182610409,0
True,1.63592842711644,0
True,3.36447734727618,0
True,1.9357022147812,0
True,3.01880268096682,0
True,1.7904756035871,0
True,3.34896623941129,0
True,2.82798261379795,0
True,2.86822527444482,0
True,2.28022796001712,0
True,2.17612800296876,0
True,2.90502692161313,0
True,1.55448141519519,0
True,0.936463114615931,0
True,2.04786668330156,0
True,1.39153919952209,0
True,1.72116583069214,0
True,2.64722778490017,0
True,1.19499618033462,0
True,0.975998869754104,0
True,1.75516824331412,0
True,1.67854201142932,0
True,2.21861244141569,0
True,1.12366457967649,0
True,0.584850680966238,0
True,2.33016714134375,0
True,2.20509911465418,0
True,2.08274141498134,0
True,2.06589552140111,0
True,1.78626234249685,0
True,4.22635299373507,0
True,1.99973586267352,0
True,2.70911466870468,0
True,2.34634713085654,0
True,1.23164899736334,0
True,1.39764714446297,0
True,1.19878135986723,0
True,0.708649636455826,0
True,3.22530129681971,0
True,1.55291720905429,0
True,1.71893114952921,0
True,1.68319613084166,0
True,1.34866602612835,0
True,1.55638626571469,0
True,1.68615275570227,0
True,1.76990022933286,0
True,2.38562455722966,0
True,1.92739066748281,0
True,0.968990901752966,0
True,1.60410984353972,0
True,1.62252589936864,0
True,2.53148944841065,0
True,2.45195944684385,0
True,2.07136004738681,0
True,2.5051292331127,0
True,1.58177764577577,0
True,1.84135223300136,0
True,2.67739168396513,0
True,2.8984470437664,0
True,1.82196462002559,0
True,2.39072939243095,0
True,0.812888361116973,0
True,2.09336841466928,0
True,1.38997131039344,0
True,1.69016956581112,0
True,1.99754334653592,0
True,1.02818278314828,0
True,2.73724944682923,0
True,0.836506747932552,0
True,2.51991944742054,0
True,3.02011454748165,0
True,2.59522832791193,0
True,1.08521540516278,0
True,2.19462323914688,0
True,1.01954331538363,0
True,1.56764147073398,0
True,1.16758283790868,0
True,3.01331082129824,0
True,2.1002642263373,0
True,1.41792096725759,0
True,2.18893455947824,0
True,0.883689853234869,0
True,3.94987060639259,0
True,1.05360921831607,0
True,2.23502160750601,0
True,1.27264055887001,0
True,2.70711944581818,0
True,1.85397795705029,0
True,1.40238656196973,0
True,2.1933364178162,0
True,1.5318257920231,0
True,3.41855723102971,0
True,4.14513792201642,0
True,3.65296697182584,0
True,1.50458977369816,0
True,1.57094132829756,0
True,1.32024553490894,0
True,2.0552860172305,0
True,1.99000226130461,0
True,1.97240713292588,0
True,1.96130270670892,0
True,2.05554736838276,0
True,0.860091743602535,0
True,1.31425818600141,0
True,2.20759013407336,0
True,0.995514271289839,0
True,1.35103779493742,0
True,2.23641660905239,0
True,0.885450927082577,0
True,2.75896902828296,0
True,1.38394630589024,0
False,2.20399339746412,0.000249072004132072
True,2.29665546807326,0
True,3.10706898862819,0
True,1.54134625727675,0
True,1.02153711351634,0
True,1.53492459335756,0
True,1.36746663108928,0
True,3.29153036299394,0
True,0.925642395452623,0
True,1.45603863669335,0
True,1.57708992214812,0
True,1.30788874564943,0
True,1.04757968598671,0
True,1.21949331699045,0
True,2.02189848840036,0
True,3.3401320347048,0
True,2.46526276854417,0
True,1.78381302422546,0
True,1.81084262887045,0
True,1.45083739851144,0
True,2.16865943702527,0
True,0.853252874950793,0
True,1.73000736858907,0
True,2.56825766218761,0
True,1.70068556205934,0
True,3.87541992219734,0
True,0.718069049396717,0
True,2.32690500681557,0
True,1.30450083316474,0
True,1.15160333610645,0
True,1.90180985872158,0
True,2.00431719089013,0
True,1.43587028198074,0
True,2.86951356880475,0
True,3.14524720072104,0
True,1.78257877716472,0
True,2.15177081847516,0
True,1.86391955702353,0
True,2.74659547098982,0
True,3.23041017279871,0
True,0.602544051220576,0
True,2.4837921226949,0
True,1.5550410167524,0
True,1.62642678002466,0
True,2.56589498636266,0
True,0.898996456701746,0
True,2.17596861321987,0
True,2.89909157605492,0
True,2.13783048519987,0
True,1.97666512770275,0
True,1.54955807946851,0
True,0.97626549940429,0
True,1.25553843458434,0
True,1.91156984625179,0
True,2.19202101269178,0
True,2.64075886435386,0
True,1.5047968722382,0
True,2.15372488568629,0
True,1.60813809585756,0
True,1.99995774098065,0
True,1.74684542357185,0
True,1.24730062752756,0
True,2.38008945054296,0
True,1.75946446300795,0
True,1.33961624258506,0
True,1.70336188703597,0
True,2.48085476858987,0
True,2.34565525867292,0
True,1.69844917203255,0
True,1.10644794314253,0
True,1.67800511684252,0
True,1.82469643315852,0
True,1.19937935240174,0
True,1.7140385307684,0
True,2.28801208347903,0
True,1.17804591358911,0
True,1.90017208459406,0
True,2.20626675339976,0
True,1.71771520114232,0
True,2.75420058678956,0
True,0.852575290661051,0
True,1.28448164055156,0
True,0.914403796505661,0
True,4.10036174417338,0
True,3.4510724190423,0
True,1.06524862907598,0
True,1.71790756890453,0
True,4.0858337131142,0
True,3.04111450664352,0
True,1.87342547751522,0
True,1.90776726431387,0
True,1.79693314835339,0
False,2.806506357461,0.000390088295868889
True,3.15276339989446,0
True,1.38563986746555,0
True,1.31635030420735,0
True,1.0295629400184,0
True,3.03469708680757,0
True,2.20081818664794,0
True,1.13772608796136,0
True,2.21385542089394,0
True,1.17617376374461,0
True,1.42186377526679,0
True,1.66607159948723,0
True,2.52909239144984,0
True,2.54829047815113,0
True,3.10745158133842,0
True,0.898908301280887,0
True,0.47003348110342,0
True,1.43377223993873,0
True,1.89354802463995,0
True,1.62435074238477,0
True,1.53682270542065,0
True,2.63381229041038,0
True,2.46505271949505,0
True,1.06905289786034,0
True,2.43556330495045,0
True,4.13372458718479,0
True,2.4907101940261,0
True,1.44902981461608,0
True,2.75129011126173,0
True,0.895424273410242,0
True,0.682169458356868,0
True,2.13454315861936,0
True,1.84952752877842,0
True,0.871901983885222,0
True,3.53541190798427,0
True,2.66923555204312,0
True,2.10501498521053,0
True,2.68109985154883,0
True,4.28084081624115,0
True,1.92086850674371,0
True,1.35839810648345,0
True,1.9346989527982,0
True,4.21064479393072,0
True,1.7286742800217,0
True,1.65155086023263,0
True,2.80448222732764,0
True,3.06033085500669,0
True,2.84201361510998,0
True,1.28106436925029,0
True,2.0798774829538,0
True,1.03364044408879,0
True,1.40795041566708,0
True,1.99787002880832,0
True,2.14763917334268,0
True,2.29251454057002,0
True,1.65256780332072,0
True,0.860516949404004,0
True,2.24306614686535,0
True,2.09062949583985,0
True,1.00952690724716,0
True,1.55145335551675,0
True,0.899300996156645,0
True,1.49991173114407,0
True,2.24789299971016,0
True,1.93559598659078,0
True,3.07913549956803,0
True,1.28523528755201,0
True,2.34076964081667,0
True,1.59321904160572,0
True,1.36053617957413,0
True,1.23616112720764,0
True,2.01738726918968,0
True,1.81156119378117,0
True,2.28155094225363,0
True,1.62107528173687,0
True,0.963466065425334,0
True,1.0938749776191,0
True,0.711213693094079,0
True,1.76565052167278,0
True,2.2556282359347,0
True,1.23519993806362,0
True,3.286407617666,0
True,3.78632795543587,0
True,3.83495822736307,0
True,2.30275601239288,0
True,1.41346517944049,0
True,1.0842754643615,0
True,1.4002413962577,0
True,1.54349101659498,0
True,1.5852649473583,0
True,2.79206204663458,0
False,1.44270298479811,0.000267880550422758
True,1.4562176680813,0
True,2.80848127578715,0
True,1.12666693354231,0
True,0.890391412518413,0
True,0.661274735633412,0
True,1.72605971685843,0
True,1.43458032139097,0
True,1.55097519995544,0
True,1.04588685323107,0
True,3.3809896571734,0
True,1.12471683284156,0
True,1.65336137735207,0
True,2.10907882141213,0
True,2.9633851909933,0
True,1.17344482992605,0
True,2.34500324753669,0
True,3.24208007808779,0
True,2.3901308969748,0
True,2.14848563822753,0
True,1.51433011803511,0
True,1.11023586189959,0
True,2.32007118127701,0
True,1.27638153380793,0
True,1.50551224668427,0
True,2.26333239393759,0
True,2.72278587515605,0
True,2.21713070372982,0
True,1.96548173584058,0
True,3.22483050724473,0
True,1.82084585022603,0
True,4.20736681821103,0
False,4.64004239177752,0.000213380467227275
True,3.8163554592904,0
True,2.61053227570031,0
True,2.17152967984726,0
True,0.48633551528177,0
True,2.90602807805965,0
True,2.54215915976109,0
True,1.26970681887473,0
True,1.89226669133148,0
True,3.85209893132523,0
True,1.60587493887607,0
True,1.5414178150029,0
True,1.92742215318998,0
True,2.10908385590051,0
True,3.23027858033775,0
True,0.888509778184495,0
True,1.12611987295923,0
True,2.15090601054874,0
True,1.10139229145957,0
True,1.40376895806144,0
True,1.74674541139009,0
True,1.60348378527957,0
True,1.01160602048107,0
True,4.149992503805,0
True,2.77661036573882,0
True,1.37929364321052,0
True,1.67854173089887,0
True,1.39347908446138,0
True,1.93868933842254,0
True,1.70899964054659,0
True,2.18885931590402,0
True,2.4521188930954,0
True,1.18465511224598,0
True,2.7207053145591,0
True,1.89692011197423,0
True,2.06348888046457,0
True,3.05395384758542,0
True,2.41504379892732,0
True,1.56398250025471,0
True,2.6631684014485,0
True,1.77146798954049,0
True,1.37124542725838,0
True,1.40401608206281,0
True,2.13599597843652,0
True,2.33485317293324,0
True,0.959973525643489,0
True,2.87811753758521,0
True,4.61380239056904,0
True,1.63874390385453,0
True,2.08412027585617,0
True,2.76202994044331,0
True,1.40752650245578,0
True,2.28707024549066,0
True,0.934412234275914,0
True,3.44903361366231,0
True,3.68131616436301,0
True,1.97584299944945,0
True,1.43334492167235,0
True,1.69621401476238,0
True,1.32591693865254,0
True,2.42737381544821,0
True,2.18283300129305,0
True,3.84920085126545,0
True,3.845265839679,0
True,1.19948036231468,0
True,1.00400940595031,0
True,3.60849502982329,0
True,3.92241980225206,0
True,0.766722879771086,0
True,3.73788656399781,0
True,0.916637223949624,0
True,1.93040684216223,0
True,1.4827238590743,0
True,1.74443561120291,0
True,1.78784317217504,0
True,2.39030660736297,0
True,1.33051830694776,0
True,1.24219516055852,0
True,1.57512299403841,0
True,1.25644885071439,0
True,2.61226146984136,0
True,2.0884292082058,0
True,1.79306328024247,0
True,1.65710687572867,0
True,2.08170201221046,0
True,2.66413449611867,0
True,1.44065866024505,0
True,1.53514945596326,0
True,4.00402855994434,0
True,2.7301927241823,0
True,1.39708164190266,0
True,1.82624313467631,0
True,0.616042553301319,0
True,1.7531902173409,0
True,1.36252743893397,0
True,1.88077522437426,0
True,2.27316585439147,0
True,3.50703494253959,0
True,1.61390519325583,0
True,2.14236162562403,0
True,2.67438805022377,0
True,1.13341035898292,0
True,1.57639555296746,0
True,1.96673951688903,0
True,2.52001734512492,0
True,1.52917570393288,0
True,2.40447786197268,0
True,1.84330128612487,0
True,0.86270140007398,0
True,3.00239456609599,0
True,0.864342819239659,0
True,2.06664265635624,0
True,3.09136458557536,0
True,1.33821715728386,0
True,1.68362156261717,0
True,1.52337280782431,0
True,3.31842355780368,0
True,2.50947773622882,0
True,2.56446515354723,0
True,1.91607368461618,0
True,2.14039220162874,0
True,2.0034974986998,0
True,1.99735709967393,0
True,2.41540760296998,0
True,3.98463007189642,0
True,3.11806605599747,0
True,2.7051416176876,0
True,2.26651556253899,0
True,3.06615930041412,0
True,3.24581199296337,0
True,3.45308929503544,0
True,1.01281395857249,0
True,3.82250025202929,0
True,1.52732434536613,0
True,2.97936366601041,0
True,2.51972812236301,0
True,1.99091901186413,0
True,2.99898661715194,0
True,2.98421567068339,0
True,1.0841761615232,0
True,0.815337194481347,0
True,1.99465052507918,0
True,2.29241048259674,0
True,1.4992797676848,0
True,0.489702185470574,0
True,1.3531870842514,0
True,2.34391434519957,0
True,1.80094521016077,0
True,1.37505327870229,0
True,0.938626509735296,0
True,0.964999085143897,0
True,1.64859983137262,0
True,1.10634112687201,0
True,1.15496962083239,0
True,1.43761939118196,0
True,1.54950959665764,0
True,2.71181499370795,0
True,3.76507558544028,0
True,2.93773905463682,0
True,1.35315142930667,0
True,1.62705167474197,0
True,2.18871930658365,0
True,1.35230309865286,0
True,1.34080030403891,0
True,0.830271605361406,0
True,1.63442719526961,0
True,1.09046591842605,0
True,1.17823231325975,0
True,1.04594028837654,0
True,1.02182729406923,0
True,1.70904194163477,0
True,2.02162743868762,0
True,0.668450366146786,0
True,1.14984649996267,0
True,4.2561072764235,0
True,1.42011757614669,0
True,1.76503634237779,0
True,1.13700806808112,0
True,1.65653712473229,0
True,2.04959309729657,0
True,1.63628157297495,0
True,1.0839765550521,0
False,2.1900801139286,0.00011852842375228
True,2.50224497608701,0
True,1.2602147103067,0
True,1.76987195893666,0
True,1.64617405192486,0
True,3.53145511622087,0
True,4.12003163143736,0
True,2.88053321154598,0
True,1.58336936794681,0
True,1.5879587136955,0
True,1.84351405856305,0
True,0.776043828779012,0
True,0.981253674808858,0
True,3.10390694919493,0
True,2.56214262252952,0
True,2.81287589005641,0
True,1.28434267276731,0
True,2.34414593184018,0
True,2.37125812025492,0
True,1.70279549715556,0
True,2.45046462393689,0
True,2.6664557022493,0
True,2.37140504493608,0
True,1.22601508605228,0
True,2.93670901659819,0
True,1.71053818499577,0
True,3.35843794740677,0
True,3.53750979560692,0
True,1.41945186422146,0
True,1.38047518271442,0
True,1.67743138750861,0
True,3.92417401775885,0
True,1.02840580824993,0
True,2.94044533124301,0
True,1.54179902239073,0
True,3.85007338485236,0
True,1.68386225335841,0
True,1.28953540385539,0
True,1.07914230541743,0
True,2.5017198332093,0
True,2.21143412056048,0
True,1.05593608786739,0
True,0.962376454552134,0
True,1.64072203148836,0
True,1.86656048426205,0
True,1.47581108329353,0
True,1.91236796509057,0
True,3.20241822846045,0
True,0.876087409485627,0
True,1.16363980376875,0
True,2.23366769767961,0
True,1.66107151329853,0
True,1.38491841821422,0
True,1.30485019719943,0
True,0.905536225261564,0
True,3.23146377658312,0
True,1.08534772363901,0
True,1.76109206212395,0
True,1.01410704337623,0
True,1.25896865099726,0
True,1.27529245060582,0
True,3.42080696148187,0
True,2.18286743215628,0
False,4.29740370616673,0.000309658689567246
True,1.13865922983414,0
True,2.23604600311466,0
True,3.73837287357259,0
True,3.17305395927229,0
True,1.85422762385437,0
True,2.10120232251842,0
True,3.0884336607122,0
True,2.35804520851738,0
True,3.55401944321797,0
True,3.55371784713211,0
True,3.31737470790544,0
True,3.43543674632628,0
True,1.54400545288333,0
True,2.74844082618233,0
True,1.08130204654554,0
True,0.744798093504002,0
True,1.53358046087208,0
True,2.64425846594134,0
True,0.799886539048758,0
True,2.6462122292792,0
True,2.36003698862054,0
True,2.41463104404622,0
True,1.77638102506864,0
True,0.944236359385419,0
True,2.35725433061596,0
True,2.07721332844023,0
True,1.59485591007218,0
True,1.89275302380082,0
True,0.96698476000382,0
True,2.24114634917522,0
True,1.97748283267289,0
True,1.97607724363512,0
True,1.1022613590818,0
True,1.08897925470817,0
True,1.52522405773566,0
True,1.93186703887076,0
True,1.84315426095053,0
True,0.873686551526027,0
True,1.11814196674461,0
True,3.51659012443223,0
True,4.11630544776926,0
True,0.873154010164073,0
True,2.04732526846085,0
True,2.12970079704635,0
True,2.13609235340657,0
True,0.908507674329922,0
True,2.83045191925559,0
True,3.45916426290445,0
True,1.42472291278744,0
True,2.30677895858843,0
True,1.88424853271675,0
True,1.87482802219161,0
True,2.01525147498549,0
True,2.53841960062984,0
True,2.68908382631683,0
True,2.38949724095226,0
True,2.07069984459417,0
True,1.46009763741279,0
True,2.41413137286698,0
True,1.85752003279285,0
True,2.91624733143276,0
True,1.96579540118875,0
True,0.959661734446146,0
True,2.19639368413995,0
True,0.880005672810199,0
True,2.67865487134798,0
True,1.34261714371059,0
True,1.12636118541934,0
True,2.26514300955611,0
True,3.32704190682945,0
True,3.78497839123422,0
True,2.04801301518081,0
True,4.08865302546155,0
True,3.31058199921049,0
True,2.46981087330317,0
True,2.40584870853376,0
True,1.90596838871578,0
True,2.07085642675888,0
True,2.33073859089491,0
True,3.84170198546371,0
True,2.49313579593638,0
True,1.12302968956241,0
True,1.2023739284958,0
True,2.26878536686526,0
True,3.4862069154819,0
True,3.98883008849176,0
True,0.994956990180081,0
True,1.48301627610442,0
True,1.40026736606813,0
True,0.987919980995127,0
True,2.17036203078476,0
True,1.56727041700715,0
True,2.47549028927114,0
True,1.0793447652939,0
True,1.12698412784818,0
True,3.73200062016456,0
True,2.3452831623619,0
True,2.63979300942313,0
True,1.19002176185097,0
True,1.73476256032585,0
True,1.43735075525053,0
True,1.82344575605407,0
True,1.67115504994979,0
True,1.33160538764142,0
True,1.82862778790124,0
True,2.51723981827658,0
True,1.15556186250431,0
True,2.01775631771558,0
True,1.92891045238991,0
True,1.1522356762711,0
True,2.08093467085429,0
True,1.58478119103849,0
True,2.94677751936638,0
True,3.59516446655152,0
True,1.89346517013089,0
True,1.98019514795948,0
True,2.08854790823246,0
True,2.43567245560286,0
True,0.794019725131099,0
True,1.24630924045675,0
True,1.04199762388553,0
True,1.67585108212328,0
True,1.52018993245967,0
True,1.66135550831502,0
True,2.03369664512117,0
True,2.18010549360453,0
True,1.56491637977715,0
True,1.24074659171291,0
True,2.13014577661245,0
True,2.23674881106849,0
True,1.20532670009641,0
True,1.11412428903239,0
True,2.34765771293159,0
True,2.95955799938026,0
True,0.884829338690009,0
True,1.32366242803488,0
True,1.4558336736445,0
True,1.78078120125614,0
True,1.80384134944381,0
True,2.28268346691477,0
True,4.34453113417611,0
True,4.11145465110001,0
True,2.41023324223358,0
True,1.54609287672219,0
True,0.282394624032591,0
True,3.32355952306131,0
True,1.56201921835476,0
True,2.81273434548098,0
True,1.41043291237317,0
True,1.05070299783328,0
True,0.963794197457418,0
True,1.1668883567661,0
True,2.25764101127632,0
True,2.20380132563118,0
True,1.77775670252844,0
True,1.43683140436195,0
True,1.75578024108115,0
True,2.3963730662813,0
True,3.81190167827138,0
True,2.50730616671093,0
True,2.51861464550623,0
True,1.33591486478034,0
True,1.43145406128557,0
True,1.56394225592137,0
True,2.14350093339678,0
True,2.23035209192766,0
True,2.41813530806956,0
True,2.7868547052398,0
True,1.48235612392788,0
True,2.12054187523088,0
True,1.07383760123862,0
True,1.68520789228818,0
True,4.03942291997708,0
True,2.77888063175837,0
True,2.77701339474922,0
True,2.4128407984362,0
True,1.63322067984618,0
True,1.37914956014449,0
True,2.02245176596448,0
True,1.43761814728176,0
True,3.00586647444849,0
True,3.19139993583231,0
True,2.02649153377442,0
True,1.34540010509382,0
True,2.39578953629502,0
True,2.70996743079884,0
True,3.04117399533393,0
True,2.34372958618956,0
True,2.97546885134942,0
True,3.192409058521,0
True,2.87302132888703,0
True,3.33703171045449,0
True,1.53936301935231,0
True,1.60548212685868,0
True,0.715609448976746,0
True,1.39383494214082,0
True,1.42725202651748,0
True,1.56604859276803,0
True,1.78272312580575,0
True,1.36280988366118,0
True,2.04188941184432,0
True,1.64332528988019,0
True,2.4769183514464,0
True,1.01422222993881,0
True,1.28446204284747,0
True,1.28476025665091,0
True,1.3125505035029,0
True,3.33102875387706,0
True,0.824028951463394,0
False,1.704222302247,0.000139365371405641
True,3.88479196153358,0
True,2.82301158413308,0
True,1.08705026509033,0
True,1.30353636134781,0
True,2.37656485325854,0
True,0.836491612190308,0
True,2.31268283058708,0
True,3.00659157062071,0
True,3.55227415983811,0
True,1.94498064036722,0
True,2.2101638467662,0
True,1.16872926002182,0
True,3.71568781824258,0
True,1.83118465520554,0
True,1.20768775345231,0
True,1.61495798622663,0
True,1.30580030766272,0
True,1.86327220942669,0
True,2.22893480219521,0
True,2.60078876449616,0
True,2.45332509131755,0
True,1.74751686414325,0
True,2.41874286576185,0
True,2.39312911971295,0
True,0.719370088766966,0
True,1.73070344842201,0
True,3.27307821561252,0
True,1.3018112338834,0
True,4.28251692715083,0
True,1.969067959741,0
True,0.930792999502707,0
True,1.41074565275428,0
True,1.36053764507459,0
True,1.42888664517904,0
True,2.49479614649097,0
True,1.47555974296652,0
True,1.44564477398832,0
True,1.37222997777588,0
True,2.17822729097378,0
True,2.30746292411028,0
True,2.26502232652479,0
True,1.63601513489099,0
True,2.0342180110598,0
True,2.55300882083213,0
True,1.65541809986682,0
True,0.829444525100804,0
True,3.30205948320879,0
True,1.87809818584388,0
True,2.22876980510156,0
True,2.16115365418013,0
True,1.67800154695398,0
True,2.35240874765649,0
True,3.41784652249103,0
True,1.42424880832859,0
True,1.74411547696,0
True,2.17012344029913,0
True,4.35700795574546,0
True,1.76454810585918,0
True,2.8211723303392,0
True,1.52899622359258,0
True,4.04955642455727,0
True,3.44651801094103,0
True,1.37267567629626,0
True,1.70510003427872,0
True,1.02124978157685,0
True,1.99352904224267,0
True,2.90212239734388,0
True,1.34354305707767,0
True,2.85532540133882,0
True,2.8470850652489,0
True,2.04480703572346,0
True,0.835207426653721,0
True,1.13442374360644,0
True,3.18912775661337,0
True,2.06722190114524,0
True,1.45356435869855,0
True,0.999206691201414,0
True,3.44221423596298,0
True,1.33989131187838,0
True,0.921975654854924,0
True,3.51356731622952,0
True,2.30873819166535,0
True,3.29144323688402,0
True,1.31010510053118,0
True,1.61496296365755,0
True,3.14420167078705,0
True,1.1868086346217,0
True,2.00375219702091,0
True,3.4615480952347,0
True,1.78570376252895,0
True,2.2154713547612,0
True,1.80846470300634,0
True,0.864923425555399,0
True,1.92664039481571,0
True,1.27977909377457,0
True,1.04761556808511,0
True,1.6546429903045,0
True,2.17119220728814,0
True,1.41558375659075,0
True,1.97441804360382,0
True,1.68130416783486,0
True,3.4348982203924,0
True,1.62898487432959,0
True,1.96252762501156,0
True,2.38319549839707,0
True,0.587492291527301,0
True,3.91685438444194,0
True,3.59607679728307,0
True,2.48391634452335,0
True,1.43785511094669,0
True,1.22795228933131,0
True,2.67186156773011,0
True,2.6122332995309,0
True,1.42350261014081,0
True,1.15247323311525,0
True,1.66180985651552,0
True,1.39830427641469,0
True,1.34719848403143,0
False,1.95611492335045,0.000215165795630361
True,1.38192051762018,0
True,1.55933132400265,0
True,1.12513266611265,0
True,2.56421366748544,0
True,1.13229730486895,0
True,0.98763998330809,0
True,1.89540889391008,0
True,1.33286893178628,0
True,1.64787111376253,0
True,0.919615945549734,0
True,2.42045287232202,0
True,1.33804889003921,0
True,1.77374412817793,0
True,2.66407660289993,0
True,2.23569310611331,0
True,1.78241190661284,0
True,3.33950528853953,0
True,2.05583760861557,0
True,1.78568843255926,0
True,2.03260309983867,0
True,1.52085505773439,0
True,1.86916628324362,0
True,3.57704598427197,0
True,3.35342517761245,0
True,1.23543239708283,0
True,1.39291157030971,0
True,1.16872969707264,0
True,1.40100137744201,0
True,1.40198418561719,0
True,0.948698837200507,0
True,2.05746162554981,0
True,2.85941354481499,0
True,1.23420326567547,0
True,0.995197382170539,0
True,1.27445276198171,0
True,1.66699635846452,0
True,1.24963585995203,0
True,0.974851586759221,0
True,2.61328887871738,0
True,2.1631747384027,0
True,1.60451759512924,0
True,1.12651423809704,0
True,1.74021147067288,0
True,2.1462590602389,0
True,2.59933381282531,0
True,0.936841472303196,0
True,1.08804814559163,0
True,2.77677771522356,0
True,2.67752816374871,0
True,2.82888351516707,0
True,2.51752310658285,0
True,3.32404316476147,0
True,2.11499969538126,0
True,1.43760323856705,0
True,1.18027947699018,0
True,2.08093894961898,0
True,1.539776576949,0
True,0.784850031824399,0
True,1.17785221712623,0
True,1.03547801470876,0
True,3.34671728891695,0
True,1.42696772778701,0
True,1.34597263369967,0
True,0.986780902190948,0
True,0.556020745937284,0
True,1.37263465404692,0
True,1.69421247176344,0
True,1.63588799886118,0
True,1.60441545120523,0
True,1.40532663601492,0
True,1.05433755981078,0
True,1.43405006656004,0
True,2.24902301158489,0
True,2.71716444076544,0
True,2.24322031635869,0
True,2.56598462848622,0
True,3.77296992140534,0
True,1.66823587434404,0
True,2.32107822607485,0
True,2.26554610533341,0
True,1.51672259342723,0
True,1.16686901879395,0
True,0.713904889074031,0
True,1.34076967309054,0
True,1.58248921309983,0
True,1.73391490421636,0
True,1.24698453878659,0
True,1.06412196381378,0
True,0.884057479727375,0
True,0.96641242299457,0
True,3.23532612483667,0
True,2.87921466299874,0
True,1.96413076280916,0
True,1.61330031066831,0
True,1.14967363186535,0
True,1.37363883361696,0
True,1.89646518435205,0
True,1.77816405837357,0
True,1.57289744293251,0
True,2.57593326463784,0
True,3.27923092101064,0
True,4.4985005970107,0
True,4.50787312948578,0
True,3.85167681169062,0
True,3.94872216652198,0
True,3.22233890640992,0
True,1.31285652272782,0
True,1.78662303436468,0
True,1.45021077894999,0
True,1.33955349653509,0
True,1.87397622908749,0
True,1.294067194844,0
True,1.30210773925,0
True,1.81340858583422,0
True,1.70522882372833,0
True,3.4387218352361,0
True,3.78516659282926,0
True,0.837373541363769,0
True,2.15778060429335,0
True,2.9862662434005,0
True,1.75221732857752,0
True,1.93340779861881,0
True,0.776383360182065,0
True,0.848292853329874,0
True,0.877553373776078,0
True,0.951835083013517,0
True,0.941280232572925,0
True,1.33590133654984,0
True,1.60005887804606,0
True,1.55460573703302,0
True,1.50200483928022,0
True,1.0297616647547,0
True,1.13584868240147,0
True,1.71082164095322,0
True,2.41372476814494,0
True,2.40407578541087,0
True,0.913568763477965,0
True,4.28887172440699,0
True,3.18994514880533,0
True,1.11450987536808,0
True,1.44145951413059,0
True,1.79916812482054,0
True,3.68734614396494,0
True,3.75995275821253,0
True,1.54300624924387,0
True,2.3649626161397,0
True,3.69051035592844,0
True,2.41251867353321,0
True,1.01880056399627,0
True,1.33873932165487,0
True,1.66268084833753,0
True,0.999678383830409,0
False,2.15846062722797,9.80894530520405E-05
True,2.35322061374966,0
True,1.78433293484478,0
True,1.20909649209055,0
True,1.59499600220402,0
True,0.949824198704875,0
True,3.52828721936002,0
True,3.61193931571502,0
True,3.07097099132839,0
True,1.13943251071879,0
True,0.892335953820734,0
True,0.843991560974357,0
True,2.74797339979288,0
True,2.22040122847019,0
True,2.68779635663067,0
True,3.39281104897366,0
True,1.38769178479012,0
True,1.1106150718129,0
True,2.60385157777148,0
True,2.13992494090623,0
True,2.64769646231658,0
True,2.03110023163092,0
True,2.96846045648452,0
True,2.7183761856055,0
True,1.43975858322499,0
False,2.49109081008242,0.000131704631546195
True,2.57139778218468,0
True,1.73364150647752,0
True,1.48831847264811,0
True,3.26736217337898,0
True,1.68658596601123,0
True,1.29591600645354,0
True,3.48038455999668,0
True,0.927265859832579,0
True,1.46368193327064,0
True,1.42576244863597,0
True,1.79955955592049,0
True,2.39276358063442,0
True,3.88887690343872,0
False,3.13070965157323,0.000125475754164157
True,4.26501569373034,0
True,2.48048283635563,0
True,1.9462840789603,0
True,2.12720146657776,0
True,2.82903161005732,0
True,2.26124879868313,0
True,0.759228670577695,0
True,1.7172790764879,0
True,1.15333351596303,0
True,2.39817130173197,0
True,1.44929911494442,0
True,2.20927837899375,0
True,1.46249509759447,0
True,1.99150176477509,0
True,1.19632242277073,0
True,2.47633581473598,0
True,2.53731160198216,0
True,2.07839142865879,0
True,1.61706548854707,0
True,2.22185761321746,0
True,1.18265751669147,0
True,1.04485570536508,0
True,1.17685598043359,0
True,2.17552901220719,0
True,1.57560381489937,0
True,1.33337136306205,0
True,1.21215591123855,0
True,1.59691496965371,0
True,1.13445919828619,0
True,1.86612057942231,0
True,1.17379902472453,0
True,2.97293877724452,0
True,1.62679653318654,0
True,0.626075057973071,0
True,0.941448547889975,0
True,2.90098684290587,0
True,1.19277256786522,0
True,4.14637317431016,0
True,2.86383320643151,0
True,2.40908705733037,0
True,1.38792280893932,0
True,3.03446858119493,0
True,1.68542147960101,0
True,1.07147127230083,0
True,2.39567415826602,0
True,0.748498235271134,0
True,1.3251328574362,0
True,2.48771310680376,0
True,2.74752219202118,0
True,1.64706040370817,0
True,1.14486958634091,0
True,1.29628876274078,0
True,1.64618816929987,0
True,1.65419200206698,0
True,1.47298963562036,0
True,2.32197813396153,0
True,1.81137981634027,0
True,2.32730586838165,0
True,2.73955943412056,0
True,2.03473827939174,0
True,1.27007528517222,0
True,3.5179753656621,0
True,1.9990062146337,0
True,2.57910364615844,0
True,1.57737237890883,0
True,1.1276699374799,0
True,1.44129883310063,0
True,0.759512571553877,0
True,1.24823805997093,0
True,1.8935614408341,0
True,1.56788072442622,0
False,3.34119470808238,0.00010590163180865
True,0.97425040568313,0
True,0.738975686645548,0
True,1.91626855617725,0
True,3.10499508744212,0
True,2.37828772413355,0
True,2.51142382843136,0
True,2.57286692009221,0
True,1.95126702458705,0
True,1.42438546706975,0
True,3.92427840661855,0
True,1.75586668974676,0
True,3.93386609418461,0
True,3.61228606693393,0
True,3.50278397059896,0
True,4.53940375906364,0
True,2.10279484703503,0
True,1.84555056734917,0
True,2.62187442683551,0
True,2.5724935873276,0
True,1.6163918359988,0
True,1.7921672181418,0
True,1.14830086706871,0
True,1.96535718720399,0
True,0.925713960805739,0
True,1.48305846803838,0
True,2.51166619137159,0
True,1.91224612343093,0
True,1.4707018790287,0
True,1.27949339284393,0
True,2.27069138422651,0
True,3.76382532886248,0
True,1.62471667555022,0
True,3.27587701778725,0
True,2.43753024575881,0
True,2.05825710088838,0
True,1.73669450138624,0
True,0.627857478856105,0
True,2.62423467966431,0
True,2.51852677239102,0
True,1.48270387946193,0
True,1.12543703238407,0
True,1.44136461582067,0
True,2.3941594270897,0
True,1.11772250873658,0
True,1.67948079747775,0
True,1.54746285354626,0
True,2.51103423655077,0
True,0.581310948308961,0
True,3.76943030175417,0
True,2.61467525028684,0
True,2.8086157952612,0
True,3.98968752483546,0
True,1.6342218129557,0
True,3.64735560979532,0
True,2.93775274762994,0
True,2.11672622067266,0
True,1.8864963047697,0
True,2.18020574987992,0
True,0.679128914804701,0
True,1.4774537956837,0
True,1.46812021180318,0
True,2.89133546225194,0
True,0.593404599509191,0
True,1.91788959439325,0
True,3.46836697457087,0
True,1.2307393004769,0
True,0.623827727788457,0
True,1.02323706695195,0
True,1.53287133883577,0
True,2.6416268227573,0
True,2.82497301328551,0
True,1.97251849968411,0
True,1.13267022871025,0
True,1.70911003394093,0
True,1.51134852624236,0
True,1.04317037918986,0
True,0.854827534539551,0
True,1.4332452124427,0
True,2.31188153956209,0
True,1.48171626533725,0
True,1.76351413810965,0
True,2.483599358535,0
True,3.03538253031516,0
True,1.82990596418619,0
True,1.85056302176253,0
True,3.34442223457394,0
True,1.51694766692206,0
True,0.927887894311948,0
True,1.23449497637344,0
True,0.651624842079877,0
True,2.08290655800543,0
True,1.73076769608038,0
True,2.69607319490361,0
True,2.75184372715578,0
True,2.73143525984487,0
True,2.13286101610059,0
True,2.23328932324064,0
True,2.24438117796241,0
True,4.69683310680666,0
True,1.85180262928736,0
True,1.66267962720691,0
True,1.49069664041156,0
True,1.25382201168535,0
True,1.90099788620102,0
True,2.65119137310715,0
True,1.02844683388543,0
True,2.87357999128903,0
True,1.46886091917802,0
True,1.8484302974177,0
True,2.18991934185735,0
True,2.29113864608681,0
True,1.15448475279021,0
True,0.865724311133052,0
True,2.23410152287688,0
True,1.80406679944481,0
True,1.56715986974671,0
True,3.10860060766516,0
True,2.55082956933573,0
True,1.90289727949378,0
True,0.760912833133393,0
True,2.56152154434893,0
True,1.91426175277929,0
True,1.11898711010343,0
True,3.78775294075732,0
True,2.68471341999671,0
True,1.85369090248913,0
True,3.21722330568535,0
True,0.890786405025721,0
True,1.378749442543,0
True,2.12658017149622,0
True,2.66031038143986,0
True,1.39578084181305,0
True,1.57414211757869,0
True,1.76805822598289,0
True,4.29342865927301,0
True,2.61665191834374,0
True,2.17183955856999,0
True,1.36174404203256,0
True,1.20749054960264,0
True,2.39714539207483,0
True,2.48209999935161,0
True,1.38470762640195,0
True,1.65382419389869,0
True,1.88459886879216,0
True,1.26314431150502,0
True,3.46424389991722,0
True,0.798033762829581,0
True,1.68379011940452,0
True,0.803553433150728,0
True,1.14345434359207,0
True,2.55860682123172,0
True,1.0366968106133,0
True,1.03676287440586,0
True,2.00602503337842,0
True,0.859953014285032,0
True,1.37382350885584,0
True,1.32917595318658,0
True,3.3072733790573,0
True,1.55490357497348,0
True,1.61354667265683,0
True,1.21397176580298,0
True,2.38685037965645,0
True,1.74898868619024,0
True,1.24162376550082,0
True,1.90066948835554,0
True,2.6781851908593,0
True,2.5440647594732,0
True,2.22012450370599,0
True,3.86285616881964,0
True,1.72320923961316,0
True,1.92887783595827,0
True,1.55488820345518,0
True,1.47325665072026,0
True,2.04300062148655,0
True,2.66400992296796,0
True,2.46446900113093,0
True,1.47101517159679,0
True,1.73827152143494,0
True,1.80136979550821,0
True,2.34950097450338,0
True,0.775093534749575,0
True,3.61044248118627,0
True,2.15540868462862,0
True,1.8554335266031,0
True,2.48524953470234,0
True,4.15140322099672,0
True,2.40230735286427,0
True,1.26306261799782,0
True,4.03202974137208,0
True,1.77236706558218,0
True,2.22158108887756,0
True,1.39772988004615,0
True,2.00464940897912,0
True,2.84284986546959,0
True,2.04060967456218,0
True,1.56304520174712,0
True,2.70276596246295,0
True,2.52196616540756,0
True,2.78693373659277,0
True,1.71271343434288,0
True,2.07263334468132,0
True,1.19867801560902,0
True,1.03571198330518,0
True,2.17256639356179,0
True,3.99065913794095,0
True,3.20187965791048,0
True,1.65451372928556,0
True,0.748088022595629,0
True,2.65084372207868,0
True,3.20092517731068,0
True,1.40112512783043,0
True,1.34524199444196,0
True,1.417629140329,0
True,1.21713857685589,0
True,2.21978938609889,0
True,1.11935072345047,0
True,1.28948414086941,0
True,1.17980682299732,0
True,1.1073307452075,0
True,1.99873883978287,0
True,1.89461804589899,0
True,1.27886600336953,0
True,2.53971069972923,0
True,1.4319675848927,0
True,1.96721342991868,0
True,2.91975444311566,0
True,2.26672518933057,0
True,1.98141343832504,0
True,1.05895948609496,0
True,2.31955951693599,0
True,0.845166320515467,0
True,1.0674964483917,0
True,2.11982420924774,0
True,1.22888929676266,0
True,1.1639353921547,0
True,1.21328634031173,0
True,1.70102220464404,0
True,0.977565537910699,0
True,3.05422030507844,0
True,1.12244475050117,0
True,2.18221441560884,0
True,1.30670332371701,0
True,1.64200005787246,0
True,3.63657922096301,0
True,3.32491815559986,0
True,2.5523110628329,0
True,1.74908901646853,0
True,1.27893562737605,0
True,0.842541473835496,0
True,2.79338074494825,0
True,4.13365935440166,0
True,2.77489662442917,0
True,1.47762911730148,0
True,1.29555493775928,0
True,2.83753451269426,0
True,2.91767646804626,0
True,1.24257976020251,0
True,1.11994287913306,0
True,1.52938377276017,0
True,3.17176909015094,0
True,3.02272964808119,0
True,2.30180174828636,0
True,1.07865177803419,0
True,3.04551616744752,0
True,2.70004810627546,0
True,2.72064977341258,0
True,2.50414983395071,0
True,1.12249511018182,0
True,2.28496947894028,0
True,1.2788532135332,0
True,1.44864521773775,0
True,1.68609236471313,0
True,1.38297074275202,0
True,3.29596491308909,0
True,1.30302934846738,0
True,1.59859303749738,0
True,3.79929889752187,0
True,3.49274137186388,0
True,0.794158928503045,0
True,1.29067493628618,0
True,1.87274075959996,0
True,2.16185559027261,0
True,3.0004024726718,0
True,1.31629837684876,0
True,0.790669657475352,0
True,0.840946486003982,0
True,2.24288944721695,0
True,1.65979435546619,0
True,3.07967639954622,0
True,1.44186043715857,0
True,2.22129231576488,0
True,1.85477047666473,0
True,2.67311970902582,0
True,2.74746834552779,0
True,1.88798160946865,0
True,3.69222342968428,0
True,4.03435192429292,0
True,1.17724964201231,0
True,1.20165062087086,0
True,0.874739498688298,0
True,2.02077909493471,0
True,2.13599559388729,0
True,1.71829657611432,0
True,1.57098823214597,0
True,2.79785589996174,0
True,1.21558067932103,0
True,1.62210262451692,0
True,1.2748917436078,0
True,1.79014155196937,0
True,2.39806798763287,0
True,1.68951542414314,0
True,1.0198636538145,0
True,0.787034626243785,0
True,1.49238539267743,0
True,2.24329891747596,0
True,2.24660518523271,0
True,2.45939110419481,0
True,1.24982435841203,0
True,1.76312018375959,0
True,1.89821674513022,0
True,2.31172533671399,0
True,2.24164736551023,0
True,1.70707795333136,0
True,1.4471132702174,0
True,3.84333821959436,0
True,1.41835408314644,0
True,1.25252790578228,0
True,2.75460625829858,0
True,2.93609940454415,0
True,1.75013260817917,0
True,1.24978081349366,0
True,1.98552101427554,0
True,1.83760740237627,0
True,1.85270258138268,0
True,1.10178585821145,0
True,3.54510135351581,0
True,3.5598999351945,0
True,1.09832047789658,0
True,1.39853408298313,0
True,1.12174381071511,0
True,2.24929636970032,0
True,0.815168965379559,0
True,2.23039320447227,0
True,2.55800625601523,0
True,3.38327968158952,0
True,2.45548341306442,0
True,1.38167447061209,0
True,1.26012968631585,0
True,2.99647014737205,0
True,3.84052192325862,0
True,3.20653343105594,0
True,1.1962346749961,0
True,2.38232552312382,0
True,2.28407030041006,0
True,3.00201775004681,0
True,0.730303435008243,0
True,2.1745083194992,0
True,2.04333490489868,0
True,1.44339061954372,0
True,1.57967967363151,0
True,1.48613596627201,0
True,1.17574956117152,0
True,2.96005898482517,0
True,1.16929474520985,0
True,2.44636898796999,0
True,2.37830002202888,0
True,1.69225955219581,0
True,1.67959140913845,0
True,1.26828517314025,0
True,1.89368788232242,0
True,1.45661578705773,0
True,2.78009935145925,0
True,1.29690598532986,0
True,1.68594717433346,0
True,1.18406876831892,0
True,1.8772209615257,0
True,2.89982909726193,0
True,3.30103498375533,0
True,2.03113082583601,0
True,2.80261272561316,0
True,2.05720322517406,0
True,1.42819695506794,0
True,1.33847641861731,0
True,0.496537576034712,0
True,1.19916366283097,0
True,1.49830263023969,0
True,0.909841293359038,0
True,1.12348138809449,0
True,0.965255074037014,0
True,0.568792346761257,0
True,1.2494719591192,0
True,2.30032792524133,0
True,2.73757223796905,0
True,0.986152930751669,0
True,1.8047552795058,0
True,2.25629148770181,0
True,3.20891506519597,0
True,2.83397204726163,0
True,1.06337574725089,0
True,1.07572517397269,0
True,1.15346230758095,0
True,1.29657077195881,0
True,1.75370114078823,0
True,1.30582871438513,0
True,1.691341328104,0
True,1.80645007546644,0
True,1.33641209758578,0
True,2.49517038131135,0
True,0.822865763625517,0
True,1.59432523546654,0
True,1.2586047813408,0
True,1.30684625612787,0
True,1.83632674031146,0
True,1.16667595684797,0
True,1.72259481447257,0
True,3.15527983017941,0
True,1.91674098616282,0
True,1.80680749958411,0
True,1.67268908895089,0
True,2.12623163373491,0
True,2.63330764762446,0
True,1.07904990605112,0
True,1.74762878104264,0
True,3.79801448382942,0
True,2.52202682891853,0
True,1.72449791206727,0
True,0.672749071156078,0
True,2.68766370464024,0
True,3.73369226384288,0
True,2.53795458768379,0
True,1.87006848987931,0
True,2.43240021612412,0
True,1.28087467763989,0
True,1.05148041263421,0
True,2.1523713067554,0
True,1.98722465301224,0
True,3.17026115434605,0
True,2.61906787427494,0
True,1.08757508500125,0
True,2.01448103808955,0
True,0.853682706681008,0
True,1.51237410600002,0
True,3.17484669341691,0
True,0.697587397594401,0
True,2.53812440331847,0
True,1.32548863117879,0
True,2.25825654896417,0
True,1.82521470154476,0
True,1.67395690229989,0
True,1.28293615643877,0
True,1.38220979614621,0
True,1.51294467593383,0
True,0.721007217345358,0
True,1.97719555810344,0
True,1.02006781142788,0
True,1.79618314096743,0
True,2.55981966156518,0
True,2.85972757513124,0
True,1.73644432928924,0
True,1.59828510239479,0
True,2.64331481175156,0
True,1.35783181844519,0
True,2.19794571038696,0
True,3.06961132801007,0
True,1.63558906306708,0
True,1.34456674269108,0
True,0.807926446193811,0
True,1.41113137275644,0
True,2.67227509481092,0
True,2.10030546236203,0
True,3.90075524257502,0
True,1.89791769901489,0
True,2.33545324745334,0
True,0.905047763323125,0
True,0.87562802354243,0
True,2.81235714838331,0
True,2.12090551127858,0
True,1.77721339240063,0
True,2.02841479979217,0
True,1.81174475993068,0
True,1.60789129776252,0
True,1.13364197247074,0
True,1.32823818484259,0
True,2.45729973754713,0
True,1.29523815947623,0
True,1.59659012142673,0
True,1.86623400369842,0
True,1.3303204472494,0
True,1.42696439309055,0
True,3.02757505751613,0
True,1.88711614002822,0
True,2.09641003096461,0
True,3.33960479395263,0
True,0.970492447927456,0
True,3.20890082814739,0
True,1.84602936763832,0
True,2.52133962099896,0
True,1.8692509394621,0
True,0.879912021769082,0
True,0.719206307816905,0
True,1.49330565850377,0
True,1.73174653218708,0
True,1.11173175274658,0
True,1.51384639777217,0
True,2.35545010587352,0
True,0.913185994757351,0
True,1.5748417429508,0
True,1.39476633303779,0
True,1.12871228202519,0
True,2.40420767676399,0
True,1.31086368147494,0
True,2.06530482349715,0
True,0.802064642736955,0
True,3.02460762959335,0
True,1.93300656110439,0
True,2.04192320649141,0
True,2.03552743311091,0
True,0.833565797116624,0
True,1.53047043598071,0
True,2.79501076838071,0
True,2.72189287188587,0
True,2.86562964550634,0
True,2.26559843184506,0
True,0.964628289663141,0
True,3.110505000014,0
True,2.7884563094854,0
True,0.883558429012601,0
True,2.92983843289978,0
True,2.32296223866421,0
True,2.37930311719996,0
True,2.50024575209687,0
True,1.57915394801193,0
True,2.02792928442237,0
True,1.11472700457939,0
True,0.962038838784106,0
True,3.73608354013102,0
True,2.49637455143177,0
True,1.89098487881784,0
True,2.19266471673079,0
True,3.25548673231614,0
True,2.3347431348079,0
True,2.06366046638323,0
True,3.93919573289688,0
True,2.1762499064798,0
True,1.47297163314051,0
True,0.240106189543104,0
True,1.52530451953462,0
True,1.77062068258887,0
True,0.807895022585079,0
True,1.78464424405603,0
True,2.83388790971093,0
True,2.29291675322486,0
True,3.78578320611503,0
True,3.48955046924342,0
True,3.70304165626444,0
True,2.50924289011285,0
True,1.24144507467646,0
True,1.43185421353063,0
True,1.93164511833979,0
True,0.827478159793531,0
True,2.07498472727205,0
True,1.91923169906706,0
True,2.8643165519148,0
True,2.86142155432775,0
True,3.72210301618128,0
True,1.93270548545229,0
True,1.25439364150079,0
True,0.894057812416632,0
True,1.09820671914112,0
True,2.89572903824632,0
True,2.76687506089776,0
True,2.29475039700195,0
True,1.93303973803099,0
True,2.49634692984617,0
True,1.66160307576232,0
True,1.54992286999535,0
True,1.3478577290497,0
True,1.38699761385334,0
True,1.14832651866017,0
True,1.18448853825884,0
True,1.16674066686394,0
True,1.02665446292141,0
True,0.953594699593122,0
True,1.97476109461772,0
True,3.105555369884,0
True,4.71214063074678,0
True,2.93312129653584,0
True,1.41237928479216,0
True,1.99235480197961,0
True,1.65838376630568,0
True,3.01235011176938,0
True,3.590533253818,0
True,1.01415961404696,0
True,1.67004504422168,0
True,1.91433002752003,0
True,2.68902375030412,0
True,1.161708835775,0
True,2.09886317105018,0
True,1.08104135001829,0
True,1.91550108661368,0
True,2.33593209606052,0
True,1.89323339784596,0
True,0.749150397198546,0
True,1.69284699354578,0
True,0.852036188177938,0
True,1.48368664104882,0
True,3.43901109285093,0
True,3.1931827172713,0
True,1.61520705854065,0
True,1.71391028710097,0
True,0.845368418062099,0
True,1.35287760637015,0
True,1.92661070053025,0
True,2.97870262406611,0
True,1.47506998901423,0
True,1.57938989300641,0
True,2.25607923728862,0
True,1.95116766124877,0
True,2.63330792704641,0
True,2.97464523366955,0
True,1.10084481332681,0
True,4.06004963935488,0
True,1.71959232759725,0
True,3.59281294652413,0
True,2.25333145468125,0
True,2.68688494470652,0
True,2.96074370915031,0
True,3.44635017708236,0
True,0.694353093904792,0
True,0.995120098953182,0
True,1.29439090707039,0
True,1.45509055792018,0
True,2.61774033414642,0
True,1.16552470796219,0
True,1.00244984036971,0
True,1.10669869841262,0
True,3.05053591301909,0
True,0.843844509190762,0
True,1.65924126709195,0
True,3.01342116474636,0
True,1.78100463200039,0
True,1.7952253444103,0
True,2.273379491414,0
True,1.12300114341815,0
True,2.17215961648549,0
True,0.762266092038938,0
True,3.22543362724039,0
True,3.37267211441562,0
True,1.33445888496876,0
True,4.11400784892965,0
True,1.50752491239017,0
True,1.70345822284005,0
True,1.93089580504711,0
True,1.21873521589613,0
True,3.07666854588213,0
True,2.48439557796449,0
True,2.55113672034082,0
True,1.62850281351548,0
True,3.28317323511887,0
True,4.52328947330383,0
True,2.20055734651282,0
True,2.96151187935014,0
True,2.30061509851678,0
True,0.753488841526278,0
True,2.78790123331653,0
True,3.05817984698924,0
True,1.95586602083871,0
True,2.45998209513134,0
True,2.88764735302958,0
True,1.36521658801756,0
True,1.29711953263242,0
True,2.47138319523548,0
True,1.62609557542252,0
True,2.79204425407246,0
True,2.06899422791551,0
True,1.06887641837365,0
True,2.30078714867546,0
True,0.510428420720453,0
True,1.38703739086149,0
True,0.910856017795359,0
True,1.54421013541927,0
True,1.70054636365089,0
True,2.15936839297433,0
True,2.00760997425104,0
True,1.85123404430509,0
True,1.21511177765811,0
True,2.85703533900326,0
True,1.58671197027178,0
True,3.67737254473704,0
True,4.15935376230435,0
True,1.53920206767896,0
True,1.96579466995547,0
True,1.549428890384,0
True,0.951470178631455,0
True,1.70794211630054,0
True,1.6828034060897,0
True,1.44061021816952,0
True,1.45898014275594,0
True,1.93863051490009,0
True,3.74113701527047,0
True,2.91126030185423,0
True,2.32313312866654,0
True,1.74125527248908,0
True,1.80835977782892,0
True,2.03698268515125,0
True,1.82149783308039,0
True,2.77291744779761,0
True,3.09585370096275,0
True,2.19597826609574,0
True,2.26535682669916,0
True,0.977888171511709,0
True,1.39939904868391,0
True,2.86611217779012,0
True,0.764883309465924,0
True,1.87415751487912,0
True,2.9671233309315,0
True,0.841567196715314,0
True,3.40369895411539,0
True,1.70981983190221,0
False,1.76519163974617,0.000507550746392335
True,1.62954933720292,0
True,0.72730118415717,0
True,0.701031598285184,0
True,3.48008728828751,0
True,1.26915664786201,0
True,2.16869237301755,0
True,1.38370809272979,0
True,1.5008586673508,0
True,2.23393431551798,0
True,3.65297465537268,0
True,0.912240623649136,0
True,1.87970935938667,0
True,3.6197369388205,0
True,1.92799022115862,0
True,1.57621765342114,0
True,1.32949237513852,0
True,2.41960850199536,0
True,1.38150510013286,0
True,1.33947373952193,0
True,1.1196750006009,0
True,1.64666083552515,0
True,4.34063135692814,0
True,1.22777595693384,0
True,1.6167699301686,0
True,1.76677099858116,0
True,2.1882241698159,0
True,2.73343296121693,0
True,2.45389186391391,0
True,1.91700405069385,0
True,2.00984311823184,0
True,1.76934700704904,0
True,1.20180915458096,0
True,1.41078703057247,0
True,0.823197563041105,0
False,1.22173129643191,0.000227875392083208
True,2.11472160795523,0
True,4.28053246687129,0
True,2.34631850401783,0
True,1.25422090313519,0
True,2.99446697899076,0
True,3.42982382031584,0
True,1.89750025376222,0
True,1.73541948266302,0
True,2.07527967496534,0
True,2.00500904718004,0
True,2.00581338195787,0
True,1.07365653369252,0
True,1.3821176814669,0
True,0.665679420510993,0
True,2.01524411094409,0
True,2.74106817416199,0
True,4.18426017048857,0
True,1.98070351093,0
True,1.94383450534641,0
True,0.793641965110927,0
True,1.49637883814098,0
True,3.13608177607551,0
True,1.85890465430679,0
True,1.72457651338833,0
True,2.66695833596074,0
True,1.3299501463062,0
True,2.23166964392628,0
True,2.56021177963199,0
True,1.21654298897603,0
True,2.44616791879024,0
True,1.93153887869366,0
True,1.58390341425427,0
True,1.30046620404478,0
True,1.38345846875932,0
True,3.54206988190854,0
True,1.50098668895629,0
True,1.28012794173044,0
True,1.97479701860866,0
True,1.36266560025898,0
True,2.69565544447344,0
True,2.55153523354541,0
True,1.91488877596424,0
True,1.20206828560814,0
True,0.911682236559736,0
True,4.05085692459889,0
True,2.5537802943082,0
True,2.05426501786511,0
True,1.52834027488353,0
True,3.6214388546994,0
True,2.16556012567816,0
True,0.922093759039935,0
True,3.13726033546334,0
True,1.21768302891226,0
True,1.36220974558213,0
True,1.75951570730773,0
True,2.08227880538926,0
True,1.22078486395008,0
True,1.71796000755465,0
True,3.87607015054731,0
True,2.00577990230084,0
True,1.86871685727832,0
True,1.20259494730121,0
True,2.7401653545534,0
True,3.77574507198613,0
True,2.41192314792406,0
True,1.51292312042249,0
True,1.00772657589991,0
True,0.881580653269395,0
True,3.77930423446093,0
True,3.7790660347451,0
True,0.963585463005969,0
True,3.78714755288823,0
True,2.00794417385185,0
True,1.23577905642843,0
True,3.04720935636369,0
True,1.50155558442232,0
True,2.13430770552107,0
True,1.62555495721949,0
True,1.43592715607036,0
True,1.2405213738956,0
True,0.548839594164543,0
True,2.8403166144062,0
True,2.53540916260655,0
True,1.68755417151501,0
True,1.66198320580672,0
True,2.23529636374075,0
True,2.80447484697031,0
True,1.41169251958998,0
True,1.26491254884999,0
True,1.8800110532851,0
True,1.00400346174246,0
True,0.888475458362855,0
True,1.91254288907198,0
True,1.12678638928052,0
True,2.63735889358817,0
True,1.97849764525554,0
True,3.07671053903438,0
True,1.91235156068644,0
True,1.88525499471683,0
True,1.62077375198822,0
True,2.67276722436636,0
True,1.89134097633631,0
True,1.30562533337322,0
True,1.1928659661426,0
True,3.47771323529422,0
True,1.23239217343403,0
True,1.29916100807817,0
True,1.14629665219636,0
True,3.14270807343431,0
True,0.957343466232007,0
True,1.58394572545271,0
True,1.06455294301582,0
True,2.11444526608276,0
True,3.38403462694151,0
True,3.39334782981127,0
True,0.702055048018495,0
True,3.34562564148128,0
True,1.71461598464994,0
True,1.11263204522998,0
True,1.92518891912869,0
True,1.41361525946994,0
True,2.39418421374606,0
True,2.07473280997807,0
True,1.9534357190407,0
True,1.64869001400611,0
True,1.66658167327562,0
True,0.919900066758022,0
True,1.14671270513522,0
True,1.30884949976235,0
True,1.41116452106259,0
True,1.58891978729823,0
True,1.00618999255843,0
True,1.15118440128465,0
True,1.22556316060392,0
True,1.20572748416963,0
True,2.24241137653428,0
True,1.17259848152378,0
True,3.35526103777169,0
True,3.90861804376372,0
True,2.1683893082754,0
True,1.78545528749293,0
True,1.29413322819191,0
True,1.48516719593552,0
True,2.97209844538744,0
True,1.63039244923951,0
True,1.1252495404203,0
True,3.03216291938712,0
True,2.13595203990245,0
True,2.33956416946287,0
True,1.96578360653233,0
True,3.61114795226206,0
True,1.45678447001981,0
True,1.94884969692064,0
True,2.82823559169839,0
True,1.25490704400532,0
True,2.45197572028701,0
True,1.84175673465394,0
True,1.42201738722106,0
True,1.01433520956677,0
True,0.969584565472621,0
True,2.81870322430307,0
True,1.30408150998022,0
True,3.61434765208061,0
True,0.872620003767522,0
True,1.3971231102709,0
True,1.41125546785488,0
True,2.05856637336179,0
True,3.42917569797965,0
True,0.840052230803827,0
True,1.12212571558642,0
True,3.81526299137709,0
True,3.04387269983025,0
True,1.49574566962709,0
True,1.93816025579323,0
True,3.33715739659323,0
True,1.36706767933873,0
True,1.72957655469419,0
True,1.2803103767035,0
True,1.39365529196662,0
True,1.35835789263924,0
True,2.75260402785464,0
True,2.85379846031893,0
True,3.2063728848181,0
True,1.74543814472153,0
True,1.4597516523721,0
True,0.913587888478084,0
True,3.44953203302516,0
True,0.919068948479901,0
True,3.13181109041669,0
True,1.01550016319078,0
True,2.89144327190149,0
True,1.92670286653735,0
True,1.29201970771783,0
True,3.74415146250596,0
True,1.4493914155922,0
True,0.910680433133514,0
True,2.56662008478772,0
True,1.98938100401638,0
True,2.2970600041384,0
True,2.25093396866379,0
True,1.80502176401243,0
True,1.88757021540099,0
True,3.25000233863142,0
True,1.41071738258028,0
True,1.49252510004375,0
True,1.76107232204302,0
True,2.45914274185017,0
True,1.96291884933953,0
True,2.54968308338097,0
True,2.92888474995533,0
True,1.26257130815074,0
True,1.7204581349585,0
True,0.873108006069221,0
True,1.78678144838671,0
True,2.76860394278564,0
True,1.40205067585639,0
True,1.49700666809673,0
True,1.84300300115486,0
True,1.77461733365673,0
True,1.83919061641749,0
True,1.3906607163654,0
True,2.00910150629695,0
True,2.47855906551046,0
True,1.13030319371534,0
True,2.18959839627333,0
True,1.89193362611834,0
True,4.01360255690516,0
True,2.03017198791366,0
True,1.05731830210513,0
True,2.82775965771326,0
True,1.82479830339002,0
True,1.40602032944529,0
True,4.0218876414612,0
True,2.8568253299326,0
True,2.00499881262508,0
True,2.01212526560713,0
True,2.9707736904471,0
True,0.962791823396217,0
True,4.40220693677548,0
True,4.19212243598525,0
True,3.81865077464128,0
True,2.26318968269786,0
True,1.13375764695443,0
True,1.32670531296996,0
True,1.21662450841467,0
True,0.816962571131753,0
True,3.32654236877152,0
True,2.69154160386436,0
True,1.4976625830477,0
True,1.19447613069783,0
True,1.5540300300477,0
True,2.4645101338326,0
True,2.97837873917784,0
True,2.01186921686355,0
True,1.07688655409489,0
True,1.90833831735856,0
True,2.62508427104897,0
True,0.924155198393291,0
True,2.86817115454795,0
True,1.71506081019086,0
True,1.0987461455939,0
True,2.69545129703576,0
True,0.5839368964634,0
True,1.51998395432958,0
True,1.03561846806558,0
True,1.38882781462304,0
True,1.51290051182832,0
True,1.77348891431843,0
True,2.84139250161619,0
True,2.28673692031757,0
True,2.28219428187666,0
True,1.86376591427193,0
True,1.3310329981389,0
True,3.06523043703227,0
True,1.04057488965537,0
True,2.46233975934388,0
True,2.58014772395971,0
True,2.15782902152613,0
True,1.44008198389451,0
True,2.68726393089624,0
True,2.0488359258982,0
True,1.34956774229686,0
True,1.20104083079788,0
True,1.6458213545205,0
True,1.19086584838532,0
True,2.14088240298578,0
True,1.06671224970348,0
True,1.82656420168876,0
True,1.32024137044246,0
True,3.25257186421766,0
True,2.47855414317058,0
True,2.05465607610957,0
True,1.96936695211399,0
True,1.45154600831172,0
True,3.20371630328383,0
True,0.693765204091097,0
True,2.58670500577884,0
True,2.0447276968335,0
True,1.51740820601022,0
True,1.66624749628564,0
True,3.94459686187814,0
True,1.77182005749452,0
True,0.748258704772128,0
True,3.46623797048319,0
True,1.2314083228477,0
True,2.14163200971831,0
True,1.65383816079782,0
True,1.86561678994802,0
True,2.19401816811319,0
True,1.31369386860972,0
True,3.59640002792841,0
True,1.42972023868624,0
True,2.99010831534237,0
True,2.6097374593094,0
True,1.04027002783504,0
True,2.36070612363222,0
True,1.08203375025748,0
True,1.71503460700025,0
True,2.34566866788038,0
True,1.75982407461782,0
True,3.50365117236072,0
True,3.0692509941714,0
True,1.2488604814838,0
True,1.53950488046218,0
True,1.84870629555603,0
True,1.68746578868944,0
True,1.50355249722274,0
True,1.24607150460205,0
True,1.91951842375425,0
True,2.07467111670689,0
True,2.70422249635086,0
True,0.723916845087384,0
True,2.43452958423903,0
True,3.09512682211897,0
True,2.61962554660229,0
True,3.10469849379901,0
True,3.04887328353948,0
True,1.64220320800617,0
True,2.8513666441145,0
True,3.56335879788372,0
True,1.05792202994751,0
True,1.17749007005233,0
True,1.12491331986363,0
True,1.21925675983029,0
True,2.86889719511826,0
True,0.884202974798619,0
True,1.6467232223061,0
True,1.7588744430051,0
True,3.3756133321315,0
True,1.57513324413608,0
True,2.45636514793356,0
True,2.45150952168245,0
True,1.69049670932404,0
True,2.13676485645786,0
True,0.726849990816821,0
True,2.10597794645832,0
True,2.2041044269866,0
True,1.0752728126449,0
True,2.76548330517127,0
True,2.27024198956626,0
True,1.58310029297992,0
True,0.991804732226472,0
True,1.62612236127708,0
True,1.40818101963209,0
True,3.0414137926984,0
True,2.45449328815723,0
True,1.70415928408662,0
True,1.20736632199475,0
True,2.82529596894771,0
True,3.64867652817708,0
True,1.62408225171551,0
True,1.79811253480749,0
True,1.85342161376609,0
True,1.63907591341684,0
True,0.739411600567362,0
True,1.07422596633659,0
True,2.01906770799106,0
True,1.6389503352783,0
True,1.15965755005755,0
True,1.89638617187158,0
True,2.06462870924078,0
True,3.92352414848412,0
True,3.10004889675019,0
True,1.87715155925575,0
True,2.34804549331563,0
True,1.43560226231554,0
True,0.923637257448099,0
True,1.82330223201678,0
True,1.69585750296845,0
True,2.5560274146624,0
True,0.885579122488098,0
True,1.83425722625341,0
True,1.30065322754347,0
True,3.15359634976266,0
True,2.81407073966021,0
True,1.81411180326322,0
True,1.88292504271514,0
True,1.8681576124418,0
True,1.18329266666308,0
True,3.20904554933256,0
True,1.81330342577036,0
True,1.44286861240256,0
True,3.37627614297838,0
True,2.86183015582606,0
True,1.81619790596222,0
True,2.00977651913028,0
True,1.49174825185412,0
True,1.94257424270133,0
True,3.31317518486634,0
True,1.17725846960041,0
True,1.45467184512101,0
True,1.62547555186718,0
True,0.930332054636326,0
True,4.70409046262662,0
True,1.89975295925694,0
True,1.93355165510096,0
True,0.923300538098821,0
True,3.28189946750289,0
True,3.30364528384911,0
True,2.91848955523865,0
True,1.21802229289817,0
True,0.965372223046642,0
True,3.10377098824203,0
True,1.13792477163762,0
True,1.26427271012171,0
True,2.75032603512055,0
True,3.66498173805621,0
True,2.05453258106548,0
True,1.97967954161712,0
True,1.58038826819121,0
True,1.61958299950524,0
True,1.78285334195672,0
True,0.867743714874069,0
True,1.04263326923251,0
True,0.899569901852499,0
True,1.24998598784852,0
True,1.37553114787517,0
True,1.08812563628809,0
True,1.71181752406363,0
True,1.74480052786116,0
True,1.9237431815039,0
True,1.60337367936194,0
True,1.58226279549486,0
True,1.00113814439999,0
True,3.98684272330061,0
True,2.5488022208566,0
True,1.39124577734751,0
True,1.02794424610058,0
True,1.79225655342466,0
True,1.65482911988202,0
True,1.79161859495671,0
True,3.17573155151806,0
True,2.00213467841178,0
True,1.59166888045417,0
True,2.95342378348891,0
True,1.26653659771179,0
True,2.11836816382069,0
True,1.03997747276009,0
True,0.790131051770133,0
True,2.44005755113596,0
True,1.43412558737134,0
True,1.53834150811368,0
True,1.9100993774385,0
True,1.87612818459496,0
True,3.26054730063192,0
True,2.28834647815409,0
True,3.04204090154752,0
True,2.76557215309142,0
True,1.50302139750092,0
True,2.13333681789363,0
True,2.29872431874105,0
True,3.43478869665222,0
True,0.710496662003007,0
True,2.63888438898704,0
True,2.27233664445551,0
True,1.59449698835857,0
True,1.89530305213964,0
True,1.57792777584079,0
True,2.01864905939027,0
True,2.50023375513707,0
True,1.06634977091075,0
True,1.40251331145757,0
True,2.41957887667992,0
True,1.71146387766663,0
True,1.01736705447387,0
True,0.874774282666189,0
True,1.32269885793771,0
True,0.809614564639014,0
True,1.49143282802547,0
True,2.20100056584855,0
True,3.02142443178661,0
True,2.1734610536305,0
True,1.63346976913714,0
True,1.06041399196885,0
True,0.74910019459352,0
True,0.979380975600828,0
True,1.55402178437283,0
True,1.13911185143751,0
True,2.18811893105337,0
True,1.76907138574539,0
True,1.92878976310758,0
True,2.17869137595356,0
True,2.14440773729724,0
True,1.8162236481596,0
True,2.03884952536817,0
True,2.04382678882302,0
True,1.37775328684386,0
True,0.980817949185303,0
True,2.7613627735653,0
True,2.46591992764123,0
True,0.831160926915994,0
True,1.94991660008179,0
True,1.09252731545992,0
True,1.93260243479916,0
True,1.70863109506203,0
True,1.93542608714069,0
True,1.63822734624594,0
True,3.77804167431179,0
True,3.3809768343097,0
True,2.18778184858653,0
True,1.79113580452732,0
True,3.00851989257683,0
True,4.00177456221569,0
True,1.00865507838765,0
True,1.89206616999056,0
True,2.07648571322505,0
True,1.25602233456255,0
True,1.33274185932164,0
True,1.02807169318196,0
True,1.4061740158862,0
True,1.72230093600136,0
True,2.28202171456599,0
True,2.01821749265963,0
True,2.65272891000191,0
True,2.00285326418535,0
True,1.09316401327173,0
True,1.95814493403788,0
True,2.23376240558053,0
True,1.64509630448181,0
True,1.22522327888136,0
True,1.63094671954575,0
True,1.27628760470996,0
True,0.681342124668154,0
True,2.23854427589626,0
True,1.50093184108027,0
True,2.62426915933898,0
True,1.93177259743676,0
True,1.22513155285855,0
True,1.80594768479404,0
True,0.676347825971827,0
True,1.20596428337598,0
True,2.27575257896589,0
True,1.50490167935775,0
True,1.95366077190897,0
True,0.955243141081059,0
True,2.6120594499511,0
True,2.37418998086774,0
True,1.56435923312247,0
True,1.38917533097951,0
True,1.37756081327014,0
True,1.77963064478245,0
True,1.62428721569466,0
True,4.20454897424334,0
True,1.59504505415274,0
True,1.07857290893692,0
True,2.71006645336784,0
True,1.53556452842482,0
True,3.3089711707179,0
True,1.5828727150363,0
True,1.01489032956705,0
True,2.05664126045692,0
True,2.37245266580056,0
True,1.42254020973424,0
True,3.41480061039473,0
True,1.8007653448133,0
True,1.80860968046155,0
True,2.02723242828001,0
True,2.56070325737942,0
True,3.63271108510287,0
True,2.65816900550129,0
True,1.63326403778265,0
True,2.9411005418644,0
True,2.67126513821438,0
True,1.02691809984243,0
True,1.09745566344296,0
True,0.999348165543167,0
True,1.74435232977776,0
True,2.85431238718735,0
True,3.33169383496877,0
True,0.889418472975003,0
True,1.55792849298573,0
True,1.57422773936238,0
True,1.29991436961144,0
True,1.57683670723915,0
True,2.0101326894356,0
True,2.73696610510245,0
True,2.07785840037704,0
True,4.58176190435003,0
True,3.43455459594859,0
True,1.23479352795966,0
True,2.95661799764118,0
True,1.00131437378762,0
True,3.38730914531728,0
True,1.65778217705868,0
True,1.01632712677816,0
True,1.42009349315974,0
True,2.20873935281806,0
True,1.31796056344135,0
True,2.10440248290851,0
True,1.92502239401257,0
True,2.19530317671545,0
True,4.23312489173477,0
True,3.7675768877746,0
True,3.4825648404448,0
True,1.58532490903267,0
True,2.82364579003965,0
True,2.47687239679971,0
True,1.32739452498164,0
True,0.564808205552031,0
True,2.6703986252971,0
True,2.26518169884051,0
True,3.53264730190914,0
True,1.4750052246064,0
True,1.33743808673972,0
True,3.0335414429173,0
True,1.43649656494956,0
True,2.23440730231684,0
True,2.15555873585858,0
True,2.75004523268201,0
True,2.86039849870477,0
True,1.89022302031169,0
True,3.44694226377542,0
True,3.71068447576093,0
True,1.66436618588253,0
True,2.32630684909743,0
True,3.20999450173492,0
True,1.16183565810281,0
True,0.808002091616104,0
True,1.26303367835193,0
True,1.64813690897921,0
True,2.70122182509396,0
True,0.818935089746602,0
True,2.48849182855623,0
True,1.18146607171113,0
True,1.57837716560251,0
True,2.29362256240756,0
True,1.9254282322009,0
True,1.13023619988663,0
True,1.74807041372461,0
True,3.55958613776898,0
True,1.39186929869167,0
True,0.902071043979561,0
True,1.8437411745518,0
True,0.77642285446776,0
True,1.17662703311167,0
True,1.76274003284995,0
True,3.03805303097824,0
True,1.04720048768056,0
True,2.30134680189491,0
True,1.90304621709089,0
True,0.965815743952879,0
True,0.998738086335852,0
True,2.42221608667534,0
True,1.49063465013,0
True,1.70945899851578,0
True,1.61592369286495,0
True,2.87878397651343,0
True,0.960150811541854,0
True,1.64221330378546,0
True,1.42864390613389,0
True,1.57593693827684,0
True,1.60164569310042,0
True,3.13918128107335,0
True,1.76257219095502,0
True,2.72754767558385,0
True,2.91558360371477,0
True,1.76190593530189,0
False,1.3095864600282,0.000363055245301558
True,3.18760183354598,0
True,1.992848016872,0
True,2.71076837767713,0
True,1.63121562074501,0
True,1.29222246738649,0
True,1.08586783739329,0
True,3.00230519428029,0
True,1.56666404186596,0
True,1.51235784587205,0
True,1.23315091565415,0
True,0.811406967524923,0
True,2.12616540387095,0
True,4.08923665153268,0
True,0.731074477810834,0
True,1.52902608134959,0
True,1.09159908479649,0
True,2.25041707012787,0
True,1.73129559090899,0
True,2.86143143154661,0
True,1.60649640685515,0
True,1.28197817434018,0
True,1.93291955725408,0
True,1.92581579655198,0
True,1.50406689070591,0
True,2.33894792152064,0
True,1.14008315763136,0
True,4.15160015771635,0
True,3.10591090651626,0
True,1.79297466795145,0
True,1.41026829006665,0
True,1.56118251041717,0
True,1.04474976378119,0
True,2.36227145793134,0
True,2.43988018792386,0
True,1.6954703996879,0
True,1.9475874885634,0
True,3.16475431353714,0
True,1.29464973719775,0
True,1.47003739931415,0
True,1.66282409963262,0
True,2.45661023973094,0
True,2.37880659736991,0
True,1.11134283153388,0
True,0.965188151121121,0
True,1.55581072657077,0
True,2.47844941500799,0
True,1.57692374827842,0
True,2.32244415373391,0
True,3.42676911253067,0
True,4.11353146769157,0
True,0.769550760570905,0
True,3.23944314299446,0
True,1.3495988981888,0
True,1.33655648955184,0
True,1.23506032026913,0
True,3.34784637374313,0
True,1.02771459138131,0
True,2.61142049932926,0
True,1.93937932797985,0
True,1.82592229110601,0
True,1.49334808426271,0
True,1.45613293422616,0
True,1.32136433936758,0
True,4.61728295706028,0
True,3.87448626527326,0
True,4.00975977429522,0
True,2.71304792428238,0
True,2.09599819525471,0
True,1.74118686572917,0
True,1.27808251902359,0
True,2.77953326010354,0
True,2.3761370027626,0
True,2.38771561993416,0
True,1.0591173675295,0
True,2.01669770712682,0
True,2.0863159011698,0
True,1.54911704670646,0
True,1.46878116126985,0
True,1.51093013966312,0
True,2.60266123956945,0
True,1.7835013972081,0
True,2.85083779662795,0
True,3.58726967703579,0
True,0.790733407728705,0
True,1.17204767346521,0
True,1.4837426557371,0
True,1.89134078176963,0
True,0.766634573271961,0
True,3.26193565897852,0
True,1.21176243845051,0
True,2.77079486629476,0
True,1.42578231798438,0
True,4.0440363548569,0
True,1.96364655646687,0
True,1.19071497048913,0
True,1.00608792754137,0
True,1.09706993253571,0
True,1.89062707145958,0
True,0.682445572835608,0
True,2.68259779881501,0
True,2.28025025082174,0
True,1.18970440998183,0
True,2.21784515009307,0
True,1.48605947826638,0
True,1.03379812620549,0
True,1.88818456461695,0
True,1.96404788341705,0
True,2.03864661087894,0
True,1.6619868424459,0
True,0.630882832086434,0
True,2.74098025934718,0
True,2.08507985639687,0
True,1.35832555696372,0
True,1.40451297418791,0
True,1.63332867859609,0
True,3.93342295772062,0
True,3.29697703096599,0
True,0.733259791136336,0
True,2.07543992148032,0
True,0.931817841656694,0
True,1.34458568000579,0
True,1.0552451338559,0
True,2.75191739402958,0
True,1.45459886373322,0
True,1.02447171918501,0
True,2.28433266878657,0
True,2.49519121341371,0
True,2.71620489674937,0
True,3.49669016610706,0
True,3.60718947078841,0
True,2.96140537812771,0
True,2.89615673162341,0
True,1.79046374945154,0
True,0.622335377731855,0
True,4.16371145827937,0
True,1.52205451624243,0
True,1.66293346516929,0
True,2.79659603946195,0
True,1.50902571096644,0
True,2.04938016281372,0
True,1.97969787638252,0
True,2.01318584911387,0
True,2.71449049681368,0
True,2.0930078153054,0
True,1.79822451659839,0
True,1.12107453059565,0
True,2.26123905902112,0
True,2.15648891039477,0
True,1.1818234652933,0
True,2.08695915321614,0
True,1.39678881007706,0
True,2.63668855025665,0
True,1.40127906354201,0
True,1.74292466869602,0
True,1.75944412479316,0
True,2.03252648982567,0
True,1.75511851373094,0
True,2.69754800234112,0
True,2.55642785011916,0
True,1.57496740266371,0
True,3.17954172771951,0
True,3.3885591963372,0
True,2.56441300473288,0
True,0.854806619577476,0
True,1.26436529950551,0
True,1.57977130478012,0
True,2.85656140001261,0
True,1.26056574542469,0
True,0.992246091601903,0
True,1.06678945854233,0
True,2.75530821252905,0
True,1.53234548048238,0
True,1.90609726375725,0
True,1.78586439312555,0
True,1.44567411686723,0
True,3.13627166663357,0
True,2.36443711285079,0
True,2.09581181888009,0
True,0.572453802909322,0
True,1.65465336922877,0
True,2.94280994752718,0
True,1.10246282004826,0
True,1.74326496701466,0
True,0.92177556721416,0
True,2.11242337654967,0
True,3.28241332525886,0
True,1.53498254410471,0
True,1.31190210010293,0
True,1.24304224963858,0
True,2.0774375804168,0
True,1.17578449330411,0
True,0.891282994036177,0
True,1.14851501403889,0
True,1.37840181163587,0
True,1.05811460987909,0
True,1.020202533248,0
True,0.601160880923043,0
True,1.28126372159629,0
True,2.12655412645839,0
True,1.87276097612081,0
False,2.51735189133276,0.000255660900865296
True,0.792667531143338,0
True,1.73715344468207,0
True,1.44377807268521,0
True,1.63840500733733,0
True,1.68873770440905,0
True,3.86628646202754,0
True,2.2996321849354,0
True,1.62354764564362,0
True,1.9609233017606,0
True,1.35338045313732,0
True,2.0322196993895,0
True,0.921182430916499,0
True,1.85353926897538,0
True,1.20070394467031,0
True,1.35411233499991,0
True,2.55264684641954,0
True,1.26028903750761,0
True,1.95049210383544,0
True,1.86586990566759,0
True,1.01592088090969,0
True,1.7837548205546,0
True,2.03311143673228,0
True,1.32270164241684,0
True,1.86455250471729,0
True,1.42048351889419,0
True,1.49608594028509,0
True,1.00677319261079,0
True,1.74897788458315,0
True,1.60451032918041,0
True,1.57785918839411,0
True,2.10368839641833,0
True,4.02872865317902,0
True,3.1667447350472,0
True,1.80942684803467,0
True,1.24181529806015,0
True,2.12553621033964,0
True,4.48763940559989,0
True,3.15761363179271,0
True,1.34299885691725,0
True,1.25401598008195,0
True,2.30043895784703,0
True,3.40502272009821,0
True,1.52460786521884,0
True,1.30290018474404,0
True,1.12617820093155,0
True,2.26833775088002,0
True,1.44765208356421,0
True,0.790155705639957,0
True,2.62084676124288,0
True,1.51313574223247,0
True,3.8581851035755,0
True,2.67308861570128,0
True,3.16985273972299,0
True,1.56806707728509,0
True,2.17528853500942,0
True,1.52298176700093,0
True,1.58594624601034,0
True,1.13643295051204,0
True,2.00311834509679,0
True,2.33132052185939,0
True,1.09352591812665,0
True,1.02647292483589,0
True,0.979933133374527,0
True,1.92188753118212,0
True,1.58652831896775,0
True,0.658667567138889,0
True,1.75364656507592,0
True,3.29587300623253,0
True,3.86735046504482,0
True,0.879940414819792,0
True,2.20701841272633,0
True,1.09329255290076,0
True,1.86771504752959,0
True,1.26856596684314,0
True,0.913178092803414,0
True,1.35522389714299,0
True,1.43524325775975,0
True,1.34272202706789,0
True,1.96469439583956,0
True,1.56778209011688,0
True,4.21721961917299,0
True,1.37953074963203,0
True,1.73001302647797,0
True,1.63793111948471,0
True,1.42765760648344,0
True,1.90684929786538,0
True,2.34802013573543,0
True,0.991060095655971,0
True,1.19857070202251,0
True,2.1041298355894,0
True,4.49666015195048,0
True,3.38353552811475,0
True,0.905470657674077,0
True,3.4723932924527,0
True,1.90167112252972,0
True,0.740456514269628,0
True,1.254339571116,0
True,1.20039703014583,0
True,0.816814257778768,0
True,1.70342402131304,0
True,2.38295459177309,0
True,1.78832786263425,0
True,2.25932279580562,0
True,2.18629091027606,0
True,2.72975606577638,0
True,3.68742513242381,0
True,2.30073939191957,0
True,2.05192089251977,0
True,1.27064730620952,0
True,1.66189617130839,0
True,1.16661035300011,0
False,1.79248124721764,0.000265681056795951
True,0.766254528948583,0
True,3.29158109765188,0
True,0.998065321328451,0
True,2.51604527595242,0
True,1.5677650317901,0
True,1.09069593866976,0
True,1.667871414396,0
True,1.26709990878198,0
True,1.11204862098829,0
True,1.94432211858566,0
True,4.30568117183286,0
True,0.657054092889638,0
True,1.16290904640349,0
True,1.33074184496338,0
True,2.13665814167131,0
True,3.36508855336437,0
True,2.60345533038471,0
True,2.17636672101229,0
True,1.25266136137716,0
True,1.32758364707996,0
True,2.06503570144825,0
True,1.21372386028334,0
True,1.59042876414042,0
True,1.86191896034541,0
True,3.94997771374623,0
True,0.485274275915384,0
True,2.82340274723081,0
True,3.16502948461372,0
True,3.96722606092942,0
True,2.63890524878742,0
True,1.7063128355664,0
True,1.38431076057274,0
True,3.7045265842652,0
True,1.97468197868209,0
True,0.869607326146604,0
True,1.72169452123308,0
True,0.725103556804355,0
True,3.49735790553632,0
True,1.61671599551286,0
True,2.2617221625858,0
True,0.654698199688463,0
True,3.20633076898025,0
True,4.15212846094977,0
True,2.48664310473031,0
True,1.92921598217103,0
True,3.45363166164259,0
True,4.1876840906605,0
True,3.75035048832472,0
True,2.11058714611195,0
True,1.31521366085505,0
True,0.855267267346399,0
True,1.92612517937471,0
True,1.10552300966779,0
True,2.49449886137148,0
True,3.99739074747377,0
True,3.28125730362726,0
True,0.604280302488287,0
True,1.65182805586896,0
True,1.6808067554478,0
True,1.43287213433447,0
True,2.95040850712432,0
True,2.3183532496935,0
True,2.63822131943069,0
True,1.14893974289513,0
True,1.31696142933104,0
True,2.67835669151447,0
True,1.6128530838674,0
True,0.776640500356354,0
True,2.49866379810562,0
True,4.07745307427347,0
True,1.45041833550949,0
True,0.765480957973137,0
True,1.23384034554635,0
True,0.911579623418355,0
True,2.63443910113347,0
True,2.1567155936254,0
True,3.33941969539159,0
True,2.73446866774107,0
True,0.998936698086797,0
True,2.19018798668152,0
True,1.42939223007517,0
True,2.59400388844015,0
True,1.34082494924552,0
True,1.58748192525575,0
True,3.22086085671614,0
True,1.64184469973055,0
True,0.871557835949441,0
True,3.00184110334529,0
True,0.967927098232356,0
True,1.1219403948725,0
True,2.03171770074821,0
True,2.2504672589169,0
True,2.15653281301506,0
True,1.74533752886292,0
True,1.07735564489335,0
True,2.69084233999915,0
True,0.746199224565785,0
True,1.82871952397382,0
True,1.57947688663723,0
True,0.769438209870908,0
True,1.97149610170003,0
True,1.79229903949741,0
True,2.89758649248094,0
True,1.75675484983648,0
True,3.45428889640834,0
True,2.47027892142249,0
True,1.25765280556148,0
True,1.17656818283314,0
True,2.86032159889406,0
True,2.20385328552381,0
True,2.58594675055407,0
True,1.444768591865,0
True,1.12296316091834,0
True,1.74765265448976,0
True,1.30737335344898,0
True,3.13437112882488,0
True,2.09027653535041,0
True,1.41605556084975,0
True,1.84029479736458,0
True,1.54242852500543,0
True,1.22269468694746,0
True,2.07544498748257,0
True,1.9834643419175,0
True,0.835391268577048,0
True,0.875375033577843,0
True,1.62254827867423,0
True,1.82751477070498,0
True,1.19273506971677,0
True,4.01916164610547,0
True,2.66260684927854,0
True,2.59460055191244,0
True,3.81187765197197,0
True,1.4939103659181,0
True,1.69453572869629,0
True,1.17400978771114,0
True,1.35637160339496,0
True,1.50717950303584,0
True,2.34951220943557,0
True,1.23046723074887,0
True,1.18206542610644,0
True,3.92182830948124,0
True,2.52232119135653,0
True,1.48255376536773,0
True,0.577288281475576,0
True,3.55418358803135,0
True,1.01060469590281,0
True,1.89112669790258,0
True,2.24194097544519,0
True,4.49954512144644,0
True,1.8429891240776,0
True,0.968907639702694,0
True,1.58865360229295,0
True,1.47472084008543,0
True,1.97038645688327,0
True,2.32107166971389,0
True,1.88349027841529,0
True,2.61915214368835,0
True,1.13544659243058,0
True,1.43538654729296,0
True,2.40289111893911,0
True,2.64886482826945,0
True,1.1033009465182,0
True,2.33836286538965,0
True,1.72124072329553,0
True,0.744588649854824,0
True,3.88521616328398,0
True,0.782415586785585,0
True,1.80125175585965,0
True,1.15982177500958,0
True,3.15435865059453,0
True,1.14757119433949,0
True,1.9871592657182,0
True,1.33822024340179,0
True,1.23931599224938,0
True,0.913781757176015,0
True,0.991206516588552,0
True,2.02999138961019,0
True,1.32121832787915,0
True,3.39712929940412,0
True,1.25405995302199,0
True,2.03041540456853,0
True,2.19380585465456,0
True,1.42081956702252,0
True,1.34884357588694,0
True,1.22324462868757,0
True,1.21064875701671,0
True,2.06052246224505,0
True,3.26483726117427,0
True,1.5005941304068,0
True,1.48859253927953,0
True,1.42779447824391,0
True,1.35012691124842,0
True,1.84421438569202,0
True,2.31150110138156,0
True,1.21615179343325,0
True,1.68357579821451,0
True,2.10178449762364,0
True,2.37244468104256,0
True,1.42605728545713,0
True,2.20518993348368,0
True,1.89507232581881,0
True,1.87326377399757,0
True,1.2087994823547,0
True,1.08188211465644,0
True,3.70659507246542,0
True,1.04982240667205,0
True,2.46558468746174,0
True,2.58757430321887,0
True,2.51806153055841,0
True,1.71206220731214,0
True,1.17383422238971,0
True,1.45478876443268,0
True,2.1201202354575,0
True,1.56364135216102,0
True,1.28912222638733,0
True,1.4613397394891,0
True,1.09645333378729,0
True,2.33291930379034,0
True,2.72495729574849,0
True,2.36722062025867,0
True,1.61564192627752,0
True,3.93049146941337,0
True,2.82465503663651,0
True,3.27526026927385,0
True,2.08389876023679,0
True,3.01704959025456,0
True,2.27527170989144,0
True,2.79565236070506,0
True,0.799422902552737,0
True,2.68781038447267,0
True,2.68817847263561,0
True,1.95356430819016,0
True,1.82710983558865,0
True,1.10810852108634,0
True,1.39309595634256,0
True,2.59029569534141,0
True,2.75088134108894,0
True,1.93415320079216,0
True,3.71356072962736,0
True,1.51106046014329,0
True,1.79152616590923,0
True,1.8786925660877,0
True,2.69481040742935,0
True,1.11259137441554,0
True,3.00103273418659,0
True,2.45648451862112,0
True,1.48848033313634,0
True,1.08200487288628,0
True,1.25147778296004,0
True,1.50216771199761,0
True,0.796143743169854,0
True,1.49664352586967,0
True,1.60549453206622,0
True,1.56421717616803,0
True,0.934471735907872,0
True,1.73152340608203,0
True,1.81945967861419,0
True,1.18049774049973,0
True,3.00280923449754,0
True,1.77135048177337,0
True,2.28414698991977,0
True,2.74131902871775,0
True,1.69003625551139,0
True,0.641574586305508,0
True,0.644683498596553,0
True,2.11729652440841,0
True,0.660880732043494,0
True,2.68144101319473,0
True,1.07729256499843,0
True,2.23112607651706,0
True,1.3788853096115,0
True,1.25536999789663,0
True,1.19710414988669,0
True,1.64380939273483,0
True,1.95776360973886,0
True,1.98684454347498,0
True,1.14060431695991,0
True,3.75610850966947,0
True,2.87776424478713,0
True,2.91225044106025,0
True,3.16089366365759,0
True,3.45020277481443,0
True,2.84954821657586,0
True,1.73786326716608,0
True,1.33420157634734,0
True,1.47092120023628,0
True,1.43455578340894,0
True,3.4388867027548,0
True,1.5226101774674,0
True,1.77284555998882,0
True,1.42503864649565,0
True,4.39820690018877,0
True,1.23785578365462,0
True,2.00379000459851,0
True,2.87225917059103,0
True,3.11529344406867,0
True,1.63588818330383,0
True,1.18439881017863,0
True,1.06913972300236,0
True,1.40687440110843,0
True,2.64205781535968,0
True,1.26661633511538,0
True,1.28687036737438,0
True,1.70040542174249,0
True,2.49925314759669,0
True,3.65761075508756,0
True,2.29001342227981,0
True,1.17673759907463,0
True,1.37001649633969,0
True,1.65130860501084,0
True,0.904368656062884,0
True,1.47499536414703,0
True,1.67223079499522,0
True,1.11052551249862,0
True,0.929603300905401,0
True,1.8152552322709,0
True,2.91571169940097,0
True,2.70079443933261,0
True,1.18591949319054,0
True,0.719418276284211,0
True,2.34597333014838,0
True,1.1482452531821,0
True,2.26908367344028,0
True,3.21859141441568,0
True,1.85561051748592,0
True,1.41820027249153,0
True,1.05636023210254,0
True,1.56872162265633,0
True,2.56624907759078,0
True,1.29176233139202,0
True,1.61041818545258,0
True,1.41038711123357,0
True,3.46588834375598,0
True,3.73789904183865,0
True,0.92061816592472,0
True,1.94099107338487,0
True,2.75116951999744,0
True,2.24975232504799,0
True,1.98179638337573,0
True,2.41928401106321,0
True,2.22764697146524,0
True,1.09764843943788,0
True,2.52924352631048,0
True,1.97333573879783,0
True,1.43385615207092,0
True,2.60685233110585,0
True,1.91010205910005,0
True,2.38898520634848,0
True,1.28957540371661,0
True,3.73114030188747,0
True,0.950873977129287,0
True,1.99731141964708,0
True,0.83806896237958,0
True,1.13543429746742,0
True,2.33227286803746,0
True,1.98173776952771,0
True,3.04800796716115,0
True,0.981115710344557,0
True,1.38719482707691,0
True,1.13862928385802,0
True,1.1068253974405,0
True,2.03338108542936,0
True,3.02282301398814,0
True,2.40541714094688,0
True,0.696593588790563,0
True,1.29509323877522,0
True,0.968125986041815,0
True,1.44175803795701,0
True,2.02751475514561,0
True,3.07829327089815,0
True,2.02748692116411,0
True,0.97951475265267,0
True,1.20191934591349,0
True,1.90348581044609,0
True,0.833776883432002,0
True,1.60126279771252,0
True,1.60381656867243,0
True,1.72014139053325,0
True,1.74125769352767,0
True,2.16662657819302,0
True,2.4849622646371,0
True,0.958915541302484,0
True,2.7578011735793,0
True,2.22663934264984,0
True,2.45420320233114,0
True,0.591807506173837,0
True,1.30957770534406,0
True,1.72956825927235,0
True,1.18128708042544,0
True,1.04182891597546,0
True,1.12396072518418,0
True,1.5778469228703,0
True,1.39695331102003,0
True,2.31684278424839,0
True,1.54581206560829,0
True,1.71513595515972,0
True,1.51157524460289,0
True,1.43910216072107,0
True,1.38468071807336,0
True,1.56966601362061,0
True,1.34997443507939,0
True,1.77916390151525,0
True,3.07965065474476,0
True,3.11765226863903,0
True,0.820655978448334,0
True,1.35830305955215,0
True,2.5142427927368,0
True,1.83087974191817,0
True,4.15820432103208,0
True,1.61108681962201,0
True,1.5232153956117,0
True,1.36588530777605,0
True,1.19054502181518,0
True,1.17665059751902,0
True,1.36526444982151,0
True,1.79922434123302,0
True,1.39817475341455,0
True,1.48920286034143,0
True,3.85606812886722,0
True,2.77548454696852,0
True,4.06381393500726,0
True,1.42911576648464,0
True,1.29017989855671,0
True,2.74577676835659,0
True,1.09713915244664,0
True,1.53989742053109,0
True,2.5689886739986,0
True,2.06889950011223,0
True,2.69264646383011,0
True,1.54686342991884,0
True,2.06974598745809,0
True,2.25662822723771,0
True,1.45594691876899,0
True,1.87190931268243,0
True,1.5537908857767,0
True,1.22999018955137,0
True,1.89367707663108,0
True,1.74760495296687,0
True,0.937969232435916,0
True,0.676102359355186,0
True,2.21682291346133,0
True,2.11137925430698,0
True,2.61320502298971,0
True,2.91745736397088,0
True,1.46064163781976,0
True,2.93807734176557,0
True,3.1896735179553,0
True,2.25082167503494,0
True,1.35425131741833,0
True,1.20902100426202,0
True,1.63333103330704,0
True,1.79235397994462,0
True,1.38789018332787,0
True,1.09449178123211,0
True,2.19596729954731,0
True,1.56315999109512,0
True,1.55743565269994,0
True,1.38731325858858,0
True,1.77256218851863,0
True,1.14477485797989,0
True,1.67490924945676,0
True,1.78095225936203,0
True,1.33869011402285,0
True,0.802847805169488,0
True,1.72833137322472,0
True,2.14187339712421,0
True,0.680262052967775,0
True,2.00775586685531,0
True,1.38141247629096,0
True,2.02986423632698,0
True,1.6243195282675,0
True,1.49654353774661,0
True,3.93592406096212,0
True,2.51371470281821,0
True,1.34387645200832,0
True,1.69380022237926,0
True,0.935605761176605,0
True,2.01327713557583,0
True,1.76594208454045,0
True,3.48486296043975,0
True,1.51300366929587,0
True,1.32923386894673,0
True,2.50245215437967,0
True,2.34844996465097,0
True,1.1342099770067,0
True,2.30494623080839,0
True,1.9695974207665,0
True,3.58449345750798,0
True,2.59803911130409,0
True,3.37293705351862,0
True,1.7087708175766,0
True,1.97216645438969,0
True,2.52241412410565,0
True,1.82820777801698,0
True,2.08086238748664,0
True,2.24020052215575,0
True,1.25958148653999,0
True,2.38267569367334,0
True,1.51707977652041,0
True,1.53672687797057,0
True,1.1771857650224,0
True,2.11276457128236,0
True,2.46989795357337,0
True,1.31760555815749,0
True,1.73170803684777,0
True,1.17513997456856,0
True,2.57961106731782,0
True,2.04552015789768,0
True,1.66235895240283,0
True,1.41700337050346,0
True,2.43401068481817,0
True,1.69354330914512,0
True,1.66224517698874,0
True,1.19503615861397,0
True,2.55817344323214,0
True,1.57608186101563,0
True,2.14944008189212,0
True,3.59475033977109,0
True,0.970814524433165,0
True,0.770464818656972,0
True,1.05775109032948,0
True,1.39375435848593,0
True,1.6009194553824,0
True,0.714421850090711,0
True,3.60875165780062,0
True,2.04399052429803,0
True,1.47245354951988,0
True,2.09250597139064,0
True,2.35618196990535,0
True,2.0222618107864,0
True,1.04959103949447,0
True,1.05305216930579,0
True,1.79988740847584,0
True,2.08320375680024,0
True,2.47492239771512,0
True,1.85560022291694,0
True,2.58614794879091,0
True,1.23264255333386,0
True,2.48976445870657,0
True,3.80717863985665,0
True,2.13123728547184,0
True,0.940037611049636,0
True,1.50212956244575,0
True,2.39597939653301,0
True,1.3790836440591,0
True,1.36740007304359,0
True,1.14931924760493,0
True,1.83892169932671,0
True,2.02636251322617,0
True,1.93890015787715,0
True,2.7669844544093,0
True,2.17987318299536,0
True,1.1984116537034,0
True,2.88410714537905,0
True,1.87138422533778,0
True,2.30466604622969,0
True,2.15115168593019,0
True,2.42907581042555,0
True,1.01013090790101,0
True,0.951130729405704,0
True,2.68280873532577,0
True,1.82374822399111,0
True,1.15309419841465,0
True,2.43616354247261,0
True,1.03716016642508,0
True,2.34435280086547,0
True,2.49113036931915,0
True,1.56888301333869,0
True,1.9612492860099,0
True,1.75892826397578,0
True,3.19280654868681,0
True,2.05196533793265,0
True,2.34849742449021,0
True,1.47633416266343,0
True,3.17894260300055,0
True,2.56613572297761,0
True,3.20450631411032,0
True,3.73922847549503,0
True,1.37162460310709,0
True,0.767700802600522,0
True,1.46843417167604,0
True,2.36674109877268,0
True,2.40585242041712,0
True,2.79655766656975,0
True,2.04054495604576,0
True,1.36632542607422,0
True,2.30225329813688,0
True,2.15172526022487,0
True,1.26859415427845,0
True,1.3754021901652,0
True,1.61699497504148,0
True,1.36309750125387,0
True,2.04813179249604,0
True,2.29392108950149,0
True,4.40958197606392,0
True,4.06238273079276,0
True,1.17175685621206,0
True,1.91303824355773,0
True,0.936735781734461,0
True,0.855752577578922,0
True,1.07188290417465,0
True,2.01388204262811,0
True,1.85876031873399,0
True,2.21845217007044,0
True,1.44520117772599,0
True,3.98732318421799,0
True,1.1869056078324,0
True,1.64752651178106,0
True,1.13704244345884,0
True,0.961519081558489,0
True,2.24910851257261,0
True,1.56298212496613,0
True,1.4877947626175,0
True,2.90454689237546,0
True,1.79694181173428,0
True,1.72594633441521,0
True,1.16598881971737,0
True,4.21693288213773,0
True,1.40004256575379,0
True,1.73121684433653,0
True,2.00741875293867,0
True,3.24912731966318,0
True,3.4570941035201,0
True,1.41515989241305,0
True,4.25758448506317,0
True,0.831797536625473,0
True,1.36696658301782,0
True,2.48110370641757,0
True,2.66690456491964,0
True,1.83918748721739,0
True,1.05541725457185,0
True,1.30491037618579,0
True,2.04284014444082,0
True,2.08369306292438,0
True,1.9710734203293,0
True,1.65684650215449,0
True,1.99201475851,0
True,1.6100336872252,0
True,1.5420706623064,0
True,2.5319419099498,0
True,2.27827536192189,0
True,3.30556577063062,0
True,1.89187110852294,0
True,1.92621484607699,0
True,2.63994891700236,0
True,3.45577871556968,0
True,2.37686935940051,0
True,2.26690911843006,0
True,0.849725330876635,0
True,2.21155706082802,0
True,1.02034667408547,0
True,1.17151512306457,0
True,1.72353812687722,0
True,1.89202955211585,0
True,2.25677597242475,0
True,1.61531849740193,0
True,1.50256626051429,0
True,3.35533477933869,0
True,2.53627952117069,0
True,1.25761230292288,0
True,1.04353882295911,0
True,2.1852456047673,0
True,1.91740483134805,0
True,1.27031005787793,0
True,3.67291178296854,0
True,2.33902290507411,0
True,1.28657314797092,0
True,2.4608967269857,0
True,2.55443689039079,0
True,3.59651791929884,0
True,1.9789154858611,0
True,0.697921474337664,0
True,1.80088781388644,0
True,1.92846756411484,0
True,1.95002493847235,0
True,2.09774990609089,0
True,2.64029196422955,0
True,1.02885447615629,0
True,2.548425614451,0
True,1.6179589329723,0
True,2.58925837456076,0
True,2.73230403049961,0
True,0.836057015746688,0
True,1.08041342938586,0
True,2.43006053151304,0
True,2.2218014017536,0
False,2.07576958910933,0.000105922952872472
True,1.40546310163458,0
True,1.09937628187836,0
True,3.92181346541886,0
True,1.9846717139038,0
True,2.15666833429638,0
True,1.40020296101162,0
True,1.45177093334143,0
True,2.30796723502261,0
True,2.01579741249113,0
True,2.0898986893107,0
False,1.18564156430091,8.5303196111504E-05
True,1.03561064989157,0
True,1.64934115009054,0
True,2.28843244444132,0
True,1.64810375978482,0
True,0.988725493083976,0
True,2.16605210958651,0
True,1.44280878286938,0
True,1.60439429791414,0
True,1.45437678747214,0
True,1.35213704069368,0
True,2.67133714899066,0
True,2.26179136454281,0
True,4.28440535723455,0
True,1.78519675357792,0
True,2.54697556208709,0
True,1.14263325153207,0
True,1.33817040896127,0
True,2.71830622131097,0
True,2.56807768376402,0
True,2.56386628684527,0
True,1.84362684667734,0
True,1.22010544092296,0
True,1.21493341937415,0
True,2.18009017152866,0
True,2.53601710392618,0
True,2.41255110957036,0
True,1.60750884364216,0
True,1.78379051613637,0
True,2.37239851308979,0
True,1.65915816693863,0
True,1.49946101007928,0
True,1.69624760636693,0
True,2.09816314124421,0
True,1.67838451326482,0
True,1.49783014850633,0
True,1.42534115152373,0
True,1.08627823744977,0
True,0.951816737963496,0
True,2.71778017651525,0
True,2.38104201614088,0
True,1.43117744778014,0
True,1.07925267108106,0
True,2.15765361319985,0
True,1.49369525923188,0
True,2.34813439116038,0
True,3.11925229324688,0
True,0.854382811220438,0
True,2.29232431556289,0
True,0.958913475376652,0
True,0.990114225413413,0
True,1.77375497516143,0
True,1.59393083152393,0
True,1.04177273288724,0
True,1.08738485743277,0
True,0.996874181696512,0
True,2.13334337213565,0
True,2.22296839787387,0
True,1.81511151991815,0
True,1.13657035387442,0
True,1.11580575481004,0
True,2.16328566369672,0
True,1.3080199210041,0
True,1.05869875621853,0
True,1.23463125862302,0
True,1.0641416471121,0
True,1.17188245588575,0
True,0.923376950279585,0
True,3.36568709385601,0
True,2.05359684941416,0
True,1.88991584803832,0
True,2.9050531016457,0
True,1.32630493058236,0
False,2.85146410395198,0.000417864396703301
True,2.13842941996258,0
True,2.78902211629612,0
True,1.30591179375501,0
True,1.36726688302964,0
True,1.48101405615416,0
True,0.837204770215322,0
True,2.89192203484134,0
True,2.58981260780517,0
True,1.83278759547009,0
True,2.33908210267799,0
True,1.73808714003083,0
True,1.11981283500659,0
True,1.09366274550245,0
True,1.23399176448318,0
True,1.59572081972524,0
True,4.55128591555561,0
True,2.08845186735266,0
True,1.46991965143544,0
True,2.85698810945314,0
True,0.825333164893982,0
True,1.09853343800292,0
True,1.23429157484771,0
True,2.21636725633991,0
True,1.695424588736,0
True,1.2256110045675,0
True,1.15962320302298,0
True,0.595106374180274,0
True,1.79693126000595,0
True,3.38462895155189,0
True,1.73140452947161,0
True,1.0071312985615,0
True,2.70470137154356,0
True,1.60304755155878,0
True,1.63108114790462,0
True,2.46473444186386,0
True,2.42279938109644,0
True,1.60155450283605,0
True,0.729171379992811,0
True,1.41579854399228,0
True,3.74607940571587,0
True,2.16079566294621,0
True,2.58033510131811,0
True,2.43603523705998,0
True,2.673009882046,0
True,2.00120953858185,0
True,1.43365645699042,0
True,1.12426957930347,0
True,1.22373720080267,0
True,4.13528853789939,0
True,2.6860091865125,0
True,2.29912069875204,0
True,2.25514325008696,0
True,1.01911142738284,0
True,2.14779751239829,0
True,2.13475738135751,0
True,3.38713074548132,0
True,2.36698882569127,0
True,2.69922082949218,0
True,3.72531284356793,0
True,2.00516158819452,0
True,1.91146216085706,0
True,2.16286583075983,0
True,2.17456417190315,0
True,2.26666254996963,0
True,1.89171736086418,0
True,1.10806965945022,0
True,1.50883110931823,0
True,1.86126103245909,0
True,1.68181948481889,0
True,0.73670648255783,0
True,1.03397983528039,0
True,1.60535501461556,0
True,2.00514055670026,0
True,3.04541752980923,0
True,2.45223211439891,0
True,1.67022406284334,0
True,0.961812361714576,0
True,1.99326388544493,0
True,3.34263200143508,0
True,1.83006691072528,0
True,0.877639291795052,0
True,2.52956947185374,0
True,1.39479351411547,0
True,1.4765899441468,0
True,3.27072994755406,0
True,1.38059181310205,0
True,1.81815093817565,0
True,2.92500157987213,0
True,2.94532160741908,0
True,1.95177614380503,0
True,1.78785155085438,0
True,0.879766774901335,0
True,1.61905016173145,0
True,2.28367250805008,0
True,1.760302383632,0
True,2.10432071600856,0
True,1.720915999227,0
True,2.46995059173183,0
True,1.64361037767467,0
True,1.63092838357725,0
True,1.29504776601849,0
True,2.12357637537581,0
True,3.49454976001282,0
True,2.2348971014692,0
True,1.28536518346053,0
True,1.53402581615687,0
True,0.684402997179178,0
True,0.961487576198739,0
True,2.02779868576769,0
True,1.13367264110588,0
True,1.56516809600647,0
True,3.00060694188294,0
True,1.44331359032454,0
True,1.7098678767864,0
True,1.49055506235082,0
True,2.17630169184237,0
True,3.01851674264342,0
True,1.79117110376322,0
True,1.99748174949543,0
True,3.2218238116607,0
True,1.31758755395015,0
True,1.76247057020218,0
True,2.3081552442679,0
True,0.959541596546483,0
True,1.91100956870584,0
True,1.70349213624224,0
True,1.00602412924578,0
True,1.41347929941,0
True,2.44383955614097,0
True,1.47470777253438,0
True,1.97054955345227,0
True,1.89288412482806,0
True,2.24983832033345,0
True,1.71882808210469,0
True,2.16067380958669,0
True,2.42921580585318,0
True,1.2353963819794,0
True,0.972372980761828,0
True,1.23088405410738,0
True,1.58567057752346,0
True,1.95374644582766,0
True,2.18388008465266,0
True,1.22516703099552,0
True,1.55854310956271,0
True,1.09250048680933,0
True,1.69871624730871,0
True,1.68382845719096,0
True,1.80845594658032,0
True,1.94911539002551,0
True,0.659217178498155,0
True,0.584163974947613,0
True,1.94453431144617,0
True,1.84937818785263,0
True,2.66326591132484,0
True,1.36337515417427,0
True,1.28807182216461,0
True,1.10477192265822,0
True,2.42103003541734,0
True,1.75418758891595,0
True,2.23590170901572,0
True,1.36248313663618,0
True,2.22645556029551,0
True,1.35148454204632,0
True,1.36262104078607,0
True,1.4181660651495,0
True,2.08164684092052,0
True,1.04088535974141,0
True,1.54680880922286,0
True,4.5437446375301,0
True,2.50224479886576,0
True,1.50490838103641,0
True,1.2625229648427,0
True,1.67846193109699,0
True,1.97068311395768,0
True,0.971581049343231,0
True,3.53374204689838,0
True,2.614837677108,0
True,2.44833696484641,0
True,1.70351123001749,0
True,1.34460008388863,0
True,1.18385761199761,0
True,1.3356005151857,0
True,2.88614244764801,0
True,2.90695217780484,0
True,2.20364261412039,0
True,1.19500270035294,0
True,1.68654465542361,0
True,0.853399803662997,0
True,3.41017755829363,0
True,1.90683576593792,0
True,2.82829225777991,0
True,2.6640459955401,0
True,2.68463652196798,0
True,3.1032626992082,0
True,1.69071859207141,0
True,2.67215340227899,0
True,3.52220188395888,0
True,0.694165216052367,0
True,1.15350801697746,0
True,1.12097742040303,0
True,2.05688274764123,0
True,3.05586213259916,0
True,2.6758102813899,0
True,3.41525580362591,0
True,1.81928159745042,0
True,1.49358909624286,0
True,0.7611043478847,0
True,1.9792489894005,0
True,2.45141385343283,0
True,1.27602034922382,0
True,1.99630887612056,0
True,2.51746062619127,0
True,2.14225799312813,0
True,1.6683620121809,0
True,2.0445274578387,0
True,2.39801915564411,0
True,1.39868033169683,0
True,3.63602656698716,0
True,3.01146056877476,0
True,2.35225150823709,0
True,1.38323366469259,0
True,1.96954468544555,0
True,1.68778389670471,0
True,2.62996171462186,0
True,2.27763797503788,0
True,1.15910893835079,0
True,2.53321613797648,0
True,2.3973678359594,0
True,2.04904652314072,0
True,4.12623348622578,0
True,1.92986818113682,0
True,1.16461371098502,0
True,3.3549076304871,0
True,2.28031369820715,0
True,1.08511894165044,0
True,1.2810648664041,0
True,2.35557528906479,0
True,2.0718165367463,0
True,1.20413882152583,0
True,3.45749395080063,0
True,2.38769966707705,0
True,1.65269941886614,0
True,0.993555589253515,0
True,2.18801779581365,0
True,2.34712168136799,0
True,1.7710424616819,0
True,1.77948812518455,0
True,2.13588740747043,0
True,1.73912561072483,0
True,1.2919284345466,0
True,1.3166163437694,0
True,3.37543574076687,0
True,2.1824023665801,0
True,1.3126048668389,0
True,0.7965238049299,0
True,1.63090287194732,0
True,2.28711486776103,0
True,1.79862563397567,0
True,1.04767292675879,0
True,3.76415000494398,0
True,2.42927690235864,0
True,3.00257651646727,0
True,0.946543491615725,0
True,1.57893865031838,0
True,3.01276274769369,0
True,1.78499690809583,0
True,1.70906808357985,0
True,1.88347459801438,0
True,0.96761776728253,0
True,1.27378863044641,0
True,3.78434789978314,0
True,3.98673039627235,0
True,1.44452924542289,0
True,1.37074785309083,0
True,1.31973861479593,0
True,1.16575110742043,0
True,2.07317237567037,0
True,2.10361676325974,0
True,1.12111576168798,0
True,3.32488017571611,0
True,4.35771119209839,0
True,2.10605345175868,0
True,1.96491487702702,0
True,1.79558728349843,0
True,3.0694393467711,0
True,1.91981534701653,0
True,0.865345180863714,0
True,1.797168822185,0
True,2.55084545639395,0
True,1.9426186936119,0
True,1.67663001468389,0
True,2.19995922683593,0
True,2.72616111037589,0
True,1.10994658627719,0
True,1.11905149323985,0
True,2.61084821142055,0
True,2.61864881885263,0
True,2.02307542869554,0
True,1.40788936667243,0
True,1.17525885292621,0
True,3.39739273183813,0
True,0.936256873556205,0
True,1.59974669576296,0
True,2.35145646483441,0
True,1.72144760190572,0
True,2.59735319464639,0
False,2.6070728593201,0.000130216733214261
True,1.20817206265003,0
True,2.31410476418476,0
True,1.77620587303324,0
True,2.04452945176173,0
True,1.54151376423143,0
True,1.02078856168755,0
True,2.42401771530983,0
True,2.85359538766292,0
True,2.66779429738464,0
True,2.62443786238363,0
True,1.37104018711508,0
True,1.03455772812087,0
True,3.53619641770097,0
True,1.39384221507471,0
True,1.28708377615896,0
True,2.66971856117643,0
True,3.39475949479782,0
True,0.868589702543803,0
True,3.48577206418486,0
True,2.54207029137244,0
True,1.79423805025946,0
True,1.57049363585706,0
True,3.67942053873296,0
True,2.72377294242766,0
True,1.71717752836692,0
True,3.85317247522934,0
True,2.60363934183083,0
True,2.01570213549875,0
True,1.35719918446524,0
True,0.961449193421955,0
True,1.10955872202111,0
True,2.04040850293405,0
True,2.09308364146902,0
True,2.05190366871739,0
True,0.920453225228054,0
True,1.11252382897669,0
True,0.834016724428217,0
True,1.59142908136929,0
True,2.25733600406788,0
True,2.61302110298499,0
True,1.02274182400271,0
True,0.886149063752666,0
True,1.50668526327589,0
True,1.64810618249877,0
True,1.96710945261525,0
True,1.59082159922053,0
True,1.89296544351294,0
True,3.45132875398219,0
True,2.75250919587092,0
True,1.40254034529834,0
True,3.6180320984166,0
True,2.9221072345672,0
True,1.9739660801747,0
True,1.27663023793935,0
True,1.28418917311766,0
True,1.55835589933547,0
True,1.92536804134875,0
True,1.88162411774459,0
True,1.41437653111733,0
True,1.70689434469348,0
True,1.02857050155076,0
True,1.37608762855441,0
True,2.04867681059061,0
True,1.31332903242628,0
True,1.33252830582542,0
True,1.65264246934447,0
True,1.58669395160683,0
True,2.95106857002194,0
True,2.64844512831667,0
True,1.12353825941387,0
True,2.10633666545239,0
True,2.97574863950824,0
True,2.29042457267315,0
True,2.47318675335013,0
True,2.82485099805212,0
True,2.61875592314729,0
True,3.50934093675342,0
True,1.24870766912413,0
True,1.44935721988559,0
True,2.5324683791806,0
True,0.913014202984429,0
True,2.12003084699566,0
True,2.00888857893544,0
True,1.70898293659026,0
True,1.40689045831617,0
True,1.58956273077154,0
True,1.97451448979117,0
True,1.38659363089503,0
True,2.19492973855936,0
True,1.76656930603888,0
True,1.86396486459447,0
True,2.10714709319133,0
True,1.95439445821268,0
True,1.62144069288413,0
True,3.03674126080854,0
True,2.31033133368335,0
True,1.10851999078438,0
True,2.74989242286392,0
True,2.39437798489138,0
True,1.90139991957558,0
True,2.39516793123491,0
True,2.8246796618337,0
True,1.70842487811195,0
True,1.81355930460319,0
True,0.690601426966034,0
True,2.19033614229443,0
True,2.13284026221587,0
True,1.37658744456075,0
True,0.903087586387974,0
True,1.08864280861129,0
True,1.90445973435848,0
True,2.20919093816794,0
True,2.36417028671005,0
True,0.659568155670219,0
True,2.01171167595518,0
True,3.57132346857653,0
True,3.01642580846538,0
True,1.02133814427778,0
True,1.36380232296988,0
True,2.12743354184873,0
True,1.94392698118457,0
True,2.36267193199367,0
True,3.39975468568594,0
True,2.39814584618242,0
True,2.19655764952944,0
True,2.02333886830494,0
True,1.71160919428641,0
True,1.99311429153221,0
True,3.23995929612845,0
True,1.61595363253155,0
True,3.25752579798691,0
True,2.85434271730635,0
True,0.735822017903769,0
True,2.72932081896389,0
True,1.27140914733981,0
True,3.43281703967604,0
True,1.67578720977489,0
True,2.77762101628159,0
True,2.18785171934879,0
True,2.04545800330245,0
True,2.20144293543731,0
True,1.99711974295441,0
True,3.62327354809517,0
True,2.3441497015217,0
True,1.23457738083159,0
True,1.22761852064499,0
True,1.43189573546529,0
True,1.82768379086043,0
True,2.1038808833961,0
True,1.19005394585547,0
True,2.09239762826633,0
True,2.37465161782794,0
True,0.758379411950718,0
True,0.943779091741167,0
True,3.42644676145945,0
True,2.9738711300661,0
True,1.71307787861344,0
True,3.10717111994579,0
True,1.35365819544551,0
True,3.63836067217632,0
True,3.5402627701868,0
True,1.47089647392026,0
True,1.69365596704856,0
True,2.5259811885087,0
True,2.23849219454223,0
True,2.51991251026599,0
True,0.582581979063714,0
True,1.53801769303714,0
True,2.92401881544351,0
True,1.10865991356822,0
True,1.5175616956784,0
True,1.16362737088283,0
True,1.49336474590275,0
True,2.09673072202104,0
True,1.55536462676754,0
True,2.242813988849,0
True,2.34327052014275,0
True,2.25724967911388,0
True,3.44704432840904,0
True,1.19528483782762,0
True,1.85495153871006,0
True,1.74576782621918,0
True,3.05643145570675,0
True,3.6285943346627,0
True,1.68675778029664,0
True,0.598471644829915,0
True,3.66214484347542,0
True,0.950279323935317,0
True,2.10402083251429,0
True,1.75873122055182,0
True,1.95974219869787,0
True,2.18570966966794,0
True,1.65797317338692,0
True,1.18311681132176,0
True,4.07979671730254,0
True,1.70213446061185,0
True,1.42762983279143,0
True,1.62734132039477,0
True,3.46997717465272,0
True,1.59300608194244,0
False,4.06040917153369,0.000151513240546566
True,4.03589112126583,0
True,1.48946717712757,0
True,0.972585648219189,0
True,0.960781056320522,0
True,1.43165334410248,0
True,2.96355919392396,0
True,1.90325874643945,0
True,2.48766838263761,0
True,1.87120554334748,0
True,3.77539630554818,0
True,3.33372285049181,0
True,1.8236046278923,0
True,1.30810795098381,0
True,2.21897270101608,0
True,1.63415911454621,0
True,1.5099925907385,0
True,1.93063877714835,0
True,2.30744185591987,0
True,2.55241936802924,0
True,1.52611387422461,0
True,0.684375246935608,0
True,1.12093531348062,0
True,2.16136961914045,0
True,3.50909586795018,0
True,1.59292341034778,0
True,1.3492010759737,0
True,0.962199769217446,0
True,2.06825175802231,0
True,1.4650476947465,0
True,1.10209498565574,0
True,1.94998953466939,0
True,1.76448916557262,0
True,1.7428749791422,0
True,1.91861538124045,0
True,1.01481651060058,0
True,1.66894074367195,0
True,1.46494280574195,0
True,1.76921392740563,0
True,1.99290301554504,0
True,1.57251892031553,0
True,3.640932013891,0
True,3.90295055269562,0
True,2.97968858666449,0
True,2.68529820119757,0
True,2.1069846027268,0
True,1.52841906035749,0
True,0.823651937120935,0
True,1.57375413210231,0
True,1.72957914815243,0
True,1.2522914591443,0
True,1.27346995704288,0
True,1.85714620374157,0
True,2.70173848441709,0
True,1.58811726074581,0
True,1.41193925871601,0
True,1.2884813143167,0
True,1.50305186917008,0
True,1.22026108704895,0
True,3.47941777064214,0
True,2.04691183755611,0
True,1.24242179068828,0
True,3.03738646673744,0
True,2.50091245724769,0
True,1.55663135224663,0
True,2.97164942464375,0
True,1.33202717051885,0
True,4.15561365614351,0
True,1.96172217782454,0
True,2.27295053592261,0
True,1.4253123087318,0
True,1.56819262456042,0
True,1.12729972032188,0
True,1.4460282494387,0
True,2.89059415961362,0
True,2.97326543571934,0
True,2.19538084635662,0
True,3.62022120683333,0
True,2.26318046029312,0
True,1.23692819574288,0
True,1.24180127018463,0
True,1.27071923270576,0
True,3.1918768404012,0
True,1.62735488207347,0
True,3.61219284314644,0
True,1.82471496749563,0
True,1.17463132992153,0
False,0.945593506613553,0.000202574460121787
True,1.43090475184775,0
True,2.22704002893513,0
True,0.948214904008736,0
True,1.50006364660364,0
True,2.75694928773593,0
True,1.54036143254779,0
True,1.39528673755571,0
True,1.45709639212737,0
True,2.40552127199169,0
True,2.47189552228092,0
True,0.954919596130508,0
False,3.91825063020071,0.000100076314178251
True,1.10078706801613,0
True,1.30348566038608,0
True,1.38017125272137,0
True,3.76554744518077,0
True,1.65811682277583,0
True,3.55109837854781,0
True,1.08382090759022,0
True,3.41080644815491,0
True,2.48927780950463,0
True,2.61579958626652,0
True,1.93774024936038,0
True,1.8660792467983,0
True,2.55024791979798,0
True,1.17605979473833,0
True,1.14886154858713,0
True,1.19745195678622,0
True,1.09183772157276,0
True,1.58084427925772,0
True,2.36264448311248,0
True,2.93443647876578,0
True,2.20505551840226,0
True,1.84159568272795,0
True,1.5871688347969,0
True,1.28515904721151,0
True,1.84914584030997,0
True,1.48833249063999,0
True,1.65058290298975,0
True,0.972425835710489,0
True,3.67914759417617,0
True,1.51644157743546,0
True,2.2489208179125,0
True,1.65973562472967,0
True,3.47910462559872,0
True,3.52546434179312,0
True,3.13708683625528,0
True,2.82435558628695,0
True,3.76697810040451,0
True,3.78272505665153,0
True,1.16977706993333,0
True,1.48530807798385,0
True,1.80543804797581,0
True,1.79935533822395,0
True,1.3639519016856,0
True,1.87213586430492,0
True,1.25963769332008,0
True,1.64224051643468,0
True,2.09068516396661,0
True,1.53985900171319,0
True,1.77254283682974,0
True,2.67289748493045,0
True,2.80613697493469,0
True,2.1771984143085,0
True,1.97085794858994,0
True,0.951466936059623,0
True,1.7924655495316,0
True,1.75218261162431,0
True,1.70136088787913,0
True,3.55294746382018,0
True,2.43252705692306,0
True,1.73119206869801,0
True,2.20604423101415,0
True,1.31702283483423,0
True,0.865584375975566,0
True,0.631050013397631,0
True,1.0113184661192,0
True,1.12846224619579,0
True,1.07275779513108,0
True,2.41438342700228,0
True,2.34982738838835,0
True,2.45287937651747,0
True,1.81875176718053,0
True,0.910843407542193,0
True,1.25868427414379,0
True,0.834328739816102,0
True,2.3467373117162,0
True,2.56353678887341,0
True,2.21981817828973,0
True,1.9139698514748,0
True,1.95207379617714,0
True,2.79843019312808,0
True,1.72832327350268,0
True,2.67802687527038,0
True,3.18402828582481,0
True,1.12489497630689,0
True,1.48350434115436,0
True,1.17095352859523,0
True,1.02742285904037,0
True,3.21891154675026,0
True,2.14687424509596,0
True,2.17070492962392,0
True,2.16580201320245,0
True,1.0866303375541,0
True,1.9391053546629,0
True,1.64225166697845,0
True,1.49824268891662,0
True,3.62227223203571,0
True,2.35889551744707,0
True,1.84253835086009,0
True,1.61633920782804,0
True,0.926183272830715,0
True,0.9975839271677,0
True,1.32727493642374,0
True,1.63190941929894,0
True,1.81749162373944,0
True,1.17214405683996,0
True,1.57109735718497,0
True,0.677835596855187,0
True,1.76574337635925,0
True,0.83208347657524,0
True,2.60532471034272,0
True,1.5503394501821,0
True,1.41160049494884,0
True,1.52684857481339,0
True,1.13009824943162,0
True,1.55569743137404,0
True,2.30659660898491,0
True,1.86083260363367,0
True,1.429574305073,0
True,2.1943056956844,0
True,1.04847619451138,0
True,1.91700232194864,0
True,2.16756276302068,0
True,1.96717050095643,0
True,2.57241807302562,0
True,1.80501437459801,0
True,2.48541751825624,0
True,1.77900436905176,0
True,1.95844962430614,0
True,1.13963099487957,0
True,1.51901067044015,0
True,1.38207494619908,0
True,1.49021439800014,0
True,1.66861472620169,0
True,1.19146408724077,0
True,2.81559513775794,0
True,2.2195591244477,0
True,3.49443518306441,0
True,3.28045046871194,0
True,1.58878891874864,0
True,2.02525180825519,0
True,1.80454737046357,0
True,1.53326482155086,0
True,2.4906658020118,0
True,1.73437524753681,0
True,1.26129021355171,0
True,1.10618317500355,0
True,2.28576943046242,0
True,1.00394680140423,0
True,2.1516681063167,0
True,1.31634359712555,0
True,1.70776462385485,0
True,1.94580603745972,0
True,0.969133768164878,0
True,2.44518546538584,0
True,1.79549962590695,0
True,1.62650438210748,0
True,2.39598434201371,0
True,1.94690565508994,0
True,1.55118618004388,0
True,1.89896690403223,0
True,2.59443953122561,0
True,2.58326488005755,0
True,0.778418386773805,0
True,2.24469286079907,0
True,3.18533947268212,0
True,3.66501250199252,0
True,4.58812376874648,0
True,2.52780395902421,0
True,1.6757960966457,0
True,1.36015387626507,0
True,1.32351764742836,0
True,2.44435460134393,0
True,3.57942621033755,0
True,4.05095218289174,0
True,1.26774484824226,0
True,2.04462368556509,0
True,1.82984600628349,0
True,1.40751432459415,0
True,1.9139419181183,0
True,1.25416330183143,0
True,2.13477289051351,0
True,3.16298966094403,0
True,3.06590571823724,0
True,3.41714036264952,0
True,3.51889823975907,0
True,3.19082243846215,0
True,1.38982887105087,0
True,2.99717871252901,0
True,2.48887637229108,0
True,2.42258707378875,0
True,1.85088280719507,0
True,1.6792517388722,0
True,1.76449859179982,0
True,1.25859675999992,0
True,2.63057054900349,0
True,2.51334324416761,0
True,1.32098258057971,0
True,1.2978681902079,0
True,1.05539951950231,0
True,1.56306451263574,0
True,3.62971464900711,0
True,0.949463028963503,0
True,1.07117100953136,0
True,2.11871533534505,0
True,0.853137544189722,0
True,0.768239551897544,0
True,1.79061082221997,0
True,3.42162049883336,0
True,2.01386417771177,0
True,1.34877704464629,0
True,1.75866256437211,0
True,2.68654634800992,0
True,2.85277376127902,0
True,0.794823555055062,0
True,2.94520531274865,0
True,1.51324900111182,0
True,1.04998627338475,0
True,1.50872360039081,0
True,1.32779909271044,0
True,0.687060242320363,0
True,1.71172405526524,0
True,1.06322750130032,0
True,1.00722596503308,0
True,1.98052215632194,0
True,1.2703559320797,0
True,4.08963804662668,0
True,4.31997778943528,0
True,1.80980397702949,0
True,2.31865216232739,0
True,1.06191733022459,0
True,0.843904701645939,0
True,1.19980684394243,0
True,0.846466943308892,0
True,2.78035384608982,0
True,3.30406428689704,0
True,4.28091749704493,0
True,1.01594082743868,0
True,3.98500395943901,0
True,1.88384634413778,0
True,1.68535689163676,0
True,0.863280500080846,0
True,1.89029632715116,0
True,0.508131956834971,0
True,1.05817587641796,0
True,2.56499588683501,0
True,1.97769263501179,0
True,1.21921317070358,0
True,2.00272839423257,0
True,1.35569443361274,0
True,2.68754476809486,0
True,1.87053109730332,0
True,2.10965845152815,0
True,2.59765763947337,0
True,2.82410803258219,0
True,2.23336327096504,0
True,1.23550823798224,0
True,3.38134950251746,0
True,2.42703431013706,0
True,0.33729360021455,0
True,2.3743368629232,0
True,2.75319436372427,0
True,2.70597548577867,0
True,2.27184710708424,0
True,1.45697166959234,0
True,1.03983130770635,0
True,1.64093945391378,0
True,1.02983418019913,0
True,2.30439954139761,0
True,3.14694335281856,0
True,1.66692893514883,0
True,0.779399727831819,0
True,1.81221770541132,0
True,2.32440412962321,0
True,3.26823878850753,0
True,2.08606547895827,0
True,0.947934497373,0
True,1.21747827461242,0
True,1.12484004513214,0
True,0.97129386974948,0
True,1.3397218809864,0
True,4.18910245124075,0
True,1.35425878652475,0
True,1.85929185624806,0
True,2.44500085301054,0
True,0.82250733314346,0
True,1.74969023042618,0
True,2.66099057456376,0
True,2.2178137041028,0
True,1.51968670730231,0
True,1.01764371508091,0
True,0.980290071021694,0
True,1.26374196147512,0
True,0.888790043605827,0
True,1.77350829656976,0
True,1.94428589994843,0
True,1.41616855506904,0
True,2.22778244309895,0
True,2.01921110869936,0
True,2.80927275234899,0
True,1.5130016139826,0
True,1.21713859163939,0
True,1.70121456415122,0
True,1.98957861830482,0
True,1.52381368586278,0
True,1.54977069862186,0
False,1.38682128393511,9.04720331240909E-05
True,1.90029751066285,0
True,1.49478789135464,0
True,2.49563797175275,0
True,2.11578839925259,0
True,3.32176013609331,0
True,1.80067767683897,0
True,1.25798295102296,0
True,0.782061349326436,0
True,1.75032782557702,0
True,1.48947076114998,0
True,0.84957869953186,0
True,2.02908434495703,0
True,2.13528645128393,0
True,1.98751160096522,0
True,1.4986600455184,0
True,1.61829289103372,0
True,1.88346484854156,0
True,2.28578947478835,0
True,1.23088300150986,0
True,2.3675145740354,0
True,2.38315859186759,0
True,1.10223935314028,0
True,3.75795925047091,0
True,2.49275252621331,0
True,1.2039857699003,0
True,1.92358731003222,0
True,2.36221755240458,0
True,2.13889196076024,0
True,2.55648231413919,0
True,3.74155420989475,0
True,4.31593119551977,0
True,1.25123920589183,0
True,2.40361095532096,0
True,3.41108588694739,0
True,1.67030070778184,0
True,1.279169520351,0
True,2.64955650424208,0
True,2.67696121233957,0
True,1.33411783818228,0
True,0.830269813418421,0
True,1.24484288765894,0
True,2.48038545357314,0
True,1.25152860368435,0
True,2.45121518769486,0
True,2.36051463060479,0
True,3.25364824968206,0
True,2.14391715203763,0
True,1.89956078647093,0
True,1.70777391928854,0
True,1.03782902028867,0
True,1.63295905164495,0
True,2.37597606473169,0
True,1.56437928346153,0
True,2.60216004635164,0
True,2.84726564210486,0
True,1.80177629146986,0
True,2.02162503912133,0
True,2.73865397868877,0
True,0.629550436745797,0
True,1.30115504220844,0
True,2.82608693619332,0
True,1.45033033774053,0
True,1.18870576340299,0
True,2.92258702591132,0
True,3.53779834862968,0
True,4.53344275416078,0
True,0.994468693455219,0
True,2.33912753701563,0
True,3.68535710598624,0
True,1.68911992066001,0
True,1.29404923725853,0
True,1.73397892169213,0
True,0.880406351508852,0
True,2.44462634798421,0
True,1.1282288816859,0
True,1.01100542091459,0
True,1.277152549891,0
True,1.09641643418252,0
True,1.68635944223562,0
True,1.9817211423739,0
True,1.5535440418659,0
True,1.76625146248521,0
True,1.99717929915318,0
True,1.8160449677247,0
True,1.80977886642675,0
True,2.10730522206377,0
True,1.86995880591582,0
True,1.80413015957806,0
True,2.09079364650856,0
True,2.14321834573211,0
True,1.72830066851847,0
True,3.05670971522904,0
True,1.73835538554829,0
True,4.10623278378739,0
True,4.17683367728418,0
True,1.68702526248958,0
True,2.21474641343717,0
True,2.33991153568133,0
True,2.70281675127366,0
True,0.807810399127416,0
True,2.09220122558166,0
True,3.28080340274532,0
True,1.36170627559004,0
True,1.05577681267702,0
True,1.88754257451935,0
True,4.51677501063144,0
True,1.35722498249389,0
True,2.93448234816148,0
True,2.53748338348183,0
True,1.33719577617276,0
True,1.91468908709604,0
True,1.6527295980112,0
True,2.00202182239383,0
True,1.21058654218501,0
True,0.978907157482568,0
True,1.7614411320885,0
True,1.71934284402477,0
True,1.3771651906725,0
True,2.55504582591817,0
True,1.46658983008308,0
True,3.09591842333863,0
True,1.69780100952918,0
False,1.48361579581153,0.000136077023665718
True,1.35003605535261,0
True,1.40154042119478,0
True,1.71920847364877,0
True,2.0486847920886,0
True,0.700984343481079,0
True,2.09898028376245,0
True,0.999225794796653,0
True,1.35827505924371,0
True,1.68017232827927,0
True,1.7250698183717,0
True,1.89477984105456,0
True,1.75178329971825,0
True,0.769491118217979,0
True,2.17620177611905,0
True,2.57389365216386,0
True,1.82186076093163,0
True,2.30439856456155,0
True,1.92838948594585,0
True,1.44618860202511,0
True,1.33124487231955,0
True,0.913718511986104,0
True,1.50791244887199,0
True,1.28025866069733,0
True,2.3818792987901,0
True,1.53135794299679,0
True,2.22289920444582,0
True,1.26949884982952,0
True,2.54149908899306,0
True,2.3566846602302,0
True,1.98431643163069,0
True,1.80317050479735,0
True,1.89371820487972,0
True,2.77764541846996,0
True,1.00663690489488,0
True,0.656593639889409,0
True,1.1304609863032,0
True,1.35486113052667,0
True,1.81298913732698,0
True,1.27672241941435,0
True,2.21045384603562,0
True,1.47497331569753,0
True,1.10785338500998,0
True,2.05721085861549,0
True,1.70873372410763,0
True,1.60721010645299,0
True,1.54596689433218,0
True,2.10015671176412,0
True,1.15672460461273,0
True,1.09144576150503,0
True,1.00290116090225,0
True,1.56321620067077,0
True,0.846955747634337,0
True,2.38043667656557,0
True,1.79705838141233,0
True,1.45686125785618,0
True,1.30423020451496,0
True,2.11926878725918,0
True,2.39963252395947,0
True,0.914068319312781,0
True,1.61864844233392,0
True,1.75601129308435,0
True,3.25837112862523,0
True,2.00472693546451,0
True,1.84129488049742,0
True,4.29101401827736,0
True,1.97543461979894,0
True,1.99494865843409,0
True,1.35907576680865,0
True,4.09614369067748,0
True,2.6028376321721,0
True,1.4525428172484,0
True,1.18165455805861,0
True,2.15539703838694,0
True,1.12378708142724,0
True,3.75991158972787,0
True,1.40715726087546,0
True,2.03432372214674,0
True,0.977357964329149,0
True,1.77696186418153,0
True,2.38696023554239,0
True,2.16143008154365,0
True,1.53246893867635,0
True,1.06744213556911,0
True,1.34336935869402,0
True,1.41516559744179,0
True,1.11936151190019,0
True,1.90219171475523,0
True,1.39396696406835,0
True,3.87171911041468,0
True,3.51568110752541,0
True,2.5903701954482,0
True,2.18188178438056,0
True,1.67012317343975,0
True,3.34208928513927,0
True,1.9357426102506,0
True,1.04364358608512,0
True,2.62236083519528,0
True,1.25780629398976,0
True,2.17665534566795,0
True,1.46220537877111,0
True,2.01930567330543,0
True,3.89283177990018,0
True,1.57912176649514,0
True,1.82373597845419,0
True,2.16799619883143,0
True,2.1824693225489,0
True,2.25975828578927,0
True,2.2031891960794,0
True,3.49230155852807,0
True,1.24002099999546,0
True,2.16222898579821,0
True,2.68537783290027,0
True,3.41907848532507,0
True,1.86862331568276,0
True,2.09339654588517,0
True,3.71285603290028,0
True,2.20509409965958,0
True,0.769275960784637,0
True,1.1367258634299,0
True,1.74866094604402,0
True,0.949666537405979,0
True,1.15550506760885,0
True,1.34749550322814,0
True,1.80894902039187,0
True,0.981804326039222,0
True,1.87756340604706,0
True,1.0263417318772,0
True,1.08633576709841,0
True,1.66379811060725,0
True,2.85572410499275,0
True,0.965921145581703,0
True,2.41463849729115,0
True,2.36332624827175,0
True,2.02879184754649,0
True,1.76471959875074,0
True,2.0342178653832,0
False,2.80715918655638,0.000212029586985948
True,3.04744967128707,0
True,2.49975709137399,0
True,2.07480568369513,0
True,1.43218537249722,0
True,1.22680890517443,0
True,3.58938146710556,0
True,1.12358247508365,0
True,1.01187666614815,0
True,2.37602568830072,0
True,1.68884185532784,0
True,1.66499850620936,0
True,1.29351885911637,0
True,1.26536274317825,0
True,1.1202463258771,0
False,1.72309578119502,0.000114793428877224
True,0.722045493420132,0
True,2.23781659866904,0
True,1.38790089207105,0
True,2.28192257279422,0
True,1.11066337956915,0
True,1.1304041447345,0
True,2.20840290120499,0
True,1.27684027019069,0
True,2.42719919180366,0
True,2.61721997893848,0
True,0.966817051263097,0
True,3.84383628918347,0
True,2.39021703501952,0
True,1.41646791408806,0
True,3.94070705779334,0
True,2.73400766790114,0
True,1.78749295772687,0
True,3.06745350175521,0
True,1.47196869982097,0
True,2.28447314817022,0
True,2.9559497979711,0
True,2.22377986202572,0
True,1.3802161288536,0
True,1.04472232942963,0
True,3.03309523491382,0
True,2.22088388725009,0
True,2.74252418126894,0
True,0.78896875959496,0
True,1.6560639850835,0
True,3.02532520345696,0
True,1.32636502888856,0
True,1.93453936395966,0
True,2.78004001612522,0
True,2.04525004670542,0
True,2.6561215998829,0
True,1.90182914860027,0
True,1.04712311686379,0
True,2.94936037069349,0
True,1.5057483555708,0
True,1.48955459667654,0
True,2.35763830804376,0
True,2.02651393669782,0
True,2.22119735947241,0
True,0.866584595037664,0
True,0.772420638799552,0
True,0.696969436017193,0
True,1.39502102527031,0
True,2.57680763582381,0
True,2.16717623078795,0
True,1.25033540453518,0
True,1.07588661402497,0
True,1.39330450509583,0
True,1.03223553482599,0
True,1.3895145414118,0
True,1.08488654560055,0
True,2.45398953906194,0
True,2.38146575062861,0
True,1.22925226465937,0
True,1.20798755682551,0
True,1.65860981992195,0
True,3.43630786135866,0
True,2.16727066529807,0
True,1.67617612072304,0
True,2.88319396829124,0
True,1.83997434453664,0
True,1.50508476895687,0
True,1.46878694767112,0
True,1.49727917117111,0
True,2.16204021275251,0
True,2.04525289003088,0
True,2.40219541234452,0
True,2.04120330246376,0
True,2.51266157990861,0
True,2.01070745709944,0
True,1.21939807516948,0
True,1.36682737295148,0
True,0.756306623552716,0
True,1.16742735027161,0
True,2.75626299822917,0
True,2.14473115456481,0
True,2.08245583786247,0
True,1.25720988076092,0
True,1.51286818244278,0
True,2.98578385232981,0
True,1.08528906487784,0
True,1.08744893557847,0
True,1.16284747273974,0
True,1.43216005973189,0
True,2.10866447416159,0
True,1.68545264483585,0
True,2.33928253807662,0
True,1.65577208735642,0
True,2.89100842727978,0
True,2.63025154059965,0
True,3.00646614163746,0
True,1.439095959092,0
True,1.33138182932626,0
True,1.67805231816771,0
True,1.31101226863088,0
True,1.26201788398417,0
True,2.1766055070679,0
True,2.16103722713426,0
True,1.40532959368669,0
True,3.31417677961555,0
True,1.79782207156154,0
True,3.43929397101744,0
True,1.98904535645191,0
True,1.49952287349763,0
True,2.66086502532485,0
True,3.11449300286445,0
True,1.71497392698275,0
True,1.50414723043865,0
True,1.31774741750664,0
True,0.955148527875841,0
True,0.982634675619451,0
True,3.68576913489516,0
True,2.52004058448711,0
True,0.67222224593193,0
True,2.1575756930052,0
True,2.97016592641534,0
True,1.55644086957209,0
True,1.44421233507016,0
True,1.76718881490305,0
True,1.43746401338791,0
True,1.78365136445057,0
True,3.58966462216621,0
True,3.80639648198232,0
True,2.40231509242354,0
True,1.09270924967938,0
True,2.03181719754065,0
True,1.32700541541723,0
True,3.40714723769975,0
True,3.06245658134337,0
True,1.12687613873935,0
True,3.84669293492682,0
True,1.70907684890684,0
True,1.21951427732286,0
True,2.3230120298824,0
True,2.00458072889405,0
True,2.41972990660214,0
True,1.92136667765314,0
True,2.34709121720854,0
True,4.40436946464891,0
True,1.01649005872477,0
True,1.10729998926892,0
True,0.89390795942924,0
True,1.96662106659272,0
True,2.50673766631342,0
True,2.64028879962015,0
True,0.744782881830209,0
True,2.3973297270306,0
True,2.76048912343712,0
True,1.6294086514955,0
True,1.02391223605048,0
True,1.4716358341701,0
True,1.2854138034583,0
True,0.681179076563161,0
True,0.965463323568339,0
True,1.66843376432769,0
True,1.92246886373936,0
True,1.39007782302107,0
True,0.89752568291609,0
True,3.19781183964354,0
True,2.76793299712426,0
True,2.63468435122782,0
True,1.58817016132871,0
True,2.94504080623051,0
True,2.31644376556002,0
True,2.2044248535673,0
True,1.69768789272112,0
True,2.68684387871319,0
True,1.27918911055493,0
True,1.68201042230144,0
True,1.62683028548513,0
True,0.941972749012939,0
True,2.21850254933386,0
True,2.51692160346535,0
True,2.33128903516183,0
True,2.47542112191144,0
True,1.87922417929798,0
True,3.10737494209343,0
True,1.60900859537698,0
True,1.693421622503,0
True,1.28921386052671,0
True,1.6272448784336,0
True,3.06821702315315,0
True,3.86491042488989,0
True,1.91266481083547,0
True,2.15540745565941,0
True,2.53801445223119,0
True,2.81926330536579,0
True,0.987877805694325,0
True,1.57279137297034,0
True,1.1787667059077,0
True,1.58569266642081,0
True,0.823466247559413,0
True,1.32534444097195,0
True,1.50241393058262,0
True,1.51423022794827,0
True,2.06054977969484,0
True,1.09815061324444,0
True,1.70593050836311,0
True,2.67167396724466,0
True,1.76666422121266,0
True,1.03722161931037,0
True,2.61618353741944,0
True,0.932609879778485,0
True,1.4622780148926,0
True,2.20328329752471,0
True,1.92232794634421,0
True,2.78115065306921,0
True,2.24870546100327,0
True,1.71026692687336,0
True,2.49180777224498,0
True,1.98272852348726,0
True,0.85771295455894,0
True,1.73905621674596,0
True,2.0483982270304,0
True,1.80920813087922,0
True,1.07279875761716,0
True,1.45366826573508,0
True,1.00774040532805,0
True,1.67669676437313,0
True,1.18400435420414,0
True,0.891071893315453,0
True,1.54925817247908,0
True,1.23238164815872,0
True,1.9637052307623,0
True,1.51507678657126,0
True,2.06468991688288,0
True,0.661614308117031,0
True,1.36299823461044,0
True,3.16434435600262,0
True,2.86253020540414,0
True,1.67976515009856,0
True,0.92124122003605,0
True,1.25009539148406,0
True,1.62431464481004,0
True,2.30451412369404,0
True,2.70508138194542,0
True,2.05108117471857,0
True,1.23989044560739,0
True,1.89631775274929,0
True,1.99437377625772,0
True,2.97082902893828,0
True,1.05067893623986,0
True,1.69770634951585,0
True,2.40910816109887,0
True,2.01481028556647,0
True,1.41058435879177,0
True,0.73237202168635,0
True,1.71245913738013,0
True,1.06256205887947,0
True,2.86733925344391,0
True,2.81450600448873,0
True,1.6267830555061,0
True,2.95081729852683,0
True,2.95593476478221,0
True,2.67426228723245,0
True,1.20205942670664,0
True,1.94059641045824,0
True,1.42673820055103,0
True,1.23477473455883,0
True,0.92499572624538,0
True,4.01504626222176,0
True,0.958231778660547,0
True,3.43078480041869,0
True,2.64183172671916,0
True,2.45404305272105,0
True,2.20548403363367,0
True,2.52236263647462,0
True,1.58404170971534,0
True,3.85716999837471,0
True,1.72919039081136,0
True,1.24078315268915,0
True,2.34297776942373,0
True,0.849015998663965,0
True,2.03701159514598,0
True,2.63248010032705,0
True,1.9963294767665,0
True,1.06245614608993,0
True,0.891065448670413,0
True,2.99835567773473,0
True,2.44292499775668,0
True,2.5951377436864,0
True,2.74235154871304,0
True,1.48952378812672,0
True,1.72246004320987,0
True,2.5279834883255,0
True,2.27439215408782,0
True,3.12252312914185,0
True,1.8161089796194,0
True,1.89495457491991,0
True,2.06727923727533,0
True,1.10973602950501,0
True,0.933830983943463,0
True,2.32591856343017,0
True,1.510369049692,0
True,1.24872258597268,0
True,1.69009081516226,0
True,1.20646685350548,0
True,1.32865231867835,0
True,1.27669117403444,0
True,0.835972997889309,0
True,1.54009852625665,0
True,2.63011480604788,0
True,2.02560039500898,0
True,2.45856495129768,0
True,2.98213032496125,0
True,1.75539591323972,0
True,3.13291090237276,0
True,2.38761403734817,0
True,0.989238051575261,0
True,1.51631150234345,0
True,0.793796145921017,0
True,0.793786149189983,0
True,3.36109563664594,0
True,1.80923333712791,0
True,1.60861843348888,0
True,1.58683328620157,0
True,1.85938979292342,0
True,3.1449668979839,0
True,1.39515863390087,0
True,2.22404794406172,0
True,1.39831423254995,0
True,2.10175729370854,0
True,1.91213359889456,0
True,1.46663473763857,0
True,2.87913178597656,0
True,1.23595601228398,0
True,2.63948715193931,0
True,1.39313383387175,0
True,1.21593199959164,0
True,1.33830921829631,0
True,1.68167293922476,0
True,1.33700422680635,0
True,1.77094558245186,0
True,3.94661057106765,0
True,2.79642560600734,0
True,2.51307728415098,0
True,2.81321402989076,0
True,2.2250864580704,0
True,1.78633318605134,0
True,1.29628513463581,0
True,0.809526880636112,0
True,1.53055651947997,0
True,2.26077213288853,0
True,1.65968950086541,0
True,2.52394295820922,0
True,1.46491241135246,0
True,2.36994310106045,0
True,0.636208847052036,0
True,1.55627117199717,0
True,2.65264473547132,0
True,1.59903583980299,0
True,1.60433954619396,0
True,1.66894542711944,0
True,2.91368386755207,0
True,1.81789748231515,0
True,2.30316449701116,0
True,1.64030755493074,0
True,1.29217588372184,0
True,2.18125165388071,0
True,1.952347456187,0
True,1.74663170107751,0
True,2.2119622590258,0
True,2.19117058731339,0
True,0.592087345617106,0
True,1.16362300346932,0
True,0.860636095103715,0
True,2.37853263066535,0
True,2.73029477052887,0
True,2.32237370651016,0
True,1.05352808634678,0
True,2.05067666894648,0
True,4.10463383382545,0
True,2.13510627817572,0
True,1.50328905433029,0
True,1.7171824034741,0
True,0.936176823905041,0
True,1.35577229917205,0
True,1.86219380934882,0
True,0.592263124077206,0
True,2.62948700406983,0
True,1.35678079889442,0
True,2.07900089708272,0
True,1.3670672392878,0
True,1.26169688668374,0
True,2.80378413149787,0
True,1.2413969436262,0
True,1.56310252337435,0
True,0.845667704088886,0
True,1.96958216456561,0
True,0.990365576704806,0
True,1.63895472567023,0
True,2.03579421702687,0
True,2.16519764661982,0
True,1.84717236238221,0
True,2.53451228195619,0
True,1.67647384878004,0
True,1.04128168681341,0
True,1.30532042841064,0
True,2.39660846576995,0
True,1.40330291668679,0
True,1.6943825060512,0
True,2.45846720844233,0
True,3.32666197493275,0
True,4.23647363637614,0
True,1.84701586072425,0
True,2.56606212593172,0
True,1.23897180620332,0
True,0.705741569643575,0
True,1.77235401806136,0
True,1.12910725245266,0
True,1.51321702562533,0
True,3.29073842384994,0
True,1.43688444977235,0
True,0.906811442458145,0
True,2.6677677260527,0
True,1.5232459906246,0
True,1.80541805718693,0
True,2.4481503300911,0
True,2.91884263488109,0
True,1.06894085021049,0
True,3.28903349372123,0
True,1.24960530745138,0
True,2.47572887895298,0
True,1.03102670164781,0
True,1.30197675257661,0
True,0.919795044676452,0
True,1.48517570114107,0
True,2.74384174332471,0
True,2.64432624921587,0
True,1.48798492272028,0
True,2.88075679416145,0
True,1.48115060682484,0
True,2.44611657934431,0
True,2.0514200007466,0
True,1.22099181184879,0
True,0.708271442919374,0
True,1.98657771978736,0
True,1.08994296611235,0
True,1.43800209866301,0
True,3.60903449726689,0
True,3.41454959220858,0
True,3.47163699285943,0
True,2.01384199683277,0
True,1.4063246212263,0
True,1.21540123502386,0
True,1.4171233752591,0
True,3.01164310282129,0
True,1.42121621689688,0
True,1.49799805656596,0
True,0.927945395668037,0
True,1.94271922557135,0
True,2.76490766733049,0
True,2.64197141335568,0
True,1.55787195652826,0
True,0.719810715090608,0
True,1.38557667034519,0
True,4.47769285873772,0
True,2.58076646623443,0
True,1.45662142865656,0
True,1.39304317119996,0
True,1.83144007615144,0
True,0.621515946900363,0
True,2.21527322684165,0
True,1.79685637179307,0
True,1.5164584755559,0
True,2.50024034505449,0
True,1.07157545991698,0
True,2.36986078152617,0
True,3.76959576185215,0
True,1.7001561506151,0
True,3.12278826305608,0
True,1.29913401040458,0
True,3.42039240406715,0
True,2.5743344425721,0
True,3.81914454757916,0
True,2.62500860734907,0
True,2.80865078494971,0
True,1.28058969350124,0
True,1.81015494501199,0
True,1.31507505297022,0
True,1.94925873697756,0
True,1.32149220048872,0
True,1.07449795198102,0
True,1.93803180113533,0
True,1.25461316369255,0
True,1.85872443284694,0
True,1.1071785809399,0
True,1.74019147318505,0
True,2.63185913141293,0
True,2.00096142234452,0
True,1.90155342745824,0
True,1.23500721251286,0
True,3.05583517155711,0
True,1.99720683857356,0
True,0.930516859281386,0
True,2.3165421436922,0
True,1.24468581974913,0
True,1.11618775573172,0
True,2.43288291998719,0
True,1.26938581944355,0
True,1.19314494086358,0
True,0.978241096988233,0
True,1.42470065518981,0
True,2.23700766626692,0
True,1.02049359408696,0
True,2.3119128709022,0
True,1.63116189051377,0
True,1.52837239278184,0
True,1.43162162288282,0
True,1.17013017558628,0
True,2.28535704874881,0
True,1.46851535542548,0
True,1.58489278195036,0
True,2.06573842764402,0
True,0.966185960602185,0
True,1.61746832987733,0
True,2.73490310178064,0
True,3.94183022251893,0
True,2.00482162478616,0
True,1.48939932669384,0
True,3.00850160807913,0
True,1.45758461656084,0
True,2.48194507474294,0
True,1.14857721948674,0
True,3.20207230078683,0
True,2.13761171645491,0
True,2.33364114299173,0
True,3.33951308504517,0
False,1.84746744187385,0.000145937609125976
True,1.99939982399091,0
True,0.673864645766072,0
True,1.4939382738549,0
True,2.09802596672115,0
True,2.04033653157915,0
True,1.36673057848635,0
True,1.74341922761077,0
True,1.84074355135399,0
True,1.50137532202555,0
True,2.51613876842439,0
True,1.08044124719808,0
True,1.17637182660126,0
True,1.60829470768623,0
True,0.954807578008846,0
True,3.56211986886415,0
True,3.14863218820429,0
True,1.10451720350436,0
True,1.268258884127,0
True,3.16372809098758,0
True,3.10561769596252,0
True,4.01933352525939,0
True,1.67211713650266,0
True,1.07859981893504,0
True,3.23232044649125,0
True,1.54430663428407,0
True,2.37670306433306,0
True,1.90566195649138,0
True,1.16164376690873,0
True,1.4642393508843,0
True,1.672293467094,0
True,0.792901075546809,0
True,3.21735328249432,0
True,1.02980714079207,0
True,1.3323220220967,0
True,2.53534391120544,0
True,1.55842178849022,0
True,1.38643387388978,0
True,1.14680391621884,0
True,1.11610314873086,0
True,1.92806109079133,0
True,2.15217066740463,0
True,1.63041320905971,0
True,3.52535905856245,0
True,1.78597411535561,0
True,1.51979408690872,0
True,0.794524413420488,0
True,2.13906071454094,0
True,1.13014436526397,0
True,2.18565898343124,0
True,2.47741046940296,0
True,3.37092627425518,0
True,1.59180154509802,0
True,2.35370319469803,0
True,1.82051589993739,0
True,1.30664038821618,0
True,1.39192979905338,0
True,2.12065076647753,0
True,3.82720380900542,0
True,2.79068940689496,0
True,2.81118424623816,0
True,2.26198330956318,0
True,2.05889624829416,0
True,1.39584249837911,0
True,1.01663098056427,0
True,2.58974703392673,0
True,1.44078644719649,0
True,1.4291136347325,0
True,1.27521027696688,0
True,1.65581260066604,0
True,2.97926155530145,0
True,3.82824536156181,0
True,2.83676676240502,0
True,2.60721305770965,0
True,1.76877747746807,0
True,1.24613616811967,0
True,1.71483912834493,0
True,1.91880416373833,0
True,1.78494482570793,0
True,1.50003419106513,0
True,1.37359929677798,0
True,2.27000350414622,0
True,2.45664393002861,0
True,1.17300541383035,0
True,1.54033699376534,0
True,2.84912892995952,0
True,1.94973978193691,0
True,1.95283866536251,0
True,3.69787865153653,0
True,0.959496370174682,0
True,3.20001841073911,0
True,1.92258128499235,0
True,1.09364477956129,0
True,2.02462729505966,0
True,1.41378780046122,0
True,3.18057813282347,0
True,0.816157964534214,0
True,2.99158480468193,0
True,3.5896000585996,0
True,1.63941320151631,0
True,1.90169989071655,0
True,1.00010431772075,0
True,1.81040716916061,0
True,1.96555999757107,0
True,1.11365905658316,0
True,1.33493735607999,0
True,2.05813559516136,0
True,2.27186669999916,0
True,1.93979346836706,0
True,1.73749709767872,0
True,1.85226240693195,0
True,2.14537447006925,0
True,2.63769417910715,0
True,3.30612879725628,0
True,1.43832185720526,0
True,2.93874539005436,0
True,2.36076598250477,0
True,4.16234115741284,0
True,2.08514974583914,0
True,2.14054202661752,0
True,1.50228820238699,0
True,1.74394660102291,0
True,2.43303857636985,0
True,3.53413617794941,0
True,2.96052012541696,0
True,1.08023300274473,0
True,2.9821241357411,0
True,0.791350557828223,0
True,1.38631348610802,0
True,1.26156282958429,0
True,0.7469188301855,0
True,2.82109219337064,0
True,2.99697445970507,0
True,2.79676874900766,0
True,1.68422453978676,0
True,1.39422184712437,0
True,4.00524730234406,0
True,0.837381673905192,0
True,2.85763066493906,0
True,1.44370887678978,0
True,3.51247908309855,0
True,1.5500232030845,0
True,2.30864315446133,0
True,1.22827579222949,0
True,1.50323100143431,0
True,2.34798219975239,0
True,1.94670639899858,0
True,1.44154478215294,0
True,1.34875380954956,0
True,1.71546048113291,0
True,1.35779113011338,0
True,1.41473676358803,0
True,2.44376192205434,0
True,1.80567682379591,0
True,1.42299379967383,0
True,1.64607083853775,0
True,1.44882691379064,0
True,1.05777849350836,0
True,1.61433135166696,0
True,1.79686004858965,0
True,3.94626804927902,0
True,1.43564132084851,0
True,1.77694501261661,0
True,0.99269497616518,0
True,0.98171917699395,0
True,1.11014517789013,0
True,0.722589202122271,0
True,2.09346073269233,0
True,1.06465195431659,0
True,1.41580163289356,0
True,1.84120067668313,0
True,0.924254397539112,0
True,3.44065169541132,0
True,2.7178495475879,0
True,1.29622110983645,0
True,1.30988258120474,0
True,1.03221039230687,0
True,1.28006047483139,0
True,1.38553028248395,0
True,1.45513643561934,0
True,1.42340722417527,0
True,1.98995337289573,0
True,2.76348800832517,0
True,3.58365950296094,0
True,4.00291053168902,0
True,2.60814741266717,0
True,1.55153026754301,0
True,1.93172974802523,0
True,2.02620504173858,0
True,3.28314211749603,0
True,2.74116138044403,0
True,0.919525032171019,0
True,1.28337809301526,0
True,1.08044995217619,0
True,2.84739063450193,0
True,1.39962639745907,0
True,2.87094245450877,0
True,3.26969187541538,0
True,1.77869032675334,0
True,2.03202974407582,0
True,2.49121417753033,0
True,1.64279784753967,0
True,1.49835424117332,0
True,1.79475718632313,0
True,1.31691943988625,0
True,2.75800820157576,0
True,0.833435376694427,0
True,1.01052211166223,0
True,1.35800637505754,0
True,1.56134099822488,0
True,3.79685202851122,0
True,2.88762298186426,0
True,1.77471451745411,0
True,2.39722623856256,0
True,2.74568383625199,0
True,2.27345950855302,0
True,1.38912952983521,0
True,1.60878127378696,0
True,1.5967589826002,0
True,0.766196265212684,0
True,2.14369052151277,0
True,2.64811299784937,0
True,2.45743530393041,0
True,1.76384343507016,0
True,2.16163952208841,0
True,2.42355081262956,0
True,2.90736850231332,0
True,3.29216807470896,0
True,2.0101933658338,0
True,2.50518337235845,0
True,1.55566860801714,0
True,2.09945419433586,0
True,2.16693934073073,0
True,1.43265044818938,0
True,0.923344557349528,0
True,0.492493344598367,0
True,2.00667884953752,0
True,1.28173184372762,0
True,1.48811731314873,0
True,1.16321309820457,0
True,1.07361296319399,0
True,4.00306036930807,0
True,2.5053833781935,0
True,1.13775779287026,0
True,1.26611395865239,0
True,1.227785970758,0
True,0.908593086542666,0
True,0.918323707928992,0
True,1.61820183512958,0
True,2.12674880634737,0
True,1.50612767266276,0
True,3.69515127921493,0
True,2.75727435077234,0
True,1.47600477126084,0
True,2.13106524157139,0
True,1.16018195953898,0
True,2.57982649536003,0
True,0.945701981728061,0
True,0.898279229513413,0
True,1.22448804193341,0
True,3.15600806868295,0
True,0.991696785149155,0
True,1.88998597788102,0
True,1.98525703065748,0
True,4.10861304909196,0
True,4.13477054112558,0
True,0.965552517546184,0
True,2.33261471879817,0
True,0.871299734086782,0
True,2.25004204985183,0
True,2.10518204293464,0
True,2.94662959937026,0
True,1.86098190167602,0
True,2.17028429489461,0
True,1.64181905462871,0
True,0.754035690970903,0
True,0.630211548537445,0
True,0.884706797533885,0
True,1.7966962770776,0
True,1.92928145798968,0
True,1.45241265079079,0
True,2.26710821813172,0
True,3.50054558179474,0
True,2.14791156258472,0
True,3.17362477022346,0
True,0.80479678401472,0
True,1.11651466178934,0
True,2.01191327623137,0
True,1.46334054789623,0
True,2.03014837006374,0
True,1.50835109043228,0
True,1.40699909466791,0
True,1.14602842324516,0
True,1.59493231781094,0
True,1.3549078987887,0
True,2.62362193806242,0
True,1.80611615898374,0
True,1.28829264319455,0
True,1.71154366504516,0
True,2.20601623502807,0
True,1.04311226081514,0
True,0.980138856200639,0
True,2.75394059947066,0
True,1.62180997582164,0
True,1.64273766996685,0
True,2.48391574865778,0
True,3.76527878957689,0
True,3.02767764342665,0
True,0.952246532544309,0
True,1.35318660492083,0
True,1.45842541237087,0
True,1.9924737375543,0
True,2.36818985407342,0
True,2.99797234737596,0
True,2.21973015655604,0
True,2.82148334903434,0
True,2.79226348415998,0
True,2.15721839306275,0
True,1.0621667062785,0
True,3.43769455891925,0
True,1.94511024173727,0
True,1.59786352035724,0
True,1.69967723993937,0
True,1.83932660809354,0
True,1.45558519657633,0
True,1.30885628727312,0
True,2.91246028151341,0
True,1.51639765574959,0
True,2.02387987876754,0
True,1.41251024516883,0
True,0.977553798430361,0
True,0.925843868236227,0
True,3.71138688706474,0
True,2.30133829736979,0
True,2.55724871866481,0
True,3.79891486281737,0
True,1.57422809282281,0
True,1.32328873611122,0
True,3.23174414424487,0
True,1.07796435672248,0
True,1.21336244524958,0
True,0.491980894756768,0
True,2.06316675768622,0
True,2.47017165650053,0
True,4.31062049695743,0
True,3.6275018274221,0
True,1.82760520291578,0
True,2.16804385303986,0
True,2.81313793780078,0
True,1.76704532533966,0
True,1.33422271506086,0
True,1.57415381325018,0
True,3.75366988281774,0
True,1.58855961315935,0
True,1.02976972516482,0
True,2.57935949989572,0
True,2.97319435611466,0
True,1.23151648803643,0
True,2.95288110262556,0
True,2.4941337712936,0
True,0.779557617184835,0
True,1.14123075585074,0
True,2.26535420134831,0
True,3.19470930555181,0
True,2.86610186229117,0
True,2.94221338635483,0
True,1.56029385870155,0
True,1.11181505699096,0
True,2.08929907672699,0
True,0.879532214981478,0
True,3.07768282572371,0
True,4.45093823137882,0
True,2.50863063767622,0
True,1.31467126027994,0
True,3.30413137117158,0
True,2.80227583444767,0
True,2.3109228294098,0
True,0.920929629521106,0
True,1.30015151379184,0
True,1.42029865610803,0
True,3.92517506361746,0
True,1.8444559813389,0
True,1.46810768529765,0
True,1.98385776665642,0
True,1.52098757057922,0
True,2.51116656534126,0
True,1.65917538023674,0
True,2.06239717422613,0
True,2.95278067466552,0
True,2.65561674038226,0
True,1.37274652282834,0
True,1.18762188982813,0
True,1.7199173527266,0
True,3.47154553217055,0
True,1.97551447590109,0
True,0.80786018226225,0
True,1.01147346055415,0
True,1.61242906131031,0
True,3.75183198450981,0
True,1.59474729004943,0
True,0.804736902307557,0
True,1.47340495999311,0
True,1.71612148828522,0
True,3.32372623489057,0
True,3.42504666731075,0
True,1.6447105977026,0
True,3.3827463557623,0
True,0.974447779493451,0
True,1.85200195827027,0
True,1.5302209290448,0
True,2.57999690793722,0
True,1.48349127665187,0
True,1.66610814463432,0
True,2.07561166495757,0
True,2.79063760241839,0
True,1.06184177838673,0
True,2.06606167956664,0
True,0.752595487504966,0
True,2.36779154308952,0
True,1.60571479670498,0
True,0.814425132895192,0
True,1.40953430015382,0
True,1.08602687315599,0
True,3.62321384200243,0
True,1.25516347250007,0
True,1.60928929120822,0
True,1.57807732630459,0
True,1.56228318318102,0
True,2.24176769634132,0
True,1.78207206490451,0
True,2.11930740867695,0
True,1.86770785266174,0
True,0.869560978249232,0
True,3.51081846724804,0
True,1.18695754137595,0
False,2.05832372452793,0.00050507081208026
True,1.11847181138034,0
True,0.971743920907215,0
True,1.64531268569086,0
True,2.94978657819128,0
False,2.85688288740179,0.000673197575051475
True,0.876105140343308,0
True,2.1104719607807,0